0 4 114200
0 2 48600
1 2 894490
1 5 947590
1 3 209060
2 1 894490
2 0 48600
2 4 1051110
3 4 328320
3 1 209060
3 5 99200
4 0 114200
4 3 328320
4 2 1051110
4 11 1534310
5 1 947590
5 3 99200
5 7 326460
5 6 753860
6 8 166330
6 7 343430
6 5 753860
6 11 211710
6 16 720950
7 6 343430
7 21 648420
7 5 326460
8 6 166330
8 10 79500
8 15 129450
9 12 111510
9 10 105800
10 15 1377010
10 8 79500
10 11 1440780
10 9 105800
11 4 1534310
11 6 211710
11 10 1440780
12 9 111510
12 14 477360
12 13 158170
12 15 492380
13 12 158170
13 15 1017960
13 17 989670
13 16 352510
14 17 387920
14 12 477360
15 10 1377010
15 13 1017960
15 12 492380
15 8 129450
16 23 749990
16 20 243450
16 6 720950
16 13 352510
17 14 387920
17 13 989670
17 19 69670
17 25 1153290
18 22 42290
18 25 1354820
18 19 46860
19 17 69670
19 18 46860
19 22 34910
20 16 243450
20 25 638710
20 23 458270
21 24 426230
21 23 311690
21 7 648420
22 18 42290
22 19 34910
23 21 311690
23 24 538480
23 16 749990
23 20 458270
24 21 426230
24 23 538480
25 20 638710
25 18 1354820
25 17 1153290
