0 4 568900
0 2 148450
1 2 2513030
1 5 3318310
1 3 681310
2 1 2513030
2 0 148450
2 4 2925190
3 4 829940
3 1 681310
3 5 248780
4 0 568900
4 3 829940
4 2 2925190
4 11 4463880
5 1 3318310
5 3 248780
5 7 1809970
5 6 2131530
6 8 1208070
6 7 1570660
6 5 2131530
6 11 477940
6 16 2047090
7 6 1570660
7 21 3153800
7 5 1809970
8 6 1208070
8 10 210920
8 15 1366470
9 12 370870
9 10 299010
10 15 4045100
10 8 210920
10 11 4282160
10 9 299010
11 4 4463880
11 6 477940
11 10 4282160
12 9 370870
12 14 995360
12 13 284020
12 15 2159540
13 12 284020
13 15 3526020
13 17 3113160
13 16 846620
14 17 834660
14 12 995360
15 10 4045100
15 13 3526020
15 12 2159540
15 8 1366470
16 23 1740600
16 20 1095570
16 6 2047090
16 13 846620
17 14 834660
17 13 3113160
17 19 284570
17 25 3472830
18 22 268340
18 25 5639230
18 19 142120
19 17 284570
19 18 142120
19 22 145000
20 16 1095570
20 25 3853190
20 23 3049440
21 24 1115340
21 23 1875700
21 7 3153800
22 18 268340
22 19 145000
23 21 1875700
23 24 1553310
23 16 1740600
23 20 3049440
24 21 1115340
24 23 1553310
25 20 3853190
25 18 5639230
25 17 3472830
