0 4 887760
0 2 351610
1 2 4467260
1 5 6498250
1 3 1120100
2 1 4467260
2 0 351610
2 4 4715830
3 4 1325870
3 1 1120100
3 5 130050
4 0 887760
4 3 1325870
4 2 4715830
4 11 7436550
5 1 6498250
5 3 130050
5 7 2460540
5 6 4908400
6 8 1527940
6 7 2015140
6 5 4908400
6 11 940530
6 16 4459590
7 6 2015140
7 21 4079990
7 5 2460540
8 6 1527940
8 10 473560
8 15 1062110
9 12 734250
9 10 265090
10 15 6789310
10 8 473560
10 11 7118700
10 9 265090
11 4 7436550
11 6 940530
11 10 7118700
12 9 734250
12 14 2002810
12 13 2806470
12 15 2600560
13 12 2806470
13 15 5619870
13 17 4883790
13 16 4351700
14 17 1939040
14 12 2002810
15 10 6789310
15 13 5619870
15 12 2600560
15 8 1062110
16 23 5852000
16 20 3285510
16 6 4459590
16 13 4351700
17 14 1939040
17 13 4883790
17 19 852100
17 25 5713570
18 22 599880
18 25 9550320
18 19 359560
19 17 852100
19 18 359560
19 22 396710
20 16 3285510
20 25 5763370
20 23 3048070
21 24 2177240
21 23 1739620
21 7 4079990
22 18 599880
22 19 396710
23 21 1739620
23 24 3416340
23 16 5852000
23 20 3048070
24 21 2177240
24 23 3416340
25 20 5763370
25 18 9550320
25 17 5713570
