0 4 480930
0 2 113210
1 2 2434720
1 5 3342720
1 3 354880
2 1 2434720
2 0 113210
2 4 2268650
3 4 426600
3 1 354880
3 5 171010
4 0 480930
4 3 426600
4 2 2268650
4 11 3287930
5 1 3342720
5 3 171010
5 7 1693370
5 6 2024870
6 8 1246590
6 7 1485490
6 5 2024870
6 11 438260
6 16 1762580
7 6 1485490
7 21 2250850
7 5 1693370
8 6 1246590
8 10 159800
8 15 1287070
9 12 301890
9 10 202250
10 15 2965400
10 8 159800
10 11 3096970
10 9 202250
11 4 3287930
11 6 438260
11 10 3096970
12 9 301890
12 14 1118890
12 13 660190
12 15 1566130
13 12 660190
13 15 2743890
13 17 2449310
13 16 1173960
14 17 975040
14 12 1118890
15 10 2965400
15 13 2743890
15 12 1566130
15 8 1287070
16 23 1831850
16 20 1171630
16 6 1762580
16 13 1173960
17 14 975040
17 13 2449310
17 19 336440
17 25 2992630
18 22 331100
18 25 4519200
18 19 157550
19 17 336440
19 18 157550
19 22 226370
20 16 1171630
20 25 2909620
20 23 1958460
21 24 1046320
21 23 1320570
21 7 2250850
22 18 331100
22 19 226370
23 21 1320570
23 24 1182690
23 16 1831850
23 20 1958460
24 21 1046320
24 23 1182690
25 20 2909620
25 18 4519200
25 17 2992630
