0 4 535970
0 2 54570
1 2 3006780
1 5 4164730
1 3 948190
2 1 3006780
2 0 54570
2 4 3194260
3 4 990280
3 1 948190
3 5 154400
4 0 535970
4 3 990280
4 2 3194260
4 11 5220860
5 1 4164730
5 3 154400
5 7 2286980
5 6 2430140
6 8 918120
6 7 1261030
6 5 2430140
6 11 584330
6 16 2435220
7 6 1261030
7 21 2460470
7 5 2286980
8 6 918120
8 10 285700
8 15 1034120
9 12 220380
9 10 254890
10 15 5017910
10 8 285700
10 11 4931430
10 9 254890
11 4 5220860
11 6 584330
11 10 4931430
12 9 220380
12 14 1319300
12 13 1264930
12 15 1805280
13 12 1264930
13 15 4327690
13 17 3853570
13 16 1916520
14 17 1148860
14 12 1319300
15 10 5017910
15 13 4327690
15 12 1805280
15 8 1034120
16 23 2645490
16 20 1581440
16 6 2435220
16 13 1916520
17 14 1148860
17 13 3853570
17 19 532610
17 25 4127470
18 22 229300
18 25 6316330
18 19 548900
19 17 532610
19 18 548900
19 22 258340
20 16 1581440
20 25 3175200
20 23 1691490
21 24 1616340
21 23 947100
21 7 2460470
22 18 229300
22 19 258340
23 21 947100
23 24 1435110
23 16 2645490
23 20 1691490
24 21 1616340
24 23 1435110
25 20 3175200
25 18 6316330
25 17 4127470
