0 4 128140
0 2 94860
1 2 794570
1 5 1383280
1 3 76450
2 1 794570
2 0 94860
2 4 650280
3 4 103550
3 1 76450
3 5 41240
4 0 128140
4 3 103550
4 2 650280
4 11 978210
5 1 1383280
5 3 41240
5 7 758780
5 6 764980
6 8 124650
6 7 159690
6 5 764980
6 11 149020
6 16 706040
7 6 159690
7 21 736560
7 5 758780
8 6 124650
8 10 12810
8 15 120480
9 12 72940
9 10 22020
10 15 922380
10 8 12810
10 11 840570
10 9 22020
11 4 978210
11 6 149020
11 10 840570
12 9 72940
12 14 461230
12 13 83850
12 15 300980
13 12 83850
13 15 726240
13 17 760810
13 16 254990
14 17 483650
14 12 461230
15 10 922380
15 13 726240
15 12 300980
15 8 120480
16 23 473920
16 20 449090
16 6 706040
16 13 254990
17 14 483650
17 13 760810
17 19 148890
17 25 936220
18 22 104710
18 25 1146050
18 19 90360
19 17 148890
19 18 90360
19 22 113220
20 16 449090
20 25 1051380
20 23 664620
21 24 370040
21 23 332790
21 7 736560
22 18 104710
22 19 113220
23 21 332790
23 24 280580
23 16 473920
23 20 664620
24 21 370040
24 23 280580
25 20 1051380
25 18 1146050
25 17 936220
