0 4 529620
0 2 133840
1 2 3013600
1 5 4626320
1 3 766970
2 1 3013600
2 0 133840
2 4 3013750
3 4 761390
3 1 766970
3 5 171200
4 0 529620
4 3 761390
4 2 3013750
4 11 4653730
5 1 4626320
5 3 171200
5 7 2149030
5 6 3145610
6 8 1111750
6 7 1556550
6 5 3145610
6 11 742970
6 16 3139020
7 6 1556550
7 21 3052190
7 5 2149030
8 6 1111750
8 10 172750
8 15 1228330
9 12 390760
9 10 198680
10 15 4155940
10 8 172750
10 11 4240160
10 9 198680
11 4 4653730
11 6 742970
11 10 4240160
12 9 390760
12 14 1210970
12 13 1176350
12 15 2069880
13 12 1176350
13 15 3664210
13 17 3205600
13 16 1893820
14 17 854650
14 12 1210970
15 10 4155940
15 13 3664210
15 12 2069880
15 8 1228330
16 23 3160650
16 20 1909350
16 6 3139020
16 13 1893820
17 14 854650
17 13 3205600
17 19 348940
17 25 3510220
18 22 380060
18 25 6670350
18 19 233550
19 17 348940
19 18 233550
19 22 83500
20 16 1909350
20 25 4055310
20 23 2402350
21 24 1461000
21 23 1537920
21 7 3052190
22 18 380060
22 19 83500
23 21 1537920
23 24 1732510
23 16 3160650
23 20 2402350
24 21 1461000
24 23 1732510
25 20 4055310
25 18 6670350
25 17 3510220
