0 4 338130
0 2 98220
1 2 1565040
1 5 2472780
1 3 375160
2 1 1565040
2 0 98220
2 4 1934860
3 4 322080
3 1 375160
3 5 106870
4 0 338130
4 3 322080
4 2 1934860
4 11 2664130
5 1 2472780
5 3 106870
5 7 1038830
5 6 1743820
6 8 463130
6 7 762410
6 5 1743820
6 11 383480
6 16 1674440
7 6 762410
7 21 2311220
7 5 1038830
8 6 463130
8 10 228240
8 15 488640
9 12 213510
9 10 155860
10 15 2624390
10 8 228240
10 11 2514770
10 9 155860
11 4 2664130
11 6 383480
11 10 2514770
12 9 213510
12 14 517750
12 13 454180
12 15 1123250
13 12 454180
13 15 2308320
13 17 1744810
13 16 1014410
14 17 403400
14 12 517750
15 10 2624390
15 13 2308320
15 12 1123250
15 8 488640
16 23 1932820
16 20 708540
16 6 1674440
16 13 1014410
17 14 403400
17 13 1744810
17 19 227090
17 25 1702570
18 22 244120
18 25 3901100
18 19 130820
19 17 227090
19 18 130820
19 22 161710
20 16 708540
20 25 3357180
20 23 2508270
21 24 852490
21 23 1550210
21 7 2311220
22 18 244120
22 19 161710
23 21 1550210
23 24 1269470
23 16 1932820
23 20 2508270
24 21 852490
24 23 1269470
25 20 3357180
25 18 3901100
25 17 1702570
