0 4 476790
0 2 169920
1 2 2551150
1 5 3024460
1 3 688420
2 1 2551150
2 0 169920
2 4 2707110
3 4 928330
3 1 688420
3 5 147320
4 0 476790
4 3 928330
4 2 2707110
4 11 4411200
5 1 3024460
5 3 147320
5 7 1661260
5 6 1907250
6 8 815470
6 7 1112030
6 5 1907250
6 11 447760
6 16 1763940
7 6 1112030
7 21 2534660
7 5 1661260
8 6 815470
8 10 296910
8 15 1018060
9 12 351750
9 10 306970
10 15 3726760
10 8 296910
10 11 4103670
10 9 306970
11 4 4411200
11 6 447760
11 10 4103670
12 9 351750
12 14 1307180
12 13 1025100
12 15 1435190
13 12 1025100
13 15 3349290
13 17 3429610
13 16 1680590
14 17 1334790
14 12 1307180
15 10 3726760
15 13 3349290
15 12 1435190
15 8 1018060
16 23 2361170
16 20 1083740
16 6 1763940
16 13 1680590
17 14 1334790
17 13 3429610
17 19 570720
17 25 3742490
18 22 328670
18 25 5327540
18 19 425150
19 17 570720
19 18 425150
19 22 434770
20 16 1083740
20 25 3327340
20 23 2460230
21 24 1349350
21 23 1224160
21 7 2534660
22 18 328670
22 19 434770
23 21 1224160
23 24 1378480
23 16 2361170
23 20 2460230
24 21 1349350
24 23 1378480
25 20 3327340
25 18 5327540
25 17 3742490
