0 4 137050
0 2 61670
1 2 667690
1 5 788690
1 3 97930
2 1 667690
2 0 61670
2 4 775300
3 4 143780
3 1 97930
3 5 83640
4 0 137050
4 3 143780
4 2 775300
4 11 1234890
5 1 788690
5 3 83640
5 7 420570
5 6 442280
6 8 151640
6 7 350870
6 5 442280
6 11 222050
6 16 361300
7 6 350870
7 21 1008170
7 5 420570
8 6 151640
8 10 96800
8 15 113970
9 12 92270
9 10 81310
10 15 1048890
10 8 96800
10 11 1054520
10 9 81310
11 4 1234890
11 6 222050
11 10 1054520
12 9 92270
12 14 326940
12 13 208310
12 15 273860
13 12 208310
13 15 891310
13 17 926490
13 16 456490
14 17 346810
14 12 326940
15 10 1048890
15 13 891310
15 12 273860
15 8 113970
16 23 604820
16 20 286410
16 6 361300
16 13 456490
17 14 346810
17 13 926490
17 19 74300
17 25 936720
18 22 105220
18 25 1452180
18 19 100050
19 17 74300
19 18 100050
19 22 18770
20 16 286410
20 25 765270
20 23 586840
21 24 515710
21 23 489370
21 7 1008170
22 18 105220
22 19 18770
23 21 489370
23 24 464980
23 16 604820
23 20 586840
24 21 515710
24 23 464980
25 20 765270
25 18 1452180
25 17 936720
