0 4 602230
0 2 161940
1 2 4871310
1 5 6985830
1 3 1039270
2 1 4871310
2 0 161940
2 4 4743480
3 4 1062650
3 1 1039270
3 5 378850
4 0 602230
4 3 1062650
4 2 4743480
4 11 7049840
5 1 6985830
5 3 378850
5 7 2890020
5 6 4729000
6 8 1128550
6 7 1672370
6 5 4729000
6 11 642120
6 16 4671020
7 6 1672370
7 21 5226270
7 5 2890020
8 6 1128550
8 10 279530
8 15 998020
9 12 757260
9 10 343250
10 15 6282580
10 8 279530
10 11 6558490
10 9 343250
11 4 7049840
11 6 642120
11 10 6558490
12 9 757260
12 14 1648050
12 13 1393790
12 15 2225590
13 12 1393790
13 15 5632300
13 17 5261430
13 16 2928550
14 17 1649750
14 12 1648050
15 10 6282580
15 13 5632300
15 12 2225590
15 8 998020
16 23 3790700
16 20 3638860
16 6 4671020
16 13 2928550
17 14 1649750
17 13 5261430
17 19 1029190
17 25 5237770
18 22 422590
18 25 9232260
18 19 411100
19 17 1029190
19 18 411100
19 22 564390
20 16 3638860
20 25 7679650
20 23 4639440
21 24 2292780
21 23 2868240
21 7 5226270
22 18 422590
22 19 564390
23 21 2868240
23 24 3428880
23 16 3790700
23 20 4639440
24 21 2292780
24 23 3428880
25 20 7679650
25 18 9232260
25 17 5237770
