0 4 239510
0 2 52970
1 2 1025650
1 5 1620850
1 3 403060
2 1 1025650
2 0 52970
2 4 1381520
3 4 484160
3 1 403060
3 5 48810
4 0 239510
4 3 484160
4 2 1381520
4 11 2355130
5 1 1620850
5 3 48810
5 7 837690
5 6 927290
6 8 600090
6 7 980230
6 5 927290
6 11 338010
6 16 892220
7 6 980230
7 21 1515210
7 5 837690
8 6 600090
8 10 44930
8 15 543330
9 12 62190
9 10 109860
10 15 2292890
10 8 44930
10 11 2209210
10 9 109860
11 4 2355130
11 6 338010
11 10 2209210
12 9 62190
12 14 546960
12 13 165620
12 15 1107970
13 12 165620
13 15 1729050
13 17 1344840
13 16 638290
14 17 498150
14 12 546960
15 10 2292890
15 13 1729050
15 12 1107970
15 8 543330
16 23 920060
16 20 561770
16 6 892220
16 13 638290
17 14 498150
17 13 1344840
17 19 286790
17 25 1413090
18 22 126710
18 25 2393900
18 19 166980
19 17 286790
19 18 166980
19 22 125020
20 16 561770
20 25 1988960
20 23 1624990
21 24 650610
21 23 916770
21 7 1515210
22 18 126710
22 19 125020
23 21 916770
23 24 709650
23 16 920060
23 20 1624990
24 21 650610
24 23 709650
25 20 1988960
25 18 2393900
25 17 1413090
