0 4 88470
0 2 10640
1 2 529880
1 5 939350
1 3 94690
2 1 529880
2 0 10640
2 4 851820
3 4 117050
3 1 94690
3 5 11000
4 0 88470
4 3 117050
4 2 851820
4 11 1101440
5 1 939350
5 3 11000
5 7 400260
5 6 566970
6 8 202770
6 7 280360
6 5 566970
6 11 61050
6 16 590110
7 6 280360
7 21 674500
7 5 400260
8 6 202770
8 10 40260
8 15 165370
9 12 106680
9 10 30300
10 15 1126640
10 8 40260
10 11 1145250
10 9 30300
11 4 1101440
11 6 61050
11 10 1145250
12 9 106680
12 14 172950
12 13 108940
12 15 431430
13 12 108940
13 15 928770
13 17 847010
13 16 427770
14 17 251990
14 12 172950
15 10 1126640
15 13 928770
15 12 431430
15 8 165370
16 23 633650
16 20 404240
16 6 590110
16 13 427770
17 14 251990
17 13 847010
17 19 103170
17 25 751170
18 22 39740
18 25 1143270
18 19 63020
19 17 103170
19 18 63020
19 22 16710
20 16 404240
20 25 1131120
20 23 843700
21 24 297650
21 23 361830
21 7 674500
22 18 39740
22 19 16710
23 21 361830
23 24 547550
23 16 633650
23 20 843700
24 21 297650
24 23 547550
25 20 1131120
25 18 1143270
25 17 751170
