0 4 120340
0 2 29500
1 2 595190
1 5 737800
1 3 169160
2 1 595190
2 0 29500
2 4 723120
3 4 197000
3 1 169160
3 5 48890
4 0 120340
4 3 197000
4 2 723120
4 11 1058640
5 1 737800
5 3 48890
5 7 554960
5 6 463670
6 8 225720
6 7 133010
6 5 463670
6 11 53600
6 16 428050
7 6 133010
7 21 778270
7 5 554960
8 6 225720
8 10 90480
8 15 173110
9 12 55800
9 10 53790
10 15 891070
10 8 90480
10 11 941870
10 9 53790
11 4 1058640
11 6 53600
11 10 941870
12 9 55800
12 14 757520
12 13 124430
12 15 314840
13 12 124430
13 15 655220
13 17 801770
13 16 349610
14 17 885100
14 12 757520
15 10 891070
15 13 655220
15 12 314840
15 8 173110
16 23 462540
16 20 343490
16 6 428050
16 13 349610
17 14 885100
17 13 801770
17 19 124290
17 25 1349450
18 22 78130
18 25 1963700
18 19 105840
19 17 124290
19 18 105840
19 22 73300
20 16 343490
20 25 1138460
20 23 827610
21 24 295270
21 23 482620
21 7 778270
22 18 78130
22 19 73300
23 21 482620
23 24 478650
23 16 462540
23 20 827610
24 21 295270
24 23 478650
25 20 1138460
25 18 1963700
25 17 1349450
