0 4 69360
0 2 91000
1 2 1289090
1 5 1922010
1 3 716160
2 1 1289090
2 0 91000
2 4 945270
3 4 740180
3 1 716160
3 5 116190
4 0 69360
4 3 740180
4 2 945270
4 11 1935300
5 1 1922010
5 3 116190
5 7 1071060
5 6 966960
6 8 164400
6 7 467420
6 5 966960
6 11 260780
6 16 1023720
7 6 467420
7 21 1593270
7 5 1071060
8 6 164400
8 10 84060
8 15 170110
9 12 155360
9 10 58810
10 15 1521300
10 8 84060
10 11 1716580
10 9 58810
11 4 1935300
11 6 260780
11 10 1716580
12 9 155360
12 14 573840
12 13 279930
12 15 749020
13 12 279930
13 15 1041390
13 17 838000
13 16 461640
14 17 631140
14 12 573840
15 10 1521300
15 13 1041390
15 12 749020
15 8 170110
16 23 1023090
16 20 377270
16 6 1023720
16 13 461640
17 14 631140
17 13 838000
17 19 208780
17 25 1138780
18 22 118190
18 25 2057900
18 19 96320
19 17 208780
19 18 96320
19 22 98050
20 16 377270
20 25 1837580
20 23 1536070
21 24 725300
21 23 775220
21 7 1593270
22 18 118190
22 19 98050
23 21 775220
23 24 598630
23 16 1023090
23 20 1536070
24 21 725300
24 23 598630
25 20 1837580
25 18 2057900
25 17 1138780
