0 4 508590
0 2 210540
1 2 2157210
1 5 4560750
1 3 464490
2 1 2157210
2 0 210540
2 4 3152980
3 4 837890
3 1 464490
3 5 303300
4 0 508590
4 3 837890
4 2 3152980
4 11 4715600
5 1 4560750
5 3 303300
5 7 1699220
5 6 3709470
6 8 1224390
6 7 1291730
6 5 3709470
6 11 415100
6 16 3383980
7 6 1291730
7 21 3115850
7 5 1699220
8 6 1224390
8 10 457250
8 15 965110
9 12 557280
9 10 124250
10 15 4927100
10 8 457250
10 11 4699590
10 9 124250
11 4 4715600
11 6 415100
11 10 4699590
12 9 557280
12 14 1292320
12 13 1267800
12 15 2340480
13 12 1267800
13 15 3870230
13 17 4075280
13 16 2161520
14 17 1316680
14 12 1292320
15 10 4927100
15 13 3870230
15 12 2340480
15 8 965110
16 23 3526050
16 20 1997240
16 6 3383980
16 13 2161520
17 14 1316680
17 13 4075280
17 19 550060
17 25 4154620
18 22 409990
18 25 8062050
18 19 327920
19 17 550060
19 18 327920
19 22 235690
20 16 1997240
20 25 5679840
20 23 3974410
21 24 1270370
21 23 2170870
21 7 3115850
22 18 409990
22 19 235690
23 21 2170870
23 24 2204150
23 16 3526050
23 20 3974410
24 21 1270370
24 23 2204150
25 20 5679840
25 18 8062050
25 17 4154620
