0 4 91720
0 2 35650
1 2 371800
1 5 1012770
1 3 245430
2 1 371800
2 0 35650
2 4 798840
3 4 266310
3 1 245430
3 5 18730
4 0 91720
4 3 266310
4 2 798840
4 11 1217030
5 1 1012770
5 3 18730
5 7 324060
5 6 734920
6 8 144280
6 7 183360
6 5 734920
6 11 79690
6 16 689480
7 6 183360
7 21 618980
7 5 324060
8 6 144280
8 10 63520
8 15 149920
9 12 41950
9 10 35940
10 15 1175560
10 8 63520
10 11 1260260
10 9 35940
11 4 1217030
11 6 79690
11 10 1260260
12 9 41950
12 14 319130
12 13 288490
12 15 395030
13 12 288490
13 15 957810
13 17 954810
13 16 514860
14 17 339470
14 12 319130
15 10 1175560
15 13 957810
15 12 395030
15 8 149920
16 23 653580
16 20 595140
16 6 689480
16 13 514860
17 14 339470
17 13 954810
17 19 242570
17 25 867780
18 22 78640
18 25 1570630
18 19 59520
19 17 242570
19 18 59520
19 22 58730
20 16 595140
20 25 912900
20 23 449490
21 24 269680
21 23 341620
21 7 618980
22 18 78640
22 19 58730
23 21 341620
23 24 443680
23 16 653580
23 20 449490
24 21 269680
24 23 443680
25 20 912900
25 18 1570630
25 17 867780
