0 4 1272530
0 2 1585410
1 2 2338470
1 5 2152970
1 3 1758730
2 1 2338470
2 0 1585410
2 4 2395080
3 4 1815340
3 1 1758730
3 5 1942720
4 0 1272530
4 3 1815340
4 2 2395080
4 11 2266630
5 1 2152970
5 3 1942720
5 7 2600020
5 6 2141040
6 8 1577180
6 7 2404100
6 5 2141040
6 11 2198090
6 16 1936660
7 6 2404100
7 21 2464080
7 5 2600020
8 6 1577180
8 10 1672490
8 15 1843930
9 12 1636810
9 10 1574840
10 15 2307180
10 8 1672490
10 11 2293400
10 9 1574840
11 4 2266630
11 6 2198090
11 10 2293400
12 9 1636810
12 14 2194170
12 13 2293770
12 15 2369150
13 12 2293770
13 15 2403240
13 17 2916520
13 16 2128030
14 17 2816920
14 12 2194170
15 10 2307180
15 13 2403240
15 12 2369150
15 8 1843930
16 23 2922450
16 20 2528150
16 6 1936660
16 13 2128030
17 14 2816920
17 13 2916520
17 19 3152580
17 25 3590370
18 22 2472760
18 25 4141790
18 19 3704000
19 17 3152580
19 18 3704000
19 22 1568740
20 16 2528150
20 25 3401830
20 23 3522400
21 24 2709350
21 23 2990890
21 7 2464080
22 18 2472760
22 19 1568740
23 21 2990890
23 24 3635160
23 16 2922450
23 20 3522400
24 21 2709350
24 23 3635160
25 20 3401830
25 18 4141790
25 17 3590370
