0 4 2472660
0 2 3309520
1 2 5262100
1 5 4073260
1 3 3823560
2 1 5262100
2 0 3309520
2 4 4864820
3 4 3426280
3 1 3823560
3 5 3074300
4 0 2472660
4 3 3426280
4 2 4864820
4 11 4131600
5 1 4073260
5 3 3074300
5 7 3861100
5 6 3912710
6 8 3613390
6 7 4449810
6 5 3912710
6 11 4368330
6 16 4232640
7 6 4449810
7 21 4049550
7 5 3861100
8 6 3613390
8 10 3229860
8 15 3904860
9 12 3848720
9 10 2679430
10 15 4409360
10 8 3229860
10 11 3984800
10 9 2679430
11 4 4131600
11 6 4368330
11 10 3984800
12 9 3848720
12 14 4663930
12 13 5906020
12 15 5578650
13 12 5906020
13 15 5411730
13 17 5986600
13 16 4851480
14 17 4744510
14 12 4663930
15 10 4409360
15 13 5411730
15 12 5578650
15 8 3904860
16 23 5177810
16 20 4194700
16 6 4232640
16 13 4851480
17 14 4744510
17 13 5986600
17 19 5319520
17 25 6155260
18 22 5190530
18 25 7676480
18 19 6840740
19 17 5319520
19 18 6840740
19 22 2754730
20 16 4194700
20 25 5250980
20 23 5408650
21 24 4021130
21 23 5046330
21 7 4049550
22 18 5190530
22 19 2754730
23 21 5046330
23 24 5366560
23 16 5177810
23 20 5408650
24 21 4021130
24 23 5366560
25 20 5250980
25 18 7676480
25 17 6155260
