0 4 1667990
0 2 1810830
1 2 3005550
1 5 2800000
1 3 2505060
2 1 3005550
2 0 1810830
2 4 2670780
3 4 2170290
3 1 2505060
3 5 2107580
4 0 1667990
4 3 2170290
4 2 2670780
4 11 2814420
5 1 2800000
5 3 2107580
5 7 2691400
5 6 2897630
6 8 2803300
6 7 3186510
6 5 2897630
6 11 3246820
6 16 2978190
7 6 3186510
7 21 2528460
7 5 2691400
8 6 2803300
8 10 2556350
8 15 2929900
9 12 2209100
9 10 2118450
10 15 3272390
10 8 2556350
10 11 2999870
10 9 2118450
11 4 2814420
11 6 3246820
11 10 2999870
12 9 2209100
12 14 2477320
12 13 3026000
12 15 3363040
13 12 3026000
13 15 3308900
13 17 3133330
13 16 2767750
14 17 2584650
14 12 2477320
15 10 3272390
15 13 3308900
15 12 3363040
15 8 2929900
16 23 2980970
16 20 2473150
16 6 2978190
16 13 2767750
17 14 2584650
17 13 3133330
17 19 2784080
17 25 3284500
18 22 1980140
18 25 3377330
18 19 2876910
19 17 2784080
19 18 2876910
19 22 1376590
20 16 2473150
20 25 2828430
20 23 2890480
21 24 2898590
21 23 2737470
21 7 2528460
22 18 1980140
22 19 1376590
23 21 2737470
23 24 3559420
23 16 2980970
23 20 2890480
24 21 2898590
24 23 3559420
25 20 2828430
25 18 3377330
25 17 3284500
