0 4 1825210
0 2 2061800
1 2 3826620
1 5 3334520
1 3 3248630
2 1 3826620
2 0 2061800
2 4 3440230
3 4 2862240
3 1 3248630
3 5 2606730
4 0 1825210
4 3 2862240
4 2 3440230
4 11 3407120
5 1 3334520
5 3 2606730
5 7 3282730
5 6 3085960
6 8 2719950
6 7 3676070
6 5 3085960
6 11 3544950
6 16 3366490
7 6 3676070
7 21 3037800
7 5 3282730
8 6 2719950
8 10 2555720
8 15 2789780
9 12 2484410
9 10 2237760
10 15 3384900
10 8 2555720
10 11 3380720
10 9 2237760
11 4 3407120
11 6 3544950
11 10 3380720
12 9 2484410
12 14 2712080
12 13 3440160
12 15 3631550
13 12 3440160
13 15 3427570
13 17 3009040
13 16 3244930
14 17 2280960
14 12 2712080
15 10 3384900
15 13 3427570
15 12 3631550
15 8 2789780
16 23 3891450
16 20 2826390
16 6 3366490
16 13 3244930
17 14 2280960
17 13 3009040
17 19 2288350
17 25 3262240
18 22 1892490
18 25 3613360
18 19 2639470
19 17 2288350
19 18 2639470
19 22 1047820
20 16 2826390
20 25 3070840
20 23 3464160
21 24 2535370
21 23 3365990
21 7 3037800
22 18 1892490
22 19 1047820
23 21 3365990
23 24 3698600
23 16 3891450
23 20 3464160
24 21 2535370
24 23 3698600
25 20 3070840
25 18 3613360
25 17 3262240
