0 4 3247800
0 2 3986730
1 2 7047750
1 5 5835450
1 3 5919720
2 1 7047750
2 0 3986730
2 4 6152410
3 4 5024380
3 1 5919720
3 5 4551010
4 0 3247800
4 3 5024380
4 2 6152410
4 11 5711580
5 1 5835450
5 3 4551010
5 7 5190700
5 6 5013400
6 8 4196860
6 7 5737360
6 5 5013400
6 11 5784870
6 16 4925650
7 6 5737360
7 21 5180380
7 5 5190700
8 6 4196860
8 10 3797150
8 15 3916990
9 12 2903410
9 10 3220040
10 15 4880480
10 8 3797150
10 11 5385160
10 9 3220040
11 4 5711580
11 6 5784870
11 10 5385160
12 9 2903410
12 14 3293330
12 13 4235000
12 15 4563850
13 12 4235000
13 15 4671470
13 17 4527940
13 16 4316930
14 17 3586270
14 12 3293330
15 10 4880480
15 13 4671470
15 12 4563850
15 8 3916990
16 23 4872390
16 20 5037990
16 6 4925650
16 13 4316930
17 14 3586270
17 13 4527940
17 19 4159250
17 25 5525610
18 22 4127920
18 25 6606310
18 19 5239950
19 17 4159250
19 18 5239950
19 22 2493210
20 16 5037990
20 25 6061350
20 23 5619140
21 24 4207890
21 23 4949820
21 7 5180380
22 18 4127920
22 19 2493210
23 21 4949820
23 24 4711610
23 16 4872390
23 20 5619140
24 21 4207890
24 23 4711610
25 20 6061350
25 18 6606310
25 17 5525610
