0 4 1706160
0 2 1701060
1 2 3292560
1 5 3090790
1 3 2705700
2 1 3292560
2 0 1701060
2 4 3216240
3 4 2629380
3 1 2705700
3 5 2422510
4 0 1706160
4 3 2629380
4 2 3216240
4 11 3184640
5 1 3090790
5 3 2422510
5 7 3321620
5 6 3304180
6 8 2900540
6 7 3818200
6 5 3304180
6 11 3474350
6 16 3382820
7 6 3818200
7 21 3622180
7 5 3321620
8 6 2900540
8 10 2618260
8 15 2805280
9 12 2000530
9 10 2263920
10 15 3423220
10 8 2618260
10 11 3192070
10 9 2263920
11 4 3184640
11 6 3474350
11 10 3192070
12 9 2000530
12 14 2140620
12 13 2910270
12 15 3159830
13 12 2910270
13 15 3360680
13 17 3129460
13 16 3038000
14 17 2359810
14 12 2140620
15 10 3423220
15 13 3360680
15 12 3159830
15 8 2805280
16 23 3545330
16 20 3206160
16 6 3382820
16 13 3038000
17 14 2359810
17 13 3129460
17 19 2934520
17 25 3943010
18 22 2788200
18 25 5045790
18 19 4037300
19 17 2934520
19 18 4037300
19 22 1472140
20 16 3206160
20 25 4092830
20 23 3786610
21 24 3255340
21 23 3767250
21 7 3622180
22 18 2788200
22 19 1472140
23 21 3767250
23 24 3613870
23 16 3545330
23 20 3786610
24 21 3255340
24 23 3613870
25 20 4092830
25 18 5045790
25 17 3943010
