0 4 3236660
0 2 4379850
1 2 6472730
1 5 4864110
1 3 4658840
2 1 6472730
2 0 4379850
2 4 6331590
3 4 4517700
3 1 4658840
3 5 4052270
4 0 3236660
4 3 4517700
4 2 6331590
4 11 5210150
5 1 4864110
5 3 4052270
5 7 5411470
5 6 4868910
6 8 4201480
6 7 6022840
6 5 4868910
6 11 5356090
6 16 5151350
7 6 6022840
7 21 4900950
7 5 5411470
8 6 4201480
8 10 3625710
8 15 3846020
9 12 2740440
9 10 3138670
10 15 4549050
10 8 3625710
10 11 4780320
10 9 3138670
11 4 5210150
11 6 5356090
11 10 4780320
12 9 2740440
12 14 2982280
12 13 3645670
12 15 4150820
13 12 3645670
13 15 4264210
13 17 4038840
13 16 4290740
14 17 3375450
14 12 2982280
15 10 4549050
15 13 4264210
15 12 4150820
15 8 3846020
16 23 5456240
16 20 4147310
16 6 5151350
16 13 4290740
17 14 3375450
17 13 4038840
17 19 4095400
17 25 4444510
18 22 3234240
18 25 5200420
18 19 4851310
19 17 4095400
19 18 4851310
19 22 2255110
20 16 4147310
20 25 4021300
20 23 4781130
21 24 3238180
21 23 4663280
21 7 4900950
22 18 3234240
22 19 2255110
23 21 4663280
23 24 4664960
23 16 5456240
23 20 4781130
24 21 3238180
24 23 4664960
25 20 4021300
25 18 5200420
25 17 4444510
