0 4 2343880
0 2 2256220
1 2 3962370
1 5 4035150
1 3 3558030
2 1 3962370
2 0 2256220
2 4 3836040
3 4 3431700
3 1 3558030
3 5 3416820
4 0 2343880
4 3 3431700
4 2 3836040
4 11 4187030
5 1 4035150
5 3 3416820
5 7 3803840
5 6 4090510
6 8 3064330
6 7 4000410
6 5 4090510
6 11 4368720
6 16 4391200
7 6 4000410
7 21 3834820
7 5 3803840
8 6 3064330
8 10 3021710
8 15 3090060
9 12 3352950
9 10 2649240
10 15 4270190
10 8 3021710
10 11 4326100
10 9 2649240
11 4 4187030
11 6 4368720
11 10 4326100
12 9 3352950
12 14 4219690
12 13 4825640
12 15 4973900
13 12 4825640
13 15 4190280
13 17 4661120
13 16 4268670
14 17 4055170
14 12 4219690
15 10 4270190
15 13 4190280
15 12 4973900
15 8 3090060
16 23 5442000
16 20 5204000
16 6 4391200
16 13 4268670
17 14 4055170
17 13 4661120
17 19 4594500
17 25 6109290
18 22 3473090
18 25 6750350
18 19 5235560
19 17 4594500
19 18 5235560
19 22 2146310
20 16 5204000
20 25 6425520
20 23 6150680
21 24 3307860
21 23 5172290
21 7 3834820
22 18 3473090
22 19 2146310
23 21 5172290
23 24 4524250
23 16 5442000
23 20 6150680
24 21 3307860
24 23 4524250
25 20 6425520
25 18 6750350
25 17 6109290
