0 4 2631930
0 2 4014900
1 2 6961110
1 5 5791400
1 3 5246720
2 1 6961110
2 0 4014900
2 4 5999390
3 4 4285000
3 1 5246720
3 5 4498260
4 0 2631930
4 3 4285000
4 2 5999390
4 11 4575970
5 1 5791400
5 3 4498260
5 7 4941480
5 6 4342570
6 8 3001890
6 7 4241110
6 5 4342570
6 11 4088860
6 16 3616060
7 6 4241110
7 21 4359440
7 5 4941480
8 6 3001890
8 10 3276830
8 15 3317000
9 12 3618520
9 10 2772460
10 15 4232250
10 8 3276830
10 11 4363800
10 9 2772460
11 4 4575970
11 6 4088860
11 10 4363800
12 9 3618520
12 14 4332820
12 13 5184910
12 15 5078310
13 12 5184910
13 15 4379020
13 17 4691330
13 16 4037770
14 17 3839240
14 12 4332820
15 10 4232250
15 13 4379020
15 12 5078310
15 8 3317000
16 23 3869140
16 20 3676750
16 6 3616060
16 13 4037770
17 14 3839240
17 13 4691330
17 19 4454020
17 25 5093530
18 22 4228660
18 25 6660760
18 19 6021250
19 17 4454020
19 18 6021250
19 22 2218410
20 16 3676750
20 25 4526800
20 23 3955970
21 24 3170670
21 23 4013610
21 7 4359440
22 18 4228660
22 19 2218410
23 21 4013610
23 24 3305420
23 16 3869140
23 20 3955970
24 21 3170670
24 23 3305420
25 20 4526800
25 18 6660760
25 17 5093530
