0 4 2766160
0 2 3431030
1 2 4959520
1 5 4128160
1 3 3531470
2 1 4959520
2 0 3431030
2 4 5103750
3 4 3675700
3 1 3531470
3 5 3509210
4 0 2766160
4 3 3675700
4 2 5103750
4 11 4649400
5 1 4128160
5 3 3509210
5 7 3944540
5 6 3778980
6 8 2636040
6 7 3617620
6 5 3778980
6 11 4155990
6 16 4077140
7 6 3617620
7 21 3299540
7 5 3944540
8 6 2636040
8 10 2965500
8 15 2809480
9 12 2734280
9 10 2511880
10 15 3954960
10 8 2965500
10 11 4485450
10 9 2511880
11 4 4649400
11 6 4155990
11 10 4485450
12 9 2734280
12 14 3916110
12 13 5002990
12 15 4177360
13 12 5002990
13 15 4624570
13 17 5800630
13 16 5076210
14 17 4713750
14 12 3916110
15 10 3954960
15 13 4624570
15 12 4177360
15 8 2809480
16 23 4795620
16 20 3899220
16 6 4077140
16 13 5076210
17 14 4713750
17 13 5800630
17 19 5111240
17 25 6040860
18 22 3461400
18 25 6104310
18 19 5174690
19 17 5111240
19 18 5174690
19 22 2358130
20 16 3899220
20 25 4513440
20 23 3992620
21 24 2907670
21 23 3852460
21 7 3299540
22 18 3461400
22 19 2358130
23 21 3852460
23 24 3944230
23 16 4795620
23 20 3992620
24 21 2907670
24 23 3944230
25 20 4513440
25 18 6104310
25 17 6040860
