0 4 1627730
0 2 1973540
1 2 2953880
1 5 2453840
1 3 2102070
2 1 2953880
2 0 1973540
2 4 3136250
3 4 2284440
3 1 2102070
3 5 2130210
4 0 1627730
4 3 2284440
4 2 3136250
4 11 2943580
5 1 2453840
5 3 2130210
5 7 2963520
5 6 2896940
6 8 2545060
6 7 3378480
6 5 2896940
6 11 3204310
6 16 2904900
7 6 3378480
7 21 2879680
7 5 2963520
8 6 2545060
8 10 2219370
8 15 2392360
9 12 1922700
9 10 1818120
10 15 2833510
10 8 2219370
10 11 2878620
10 9 1818120
11 4 2943580
11 6 3204310
11 10 2878620
12 9 1922700
12 14 2461130
12 13 2948220
12 15 2938090
13 12 2948220
13 15 3016630
13 17 3307560
13 16 2762330
14 17 2820470
14 12 2461130
15 10 2833510
15 13 3016630
15 12 2938090
15 8 2392360
16 23 3274320
16 20 2946770
16 6 2904900
16 13 2762330
17 14 2820470
17 13 3307560
17 19 2806760
17 25 3962630
18 22 1660290
18 25 3748330
18 19 2592460
19 17 2806760
19 18 2592460
19 22 1092990
20 16 2946770
20 25 3866270
20 23 3723190
21 24 2538120
21 23 3182520
21 7 2879680
22 18 1660290
22 19 1092990
23 21 3182520
23 24 3406340
23 16 3274320
23 20 3723190
24 21 2538120
24 23 3406340
25 20 3866270
25 18 3748330
25 17 3962630
