0 4 1248310
0 2 1420340
1 2 1955860
1 5 1730110
1 3 1348930
2 1 1955860
2 0 1420340
2 4 2225370
3 4 1618440
3 1 1348930
3 5 1564720
4 0 1248310
4 3 1618440
4 2 2225370
4 11 2129920
5 1 1730110
5 3 1564720
5 7 2072780
5 6 2041180
6 8 1811050
6 7 2168060
6 5 2041180
6 11 2171480
6 16 2214370
7 6 2168060
7 21 2141740
7 5 2072780
8 6 1811050
8 10 1744020
8 15 1852700
9 12 2174510
9 10 1605450
10 15 2111080
10 8 1744020
10 11 2104450
10 9 1605450
11 4 2129920
11 6 2171480
11 10 2104450
12 9 2174510
12 14 2297220
12 13 2860490
12 15 2680140
13 12 2860490
13 15 2400110
13 17 2355180
13 16 2436370
14 17 1791910
14 12 2297220
15 10 2111080
15 13 2400110
15 12 2680140
15 8 1852700
16 23 2515400
16 20 2024330
16 6 2214370
16 13 2436370
17 14 1791910
17 13 2355180
17 19 1780430
17 25 2579640
18 22 1948430
18 25 3335010
18 19 2535800
19 17 1780430
19 18 2535800
19 22 843590
20 16 2024330
20 25 2392880
20 23 2247450
21 24 1873430
21 23 2411170
21 7 2141740
22 18 1948430
22 19 843590
23 21 2411170
23 24 2200780
23 16 2515400
23 20 2247450
24 21 1873430
24 23 2200780
25 20 2392880
25 18 3335010
25 17 2579640
