0 4 2007230
0 2 2531190
1 2 3950060
1 5 3314060
1 3 2807900
2 1 3950060
2 0 2531190
2 4 4000180
3 4 2858020
3 1 2807900
3 5 2745980
4 0 2007230
4 3 2858020
4 2 4000180
4 11 3411770
5 1 3314060
5 3 2745980
5 7 3731580
5 6 3267410
6 8 2594550
6 7 3746850
6 5 3267410
6 11 3315000
6 16 3231790
7 6 3746850
7 21 3424780
7 5 3731580
8 6 2594550
8 10 2572630
8 15 2875970
9 12 3010860
9 10 2297180
10 15 3542180
10 8 2572630
10 11 3293080
10 9 2297180
11 4 3411770
11 6 3315000
11 10 3293080
12 9 3010860
12 14 3294160
12 13 4277510
12 15 4255860
13 12 4277510
13 15 3867170
13 17 3794290
13 16 3534860
14 17 2810940
14 12 3294160
15 10 3542180
15 13 3867170
15 12 4255860
15 8 2875970
16 23 3825430
16 20 3336450
16 6 3231790
16 13 3534860
17 14 2810940
17 13 3794290
17 19 3247710
17 25 3628510
18 22 2510610
18 25 4058340
18 19 3677540
19 17 3247710
19 18 3677540
19 22 1628730
20 16 3336450
20 25 3524630
20 23 3980980
21 24 3114840
21 23 3554250
21 7 3424780
22 18 2510610
22 19 1628730
23 21 3554250
23 24 4030550
23 16 3825430
23 20 3980980
24 21 3114840
24 23 4030550
25 20 3524630
25 18 4058340
25 17 3628510
