0 4 2701760
0 2 2315940
1 2 4293730
1 5 4412330
1 3 3925080
2 1 4293730
2 0 2315940
2 4 4346220
3 4 3977570
3 1 3925080
3 5 3710350
4 0 2701760
4 3 3977570
4 2 4346220
4 11 4557190
5 1 4412330
5 3 3710350
5 7 4915090
5 6 4243020
6 8 3456190
6 7 4960510
6 5 4243020
6 11 4335390
6 16 4161740
7 6 4960510
7 21 5472140
7 5 4915090
8 6 3456190
8 10 3200500
8 15 3948090
9 12 3819090
9 10 2789140
10 15 4524650
10 8 3200500
10 11 4079700
10 9 2789140
11 4 4557190
11 6 4335390
11 10 4079700
12 9 3819090
12 14 4696060
12 13 5048390
12 15 5554600
13 12 5048390
13 15 4766030
13 17 4505050
13 16 4147430
14 17 4152720
14 12 4696060
15 10 4524650
15 13 4766030
15 12 5554600
15 8 3948090
16 23 4358870
16 20 3816210
16 6 4161740
16 13 4147430
17 14 4152720
17 13 4505050
17 19 3885530
17 25 5417340
18 22 4230680
18 25 6984330
18 19 5452520
19 17 3885530
19 18 5452520
19 22 1798940
20 16 3816210
20 25 4840890
20 23 4140040
21 24 5207770
21 23 4997200
21 7 5472140
22 18 4230680
22 19 1798940
23 21 4997200
23 24 4893270
23 16 4358870
23 20 4140040
24 21 5207770
24 23 4893270
25 20 4840890
25 18 6984330
25 17 5417340
