0 4 1559260
0 2 1621220
1 2 3163740
1 5 2780150
1 3 2654110
2 1 3163740
2 0 1621220
2 4 3064440
3 4 2554810
3 1 2654110
3 5 2233180
4 0 1559260
4 3 2554810
4 2 3064440
4 11 3116240
5 1 2780150
5 3 2233180
5 7 3226420
5 6 2862780
6 8 2389830
6 7 3729980
6 5 2862780
6 11 3298170
6 16 3077970
7 6 3729980
7 21 3310160
7 5 3226420
8 6 2389830
8 10 1990840
8 15 2046270
9 12 1672550
9 10 1768400
10 15 2623790
10 8 1990840
10 11 2899180
10 9 1768400
11 4 3116240
11 6 3298170
11 10 2899180
12 9 1672550
12 14 2047930
12 13 2616610
12 15 2527940
13 12 2616610
13 15 2767890
13 17 2971520
13 16 2823080
14 17 2402840
14 12 2047930
15 10 2623790
15 13 2767890
15 12 2527940
15 8 2046270
16 23 3486880
16 20 2900700
16 6 3077970
16 13 2823080
17 14 2402840
17 13 2971520
17 19 2688180
17 25 3669570
18 22 1873770
18 25 3701920
18 19 2720530
19 17 2688180
19 18 2720530
19 22 1443120
20 16 2900700
20 25 3632230
20 23 3597980
21 24 2484120
21 23 3355430
21 7 3310160
22 18 1873770
22 19 1443120
23 21 3355430
23 24 3312850
23 16 3486880
23 20 3597980
24 21 2484120
24 23 3312850
25 20 3632230
25 18 3701920
25 17 3669570
