0 4 2485420
0 2 2429550
1 2 4499020
1 5 4138690
1 3 4323600
2 1 4499020
2 0 2429550
2 4 4289650
3 4 4114230
3 1 4323600
3 5 3698030
4 0 2485420
4 3 4114230
4 2 4289650
4 11 4429390
5 1 4138690
5 3 3698030
5 7 3939200
5 6 3684150
6 8 2890990
6 7 4110230
6 5 3684150
6 11 4184220
6 16 3494920
7 6 4110230
7 21 3794810
7 5 3939200
8 6 2890990
8 10 3068060
8 15 2816280
9 12 3079750
9 10 3040890
10 15 3957540
10 8 3068060
10 11 4361290
10 9 3040890
11 4 4429390
11 6 4184220
11 10 4361290
12 9 3079750
12 14 3827570
12 13 4085060
12 15 3996400
13 12 4085060
13 15 3794420
13 17 5129430
13 16 3508870
14 17 4871940
14 12 3827570
15 10 3957540
15 13 3794420
15 12 3996400
15 8 2816280
16 23 3711280
16 20 3828560
16 6 3494920
16 13 3508870
17 14 4871940
17 13 5129430
17 19 5305830
17 25 6567040
18 22 3730660
18 25 7091590
18 19 5830380
19 17 5305830
19 18 5830380
19 22 2136160
20 16 3828560
20 25 5640380
20 23 4405180
21 24 2627200
21 23 3756120
21 7 3794810
22 18 3730660
22 19 2136160
23 21 3756120
23 24 3158980
23 16 3711280
23 20 4405180
24 21 2627200
24 23 3158980
25 20 5640380
25 18 7091590
25 17 6567040
