0 4 2781790
0 2 2973700
1 2 6412530
1 5 6318950
1 3 6169910
2 1 6412530
2 0 2973700
2 4 5646090
3 4 5403470
3 1 6169910
3 5 5501800
4 0 2781790
4 3 5403470
4 2 5646090
4 11 5639440
5 1 6318950
5 3 5501800
5 7 5057580
5 6 5143160
6 8 3449090
6 7 4549900
6 5 5143160
6 11 5230090
6 16 3914230
7 6 4549900
7 21 3976750
7 5 5057580
8 6 3449090
8 10 3601940
8 15 3858010
9 12 3423570
9 10 3267220
10 15 5197250
10 8 3601940
10 11 5382940
10 9 3267220
11 4 5639440
11 6 5230090
11 10 5382940
12 9 3423570
12 14 4123320
12 13 5011270
12 15 5353600
13 12 5011270
13 15 5110990
13 17 5723850
13 16 3980820
14 17 4835900
14 12 4123320
15 10 5197250
15 13 5110990
15 12 5353600
15 8 3858010
16 23 4146460
16 20 4082130
16 6 3914230
16 13 3980820
17 14 4835900
17 13 5723850
17 19 4995940
17 25 7031500
18 22 3324640
18 25 6676710
18 19 4641150
19 17 4995940
19 18 4641150
19 22 1996330
20 16 4082130
20 25 6177620
20 23 5035610
21 24 3258820
21 23 4294560
21 7 3976750
22 18 3324640
22 19 1996330
23 21 4294560
23 24 4064200
23 16 4146460
23 20 5035610
24 21 3258820
24 23 4064200
25 20 6177620
25 18 6676710
25 17 7031500
