0 4 2591010
0 2 3422870
1 2 6175050
1 5 5234030
1 3 4652470
2 1 6175050
2 0 3422870
2 4 5795320
3 4 4272740
3 1 4652470
3 5 4163580
4 0 2591010
4 3 4272740
4 2 5795320
4 11 5009750
5 1 5234030
5 3 4163580
5 7 5610680
5 6 5179010
6 8 4260690
6 7 6044550
6 5 5179010
6 11 5334460
6 16 5336510
7 6 6044550
7 21 5225960
7 5 5610680
8 6 4260690
8 10 4165810
8 15 4429650
9 12 3777030
9 10 3643850
10 15 5686960
10 8 4165810
10 11 5239580
10 9 3643850
11 4 5009750
11 6 5334460
11 10 5239580
12 9 3777030
12 14 5116040
12 13 5544410
12 15 5820140
13 12 5544410
13 15 5675070
13 17 6305820
13 16 5229740
14 17 5877450
14 12 5116040
15 10 5686960
15 13 5675070
15 12 5820140
15 8 4429650
16 23 6536590
16 20 5705750
16 6 5336510
16 13 5229740
17 14 5877450
17 13 6305820
17 19 6239160
17 25 7722320
18 22 4739650
18 25 8228590
18 19 6745430
19 17 6239160
19 18 6745430
19 22 3260240
20 16 5705750
20 25 7291850
20 23 7182200
21 24 3860420
21 23 5994370
21 7 5225960
22 18 4739650
22 19 3260240
23 21 5994370
23 24 5879090
23 16 6536590
23 20 7182200
24 21 3860420
24 23 5879090
25 20 7291850
25 18 8228590
25 17 7722320
