0 4 2529590
0 2 3079580
1 2 5628370
1 5 5366550
1 3 4710320
2 1 5628370
2 0 3079580
2 4 5256770
3 4 4338720
3 1 4710320
3 5 4626890
4 0 2529590
4 3 4338720
4 2 5256770
4 11 4751280
5 1 5366550
5 3 4626890
5 7 5148500
5 6 4721180
6 8 3338520
6 7 4586560
6 5 4721180
6 11 4477510
6 16 3516640
7 6 4586560
7 21 4020990
7 5 5148500
8 6 3338520
8 10 3656250
8 15 3610100
9 12 3423750
9 10 3296340
10 15 4748550
10 8 3656250
10 11 4795240
10 9 3296340
11 4 4751280
11 6 4477510
11 10 4795240
12 9 3423750
12 14 4280270
12 13 4234730
12 15 4875960
13 12 4234730
13 15 4061170
13 17 4798870
13 16 3146990
14 17 4844410
14 12 4280270
15 10 4748550
15 13 4061170
15 12 4875960
15 8 3610100
16 23 3138840
16 20 3296140
16 6 3516640
16 13 3146990
17 14 4844410
17 13 4798870
17 19 4795200
17 25 6293110
18 22 3058570
18 25 5830350
18 19 4332440
19 17 4795200
19 18 4332440
19 22 2138730
20 16 3296140
20 25 5063330
20 23 3560940
21 24 2901000
21 23 3215870
21 7 4020990
22 18 3058570
22 19 2138730
23 21 3215870
23 24 3088770
23 16 3138840
23 20 3560940
24 21 2901000
24 23 3088770
25 20 5063330
25 18 5830350
25 17 6293110
