0 4 3199680
0 2 3548200
1 2 5781880
1 5 5025700
1 3 4213460
2 1 5781880
2 0 3548200
2 4 6320720
3 4 4752300
3 1 4213460
3 5 4344640
4 0 3199680
4 3 4752300
4 2 6320720
4 11 6106420
5 1 5025700
5 3 4344640
5 7 5487170
5 6 5547940
6 8 4126070
6 7 5878230
6 5 5547940
6 11 6089820
6 16 5052080
7 6 5878230
7 21 4644520
7 5 5487170
8 6 4126070
8 10 3657960
8 15 3878190
9 12 3206230
9 10 3599940
10 15 5223010
10 8 3657960
10 11 5621710
10 9 3599940
11 4 6106420
11 6 6089820
11 10 5621710
12 9 3206230
12 14 3315180
12 13 3982250
12 15 4829300
13 12 3982250
13 15 4596190
13 17 4178100
13 16 3957150
14 17 3511030
14 12 3315180
15 10 5223010
15 13 4596190
15 12 4829300
15 8 3878190
16 23 5291300
16 20 3916540
16 6 5052080
16 13 3957150
17 14 3511030
17 13 4178100
17 19 3519130
17 25 4785880
18 22 2106460
18 25 4343080
18 19 3076330
19 17 3519130
19 18 3076330
19 22 1461330
20 16 3916540
20 25 4316310
20 23 5042680
21 24 3846680
21 23 4944510
21 7 4644520
22 18 2106460
22 19 1461330
23 21 4944510
23 24 5319610
23 16 5291300
23 20 5042680
24 21 3846680
24 23 5319610
25 20 4316310
25 18 4343080
25 17 4785880
