0 4 2648330
0 2 2688460
1 2 4731170
1 5 4665640
1 3 3985060
2 1 4731170
2 0 2688460
2 4 4679850
3 4 3933740
3 1 3985060
3 5 3908340
4 0 2648330
4 3 3933740
4 2 4679850
4 11 4617470
5 1 4665640
5 3 3908340
5 7 4893140
5 6 4637470
6 8 3656630
6 7 4941690
6 5 4637470
6 11 4640620
6 16 4392420
7 6 4941690
7 21 4339470
7 5 4893140
8 6 3656630
8 10 3672900
8 15 3846250
9 12 3121950
9 10 3203880
10 15 4891910
10 8 3672900
10 11 4656890
10 9 3203880
11 4 4617470
11 6 4640620
11 10 4656890
12 9 3121950
12 14 3690830
12 13 4656680
12 15 4809980
13 12 4656680
13 15 4911960
13 17 5212360
13 16 4428740
14 17 4246510
14 12 3690830
15 10 4891910
15 13 4911960
15 12 4809980
15 8 3846250
16 23 5354990
16 20 4719520
16 6 4392420
16 13 4428740
17 14 4246510
17 13 5212360
17 19 5076000
17 25 5902460
18 22 4415540
18 25 7174040
18 19 6347580
19 17 5076000
19 18 6347580
19 22 2553900
20 16 4719520
20 25 5739540
20 23 5975690
21 24 3186190
21 23 5046370
21 7 4339470
22 18 4415540
22 19 2553900
23 21 5046370
23 24 4750980
23 16 5354990
23 20 5975690
24 21 3186190
24 23 4750980
25 20 5739540
25 18 7174040
25 17 5902460
