0 4 2091200
0 2 2721820
1 2 4272890
1 5 3810540
1 3 3037300
2 1 4272890
2 0 2721820
2 4 4396380
3 4 3160790
3 1 3037300
3 5 3329060
4 0 2091200
4 3 3160790
4 2 4396380
4 11 3843880
5 1 3810540
5 3 3329060
5 7 3627530
5 6 3741110
6 8 2469860
6 7 3266340
6 5 3741110
6 11 3650960
6 16 3523570
7 6 3266340
7 21 3009170
7 5 3627530
8 6 2469860
8 10 2542990
8 15 2726670
9 12 2701020
9 10 2620020
10 15 3709860
10 8 2542990
10 11 3724090
10 9 2620020
11 4 3843880
11 6 3650960
11 10 3724090
12 9 2701020
12 14 2810570
12 13 3735920
12 15 3790860
13 12 3735920
13 15 3838600
13 17 3932120
13 16 3725440
14 17 3006770
14 12 2810570
15 10 3709860
15 13 3838600
15 12 3790860
15 8 2726670
16 23 4108440
16 20 3414770
16 6 3523570
16 13 3725440
17 14 3006770
17 13 3932120
17 19 3375290
17 25 4033840
18 22 2053930
18 25 3934780
18 19 3276230
19 17 3375290
19 18 3276230
19 22 1447700
20 16 3414770
20 25 3574710
20 23 3855990
21 24 2350560
21 23 3707620
21 7 3009170
22 18 2053930
22 19 1447700
23 21 3707620
23 24 3192600
23 16 4108440
23 20 3855990
24 21 2350560
24 23 3192600
25 20 3574710
25 18 3934780
25 17 4033840
