0 4 1983360
0 2 2462590
1 2 4808840
1 5 4415320
1 3 4221990
2 1 4808840
2 0 2462590
2 4 4177730
3 4 3590880
3 1 4221990
3 5 3676590
4 0 1983360
4 3 3590880
4 2 4177730
4 11 3697560
5 1 4415320
5 3 3676590
5 7 4408240
5 6 3848380
6 8 2956700
6 7 4386700
6 5 3848380
6 11 3761730
6 16 3615230
7 6 4386700
7 21 4047850
7 5 4408240
8 6 2956700
8 10 2899180
8 15 3068570
9 12 2489110
9 10 2599150
10 15 3881190
10 8 2899180
10 11 3704210
10 9 2599150
11 4 3697560
11 6 3761730
11 10 3704210
12 9 2489110
12 14 2725690
12 13 3768580
12 15 3771150
13 12 3768580
13 15 4048010
13 17 3985410
13 16 3724530
14 17 2942520
14 12 2725690
15 10 3881190
15 13 4048010
15 12 3771150
15 8 3068570
16 23 4163080
16 20 3215130
16 6 3615230
16 13 3724530
17 14 2942520
17 13 3985410
17 19 2868170
17 25 4409130
18 22 2161470
18 25 4465250
18 19 2924290
19 17 2868170
19 18 2924290
19 22 1048140
20 16 3215130
20 25 3959760
20 23 3974590
21 24 3074330
21 23 4035840
21 7 4047850
22 18 2161470
22 19 1048140
23 21 4035840
23 24 3961030
23 16 4163080
23 20 3974590
24 21 3074330
24 23 3961030
25 20 3959760
25 18 4465250
25 17 4409130
