0 4 2543050
0 2 4025980
1 2 6769220
1 5 5982060
1 3 5307330
2 1 6769220
2 0 4025980
2 4 5908130
3 4 4446240
3 1 5307330
3 5 5142010
4 0 2543050
4 3 4446240
4 2 5908130
4 11 4351390
5 1 5982060
5 3 5142010
5 7 5947210
5 6 5106420
6 8 3391070
6 7 5236890
6 5 5106420
6 11 4336840
6 16 4534980
7 6 5236890
7 21 5099410
7 5 5947210
8 6 3391070
8 10 3251380
8 15 3569150
9 12 3181570
9 10 2960910
10 15 4434490
10 8 3251380
10 11 4197150
10 9 2960910
11 4 4351390
11 6 4336840
11 10 4197150
12 9 3181570
12 14 4005990
12 13 4724960
12 15 4655150
13 12 4724960
13 15 4822070
13 17 5492720
13 16 4782870
14 17 4773750
14 12 4005990
15 10 4434490
15 13 4822070
15 12 4655150
15 8 3569150
16 23 5743030
16 20 3943020
16 6 4534980
16 13 4782870
17 14 4773750
17 13 5492720
17 19 4952330
17 25 5141750
18 22 2918070
18 25 4541470
18 19 4352050
19 17 4952330
19 18 4352050
19 22 2377120
20 16 3943020
20 25 3701060
20 23 5012190
21 24 3981500
21 23 5466670
21 7 5099410
22 18 2918070
22 19 2377120
23 21 5466670
23 24 5327030
23 16 5743030
23 20 5012190
24 21 3981500
24 23 5327030
25 20 3701060
25 18 4541470
25 17 5141750
