0 4 3132880
0 2 3303820
1 2 5594410
1 5 4808430
1 3 4593060
2 1 5594410
2 0 3303820
2 4 5592760
3 4 4591410
3 1 4593060
3 5 3976370
4 0 3132880
4 3 4591410
4 2 5592760
4 11 5238930
5 1 4808430
5 3 3976370
5 7 4679490
5 6 4901200
6 8 4592150
6 7 5388950
6 5 4901200
6 11 5333350
6 16 4576330
7 6 5388950
7 21 4022400
7 5 4679490
8 6 4592150
8 10 4047560
8 15 4757920
9 12 3347450
9 10 2917240
10 15 5231840
10 8 4047560
10 11 4788760
10 9 2917240
11 4 5238930
11 6 5333350
11 10 4788760
12 9 3347450
12 14 4023730
12 13 4774450
12 15 5662050
13 12 4774450
13 15 5054600
13 17 4508080
13 16 3854500
14 17 3757360
14 12 4023730
15 10 5231840
15 13 5054600
15 12 5662050
15 8 4757920
16 23 3646390
16 20 3700350
16 6 4576330
16 13 3854500
17 14 3757360
17 13 4508080
17 19 4070230
17 25 4771400
18 22 3023320
18 25 5179530
18 19 4478360
19 17 4070230
19 18 4478360
19 22 1836260
20 16 3700350
20 25 4276170
20 23 3804740
21 24 2229340
21 23 3314170
21 7 4022400
22 18 3023320
22 19 1836260
23 21 3314170
23 24 2665950
23 16 3646390
23 20 3804740
24 21 2229340
24 23 2665950
25 20 4276170
25 18 5179530
25 17 4771400
