0 4 1412540
0 2 1896560
1 2 3014700
1 5 2482340
1 3 2258170
2 1 3014700
2 0 1896560
2 4 2923080
3 4 2166550
3 1 2258170
3 5 2118210
4 0 1412540
4 3 2166550
4 2 2923080
4 11 2438100
5 1 2482340
5 3 2118210
5 7 2947540
5 6 2505510
6 8 2154070
6 7 3110670
6 5 2505510
6 11 2552890
6 16 2745450
7 6 3110670
7 21 2743100
7 5 2947540
8 6 2154070
8 10 1986020
8 15 2284650
9 12 2267010
9 10 1648220
10 15 2631170
10 8 1986020
10 11 2384840
10 9 1648220
11 4 2438100
11 6 2552890
11 10 2384840
12 9 2267010
12 14 2797560
12 13 3419920
12 15 3249960
13 12 3419920
13 15 3099760
13 17 3654650
13 16 3045990
14 17 3032290
14 12 2797560
15 10 2631170
15 13 3099760
15 12 3249960
15 8 2284650
16 23 3835880
16 20 3395090
16 6 2745450
16 13 3045990
17 14 3032290
17 13 3654650
17 19 3424540
17 25 4522090
18 22 2970570
18 25 5247760
18 19 4150210
19 17 3424540
19 18 4150210
19 22 1629860
20 16 3395090
20 25 4486260
20 23 4408710
21 24 2317570
21 23 3391500
21 7 2743100
22 18 2970570
22 19 1629860
23 21 3391500
23 24 3775570
23 16 3835880
23 20 4408710
24 21 2317570
24 23 3775570
25 20 4486260
25 18 5247760
25 17 4522090
