0 4 2017660
0 2 2965950
1 2 5091870
1 5 3778940
1 3 3641820
2 1 5091870
2 0 2965950
2 4 4904910
3 4 3454860
3 1 3641820
3 5 3090220
4 0 2017660
4 3 3454860
4 2 4904910
4 11 3812700
5 1 3778940
5 3 3090220
5 7 3601430
5 6 3295130
6 8 2644260
6 7 3669220
6 5 3295130
6 11 3515850
6 16 3309560
7 6 3669220
7 21 3265950
7 5 3601430
8 6 2644260
8 10 2525630
8 15 2922150
9 12 2717590
9 10 2197020
10 15 3522180
10 8 2525630
10 11 3397220
10 9 2197020
11 4 3812700
11 6 3515850
11 10 3397220
12 9 2717590
12 14 3347740
12 13 4129840
12 15 4042750
13 12 4129840
13 15 4005790
13 17 4146190
13 16 3674540
14 17 3364090
14 12 3347740
15 10 3522180
15 13 4005790
15 12 4042750
15 8 2922150
16 23 4086360
16 20 3094780
16 6 3309560
16 13 3674540
17 14 3364090
17 13 4146190
17 19 3574740
17 25 3810380
18 22 2635450
18 25 4161590
18 19 3925950
19 17 3574740
19 18 3925950
19 22 1659480
20 16 3094780
20 25 3177310
20 23 3924940
21 24 2474490
21 23 3736450
21 7 3265950
22 18 2635450
22 19 1659480
23 21 3736450
23 24 3654560
23 16 4086360
23 20 3924940
24 21 2474490
24 23 3654560
25 20 3177310
25 18 4161590
25 17 3810380
