0 4 2770520
0 2 3506540
1 2 5963870
1 5 5481210
1 3 4773800
2 1 5963870
2 0 3506540
2 4 5285620
3 4 4095550
3 1 4773800
3 5 4348910
4 0 2770520
4 3 4095550
4 2 5285620
4 11 4844930
5 1 5481210
5 3 4348910
5 7 5489710
5 6 4922630
6 8 3072020
6 7 5356020
6 5 4922630
6 11 4964600
6 16 3915550
7 6 5356020
7 21 4725450
7 5 5489710
8 6 3072020
8 10 2896170
8 15 2818080
9 12 2326720
9 10 2857530
10 15 4359150
10 8 2896170
10 11 4788750
10 9 2857530
11 4 4844930
11 6 4964600
11 10 4788750
12 9 2326720
12 14 2850670
12 13 3554150
12 15 3828340
13 12 3554150
13 15 4006870
13 17 4352870
13 16 3387420
14 17 3649390
14 12 2850670
15 10 4359150
15 13 4006870
15 12 3828340
15 8 2818080
16 23 4033200
16 20 3973280
16 6 3915550
16 13 3387420
17 14 3649390
17 13 4352870
17 19 4277240
17 25 5481980
18 22 2671750
18 25 5296970
18 19 4092230
19 17 4277240
19 18 4092230
19 22 2160940
20 16 3973280
20 25 5447650
20 23 4964320
21 24 3283070
21 23 4276020
21 7 4725450
22 18 2671750
22 19 2160940
23 21 4276020
23 24 4031290
23 16 4033200
23 20 4964320
24 21 3283070
24 23 4031290
25 20 5447650
25 18 5296970
25 17 5481980
