0 4 2896750
0 2 3413230
1 2 5659340
1 5 5413800
1 3 4407430
2 1 5659340
2 0 3413230
2 4 5723300
3 4 4471390
3 1 4407430
3 5 4742330
4 0 2896750
4 3 4471390
4 2 5723300
4 11 5400680
5 1 5413800
5 3 4742330
5 7 5858340
5 6 5737890
6 8 4201190
6 7 5847530
6 5 5737890
6 11 5660810
6 16 4852160
7 6 5847530
7 21 4973710
7 5 5858340
8 6 4201190
8 10 4213950
8 15 4147070
9 12 3851080
9 10 3999430
10 15 5685720
10 8 4213950
10 11 5673570
10 9 3999430
11 4 5400680
11 6 5660810
11 10 5673570
12 9 3851080
12 14 3808920
12 13 4410570
12 15 5537370
13 12 4410570
13 15 4492040
13 17 3828460
13 16 3671240
14 17 3226810
14 12 3808920
15 10 5685720
15 13 4492040
15 12 5537370
15 8 4147070
16 23 4758440
16 20 3908820
16 6 4852160
16 13 3671240
17 14 3226810
17 13 3828460
17 19 3979540
17 25 4762440
18 22 3564410
18 25 5785720
18 19 5002820
19 17 3979540
19 18 5002820
19 22 2228990
20 16 3908820
20 25 4536800
20 23 4690020
21 24 3436790
21 23 4759540
21 7 4973710
22 18 3564410
22 19 2228990
23 21 4759540
23 24 4216890
23 16 4758440
23 20 4690020
24 21 3436790
24 23 4216890
25 20 4536800
25 18 5785720
25 17 4762440
