0 4 1628410
0 2 2133100
1 2 3826110
1 5 3206980
1 3 2992050
2 1 3826110
2 0 2133100
2 4 3453910
3 4 2619850
3 1 2992050
3 5 2505410
4 0 1628410
4 3 2619850
4 2 3453910
4 11 3245230
5 1 3206980
5 3 2505410
5 7 3089320
5 6 2726020
6 8 1915190
6 7 3095000
6 5 2726020
6 11 3136470
6 16 2437500
7 6 3095000
7 21 3068090
7 5 3089320
8 6 1915190
8 10 1843330
8 15 1897400
9 12 1467890
9 10 1771010
10 15 2642050
10 8 1843330
10 11 3064610
10 9 1771010
11 4 3245230
11 6 3136470
11 10 3064610
12 9 1467890
12 14 1808910
12 13 2081260
12 15 2338930
13 12 2081260
13 15 2438450
13 17 2659490
13 16 2162040
14 17 2387140
14 12 1808910
15 10 2642050
15 13 2438450
15 12 2338930
15 8 1897400
16 23 2940310
16 20 2447170
16 6 2437500
16 13 2162040
17 14 2387140
17 13 2659490
17 19 2675060
17 25 3087230
18 22 2130520
18 25 3434390
18 19 3022220
19 17 2675060
19 18 3022220
19 22 1320220
20 16 2447170
20 25 2893650
20 23 3244180
21 24 2815710
21 23 3207600
21 7 3068090
22 18 2130520
22 19 1320220
23 21 3207600
23 24 3345430
23 16 2940310
23 20 3244180
24 21 2815710
24 23 3345430
25 20 2893650
25 18 3434390
25 17 3087230
