0 4 3379510
0 2 4508240
1 2 7473480
1 5 6228240
1 3 5358010
2 1 7473480
2 0 4508240
2 4 7422710
3 4 5307240
3 1 5358010
3 5 5190730
4 0 3379510
4 3 5307240
4 2 7422710
4 11 6240120
5 1 6228240
5 3 5190730
5 7 7010670
5 6 5641000
6 8 3712600
6 7 6590710
6 5 5641000
6 11 5703650
6 16 5029250
7 6 6590710
7 21 6404770
7 5 7010670
8 6 3712600
8 10 3717430
8 15 3457770
9 12 3285840
9 10 3394460
10 15 4971040
10 8 3717430
10 11 5708480
10 9 3394460
11 4 6240120
11 6 5703650
11 10 5708480
12 9 3285840
12 14 4927490
12 13 5289250
12 15 4862420
13 12 5289250
13 15 5138210
13 17 6159050
13 16 5201250
14 17 5797290
14 12 4927490
15 10 4971040
15 13 5138210
15 12 4862420
15 8 3457770
16 23 5932480
16 20 4681630
16 6 5029250
16 13 5201250
17 14 5797290
17 13 6159050
17 19 5612630
17 25 6761610
18 22 4522030
18 25 7410330
18 19 6261350
19 17 5612630
19 18 6261350
19 22 2732880
20 16 4681630
20 25 5647980
20 23 5776650
21 24 4132240
21 23 5938330
21 7 6404770
22 18 4522030
22 19 2732880
23 21 5938330
23 24 5221410
23 16 5932480
23 20 5776650
24 21 4132240
24 23 5221410
25 20 5647980
25 18 7410330
25 17 6761610
