0 4 1848910
0 2 2131030
1 2 3423080
1 5 3139480
1 3 2689390
2 1 3423080
2 0 2131030
2 4 3430240
3 4 2696550
3 1 2689390
3 5 2695070
4 0 1848910
4 3 2696550
4 2 3430240
4 11 3223400
5 1 3139480
5 3 2695070
5 7 2896560
5 6 3167300
6 8 2389790
6 7 2918700
6 5 3167300
6 11 3244060
6 16 2850430
7 6 2918700
7 21 2813300
7 5 2896560
8 6 2389790
8 10 2428570
8 15 2452800
9 12 1802910
9 10 2200730
10 15 3291230
10 8 2428570
10 11 3282840
10 9 2200730
11 4 3223400
11 6 3244060
11 10 3282840
12 9 1802910
12 14 2169950
12 13 2491150
12 15 2893410
13 12 2491150
13 15 2913200
13 17 3041530
13 16 2511180
14 17 2720330
14 12 2169950
15 10 3291230
15 13 2913200
15 12 2893410
15 8 2452800
16 23 2676840
16 20 2829270
16 6 2850430
16 13 2511180
17 14 2720330
17 13 3041530
17 19 2997810
17 25 3801310
18 22 2648560
18 25 4399800
18 19 3596300
19 17 2997810
19 18 3596300
19 22 1475760
20 16 2829270
20 25 3588810
20 23 2994690
21 24 2542760
21 23 2910450
21 7 2813300
22 18 2648560
22 19 1475760
23 21 2910450
23 24 2474570
23 16 2676840
23 20 2994690
24 21 2542760
24 23 2474570
25 20 3588810
25 18 4399800
25 17 3801310
