0 4 2627110
0 2 2729340
1 2 5018410
1 5 4866520
1 3 4205620
2 1 5018410
2 0 2729340
2 4 4995510
3 4 4182720
3 1 4205620
3 5 4133060
4 0 2627110
4 3 4182720
4 2 4995510
4 11 4911360
5 1 4866520
5 3 4133060
5 7 4872780
5 6 4623230
6 8 3011040
6 7 4702050
6 5 4623230
6 11 4690970
6 16 3822340
7 6 4702050
7 21 4168590
7 5 4872780
8 6 3011040
8 10 2728160
8 15 2764630
9 12 2225250
9 10 2535320
10 15 3923210
10 8 2728160
10 11 4408090
10 9 2535320
11 4 4911360
11 6 4690970
11 10 4408090
12 9 2225250
12 14 2663700
12 13 3357840
12 15 3613140
13 12 3357840
13 15 3704380
13 17 3793900
13 16 3320630
14 17 3099760
14 12 2663700
15 10 3923210
15 13 3704380
15 12 3613140
15 8 2764630
16 23 4344700
16 20 2906130
16 6 3822340
16 13 3320630
17 14 3099760
17 13 3793900
17 19 3237290
17 25 4140400
18 22 2298800
18 25 4279430
18 19 3376320
19 17 3237290
19 18 3376320
19 22 1258340
20 16 2906130
20 25 3381080
20 23 4058650
21 24 3176440
21 23 4441400
21 7 4168590
22 18 2298800
22 19 1258340
23 21 4441400
23 24 4232260
23 16 4344700
23 20 4058650
24 21 3176440
24 23 4232260
25 20 3381080
25 18 4279430
25 17 4140400
