0 4 2080060
0 2 1975270
1 2 3705730
1 5 4175680
1 3 3511030
2 1 3705730
2 0 1975270
2 4 3305090
3 4 3110390
3 1 3511030
3 5 3475550
4 0 2080060
4 3 3110390
4 2 3305090
4 11 3655020
5 1 4175680
5 3 3475550
5 7 4193200
5 6 4045850
6 8 3022500
6 7 4098850
6 5 4045850
6 11 3925830
6 16 3331800
7 6 4098850
7 21 3506910
7 5 4193200
8 6 3022500
8 10 2741820
8 15 3167130
9 12 2621330
9 10 2375240
10 15 3815450
10 8 2741820
10 11 3645150
10 9 2375240
11 4 3655020
11 6 3925830
11 10 3645150
12 9 2621330
12 14 3031880
12 13 3894440
12 15 4061540
13 12 3894440
13 15 4073660
13 17 4005030
13 16 3309330
14 17 3142470
14 12 3031880
15 10 3815450
15 13 4073660
15 12 4061540
15 8 3167130
16 23 3636540
16 20 3456270
16 6 3331800
16 13 3309330
17 14 3142470
17 13 4005030
17 19 3482140
17 25 4592750
18 22 2992520
18 25 5144160
18 19 4033550
19 17 3482140
19 18 4033550
19 22 1819750
20 16 3456270
20 25 4641220
20 23 4380710
21 24 2767460
21 23 3664300
21 7 3506910
22 18 2992520
22 19 1819750
23 21 3664300
23 24 3664140
23 16 3636540
23 20 4380710
24 21 2767460
24 23 3664140
25 20 4641220
25 18 5144160
25 17 4592750
