0 4 1920920
0 2 2613010
1 2 4328440
1 5 3904360
1 3 3388100
2 1 4328440
2 0 2613010
2 4 4087810
3 4 3147470
3 1 3388100
3 5 3415480
4 0 1920920
4 3 3147470
4 2 4087810
4 11 3385710
5 1 3904360
5 3 3415480
5 7 3508410
5 6 3833150
6 8 2904170
6 7 3409820
6 5 3833150
6 11 3555130
6 16 3542550
7 6 3409820
7 21 3137610
7 5 3508410
8 6 2904170
8 10 2679060
8 15 2688050
9 12 2407940
9 10 2081150
10 15 3293330
10 8 2679060
10 11 3330020
10 9 2081150
11 4 3385710
11 6 3555130
11 10 3330020
12 9 2407940
12 14 3277860
12 13 4094380
12 15 3620120
13 12 4094380
13 15 3776580
13 17 4560540
13 16 3800690
14 17 3744020
14 12 3277860
15 10 3293330
15 13 3776580
15 12 3620120
15 8 2688050
16 23 4194700
16 20 3411400
16 6 3542550
16 13 3800690
17 14 3744020
17 13 4560540
17 19 3770010
17 25 4599960
18 22 2400120
18 25 4352150
18 19 3522200
19 17 3770010
19 18 3522200
19 22 1547700
20 16 3411400
20 25 3900970
20 23 4255560
21 24 3114780
21 23 4114500
21 7 3137610
22 18 2400120
22 19 1547700
23 21 4114500
23 24 4039140
23 16 4194700
23 20 4255560
24 21 3114780
24 23 4039140
25 20 3900970
25 18 4352150
25 17 4599960
