0 4 3210380
0 2 3461390
1 2 5853150
1 5 4976820
1 3 4894200
2 1 5853150
2 0 3461390
2 4 5547890
3 4 4588940
3 1 4894200
3 5 3963620
4 0 3210380
4 3 4588940
4 2 5547890
4 11 5188770
5 1 4976820
5 3 3963620
5 7 4579670
5 6 4343810
6 8 3295660
6 7 4877240
6 5 4343810
6 11 4861020
6 16 4423220
7 6 4877240
7 21 3955460
7 5 4579670
8 6 3295660
8 10 3534910
8 15 3662140
9 12 3243470
9 10 3466640
10 15 5247110
10 8 3534910
10 11 5100270
10 9 3466640
11 4 5188770
11 6 4861020
11 10 5100270
12 9 3243470
12 14 3561700
12 13 4786540
12 15 5023940
13 12 4786540
13 15 5136940
13 17 5016120
13 16 4552300
14 17 3791280
14 12 3561700
15 10 5247110
15 13 5136940
15 12 5023940
15 8 3662140
16 23 4401310
16 20 3948690
16 6 4423220
16 13 4552300
17 14 3791280
17 13 5016120
17 19 4641300
17 25 5158150
18 22 3231980
18 25 5451240
18 19 4934390
19 17 4641300
19 18 4934390
19 22 2447490
20 16 3948690
20 25 4437960
20 23 4144940
21 24 2654240
21 23 3697690
21 7 3955460
22 18 3231980
22 19 2447490
23 21 3697690
23 24 3554110
23 16 4401310
23 20 4144940
24 21 2654240
24 23 3554110
25 20 4437960
25 18 5451240
25 17 5158150
