0 4 4284300
0 2 5097970
1 2 8542450
1 5 7759420
1 3 6685680
2 1 8542450
2 0 5097970
2 4 8588330
3 4 6731560
3 1 6685680
3 5 6762200
4 0 4284300
4 3 6731560
4 2 8588330
4 11 7840340
5 1 7759420
5 3 6762200
5 7 7627030
5 6 7207930
6 8 4419510
6 7 6999020
6 5 7207930
6 11 7242970
6 16 5689500
7 6 6999020
7 21 5914720
7 5 7627030
8 6 4419510
8 10 4641030
8 15 4892260
9 12 4779170
9 10 4629820
10 15 7274190
10 8 4641030
10 11 7464490
10 9 4629820
11 4 7840340
11 6 7242970
11 10 7464490
12 9 4779170
12 14 5571970
12 13 6141970
12 15 7423540
13 12 6141970
13 15 6243850
13 17 5446560
13 16 4880680
14 17 4876560
14 12 5571970
15 10 7274190
15 13 6243850
15 12 7423540
15 8 4892260
16 23 6944070
16 20 5189610
16 6 5689500
16 13 4880680
17 14 4876560
17 13 5446560
17 19 4813310
17 25 6203470
18 22 3550720
18 25 6400170
18 19 5010010
19 17 4813310
19 18 5010010
19 22 2236490
20 16 5189610
20 25 6028120
20 23 7334600
21 24 3759390
21 23 6750190
21 7 5914720
22 18 3550720
22 19 2236490
23 21 6750190
23 24 6098260
23 16 6944070
23 20 7334600
24 21 3759390
24 23 6098260
25 20 6028120
25 18 6400170
25 17 6203470
