0 4 1999320
0 2 2322720
1 2 3815290
1 5 3607160
1 3 2893810
2 1 3815290
2 0 2322720
2 4 3780580
3 4 2859100
3 1 2893810
3 5 2974370
4 0 1999320
4 3 2859100
4 2 3780580
4 11 3498170
5 1 3607160
5 3 2974370
5 7 3457660
5 6 3235750
6 8 2288860
6 7 3005690
6 5 3235750
6 11 3161470
6 16 3339150
7 6 3005690
7 21 2839430
7 5 3457660
8 6 2288860
8 10 2631480
8 15 2459210
9 12 2780960
9 10 2464020
10 15 3296750
10 8 2631480
10 11 3504090
10 9 2464020
11 4 3498170
11 6 3161470
11 10 3504090
12 9 2780960
12 14 2984700
12 13 4118310
12 15 3613690
13 12 4118310
13 15 3629100
13 17 4052440
13 16 4014120
14 17 2918830
14 12 2984700
15 10 3296750
15 13 3629100
15 12 3613690
15 8 2459210
16 23 4020150
16 20 3428160
16 6 3339150
16 13 4014120
17 14 2918830
17 13 4052440
17 19 3268960
17 25 4443030
18 22 2636540
18 25 4880190
18 19 3706120
19 17 3268960
19 18 3706120
19 22 1497180
20 16 3428160
20 25 3938350
20 23 3553790
21 24 2648070
21 23 3298520
21 7 2839430
22 18 2636540
22 19 1497180
23 21 3298520
23 24 3495330
23 16 4020150
23 20 3553790
24 21 2648070
24 23 3495330
25 20 3938350
25 18 4880190
25 17 4443030
