0 4 1605530
0 2 1744360
1 2 2981370
1 5 2530390
1 3 2319150
2 1 2981370
2 0 1744360
2 4 3097730
3 4 2435510
3 1 2319150
3 5 2123360
4 0 1605530
4 3 2435510
4 2 3097730
4 11 3092340
5 1 2530390
5 3 2123360
5 7 3200870
5 6 2744080
6 8 2372620
6 7 3610350
6 5 2744080
6 11 3189670
6 16 2871370
7 6 3610350
7 21 3342220
7 5 3200870
8 6 2372620
8 10 2347580
8 15 2630920
9 12 2350430
9 10 2205460
10 15 3386820
10 8 2347580
10 11 3164630
10 9 2205460
11 4 3092340
11 6 3189670
11 10 3164630
12 9 2350430
12 14 2788910
12 13 3262940
12 15 3531790
13 12 3262940
13 15 3401310
13 17 3601630
13 16 2860820
14 17 3127600
14 12 2788910
15 10 3386820
15 13 3401310
15 12 3531790
15 8 2630920
16 23 3029290
16 20 2989430
16 6 2871370
16 13 2860820
17 14 3127600
17 13 3601630
17 19 3145070
17 25 4407610
18 22 2349260
18 25 4479310
18 19 3216770
19 17 3145070
19 18 3216770
19 22 1351830
20 16 2989430
20 25 4067050
20 23 3429540
21 24 2200200
21 23 3043350
21 7 3342220
22 18 2349260
22 19 1351830
23 21 3043350
23 24 2626250
23 16 3029290
23 20 3429540
24 21 2200200
24 23 2626250
25 20 4067050
25 18 4479310
25 17 4407610
