0 4 3033020
0 2 3874810
1 2 6610830
1 5 5794060
1 3 5216330
2 1 6610830
2 0 3874810
2 4 6170550
3 4 4776050
3 1 5216330
3 5 4801070
4 0 3033020
4 3 4776050
4 2 6170550
4 11 5777330
5 1 5794060
5 3 4801070
5 7 5776930
5 6 5508770
6 8 4543040
6 7 5906900
6 5 5508770
6 11 5932320
6 16 5176120
7 6 5906900
7 21 4783860
7 5 5776930
8 6 4543040
8 10 4812780
8 15 4925090
9 12 4928940
9 10 4056700
10 15 6290530
10 8 4812780
10 11 6202060
10 9 4056700
11 4 5777330
11 6 5932320
11 10 6202060
12 9 4928940
12 14 5947910
12 13 6833380
12 15 7162770
13 12 6833380
13 15 6073450
13 17 6814330
13 16 5228780
14 17 5928860
14 12 5947910
15 10 6290530
15 13 6073450
15 12 7162770
15 8 4925090
16 23 5437470
16 20 4669730
16 6 5176120
16 13 5228780
17 14 5928860
17 13 6814330
17 19 6466770
17 25 8227180
18 22 5148910
18 25 8951580
18 19 7191170
19 17 6466770
19 18 7191170
19 22 3006680
20 16 4669730
20 25 6597860
20 23 5393700
21 24 3178710
21 23 4777050
21 7 4783860
22 18 5148910
22 19 3006680
23 21 4777050
23 24 4563100
23 16 5437470
23 20 5393700
24 21 3178710
24 23 4563100
25 20 6597860
25 18 8951580
25 17 8227180
