0 4 2407810
0 2 3002410
1 2 4953010
1 5 4407520
1 3 3710720
2 1 4953010
2 0 3002410
2 4 5012140
3 4 3769850
3 1 3710720
3 5 3818960
4 0 2407810
4 3 3769850
4 2 5012140
4 11 4488520
5 1 4407520
5 3 3818960
5 7 4291630
5 6 4426030
6 8 3014490
6 7 4201900
6 5 4426030
6 11 4447900
6 16 3863430
7 6 4201900
7 21 3452440
7 5 4291630
8 6 3014490
8 10 3155160
8 15 2900430
9 12 2199500
9 10 2879950
10 15 4362910
10 8 3155160
10 11 4588570
10 9 2879950
11 4 4488520
11 6 4447900
11 10 4588570
12 9 2199500
12 14 2970600
12 13 3541470
12 15 3682460
13 12 3541470
13 15 3967190
13 17 4070690
13 16 3608380
14 17 3499820
14 12 2970600
15 10 4362910
15 13 3967190
15 12 3682460
15 8 2900430
16 23 3579320
16 20 3574700
16 6 3863430
16 13 3608380
17 14 3499820
17 13 4070690
17 19 3294420
17 25 4513570
18 22 2469440
18 25 4453480
18 19 3234330
19 17 3294420
19 18 3234330
19 22 1508770
20 16 3574700
20 25 4235400
20 23 3763460
21 24 2720570
21 23 3302730
21 7 3452440
22 18 2469440
22 19 1508770
23 21 3302730
23 24 3185920
23 16 3579320
23 20 3763460
24 21 2720570
24 23 3185920
25 20 4235400
25 18 4453480
25 17 4513570
