0 4 3504440
0 2 4038600
1 2 6295600
1 5 5516250
1 3 4818170
2 1 6295600
2 0 4038600
2 4 6140880
3 4 4663450
3 1 4818170
3 5 4418260
4 0 3504440
4 3 4663450
4 2 6140880
4 11 5501290
5 1 5516250
5 3 4418260
5 7 5333330
5 6 5315970
6 8 4845630
6 7 5532960
6 5 5315970
6 11 5455730
6 16 4971780
7 6 5532960
7 21 4275450
7 5 5333330
8 6 4845630
8 10 4950900
8 15 5397600
9 12 5496830
9 10 4265270
10 15 6172840
10 8 4950900
10 11 5561000
10 9 4265270
11 4 5501290
11 6 5455730
11 10 5561000
12 9 5496830
12 14 5349150
12 13 6615310
12 15 7404400
13 12 6615310
13 15 5830450
13 17 4693520
13 16 4734660
14 17 3427360
14 12 5349150
15 10 6172840
15 13 5830450
15 12 7404400
15 8 5397600
16 23 5436580
16 20 4130140
16 6 4971780
16 13 4734660
17 14 3427360
17 13 4693520
17 19 3660090
17 25 4587790
18 22 2653470
18 25 4880610
18 19 3952910
19 17 3660090
19 18 3952910
19 22 1675060
20 16 4130140
20 25 4331110
20 23 5138760
21 24 3520980
21 23 4722890
21 7 4275450
22 18 2653470
22 19 1675060
23 21 4722890
23 24 5243290
23 16 5436580
23 20 5138760
24 21 3520980
24 23 5243290
25 20 4331110
25 18 4880610
25 17 4587790
