0 4 2875240
0 2 4506630
1 2 7211630
1 5 5467620
1 3 4885090
2 1 7211630
2 0 4506630
2 4 6518690
3 4 4192150
3 1 4885090
3 5 4079530
4 0 2875240
4 3 4192150
4 2 6518690
4 11 5019770
5 1 5467620
5 3 4079530
5 7 4253120
5 6 4342040
6 8 2867240
6 7 3933100
6 5 4342040
6 11 4587130
6 16 3785150
7 6 3933100
7 21 3775660
7 5 4253120
8 6 2867240
8 10 3185970
8 15 2995890
9 12 2240130
9 10 3095040
10 15 4469400
10 8 3185970
10 11 4905860
10 9 3095040
11 4 5019770
11 6 4587130
11 10 4905860
12 9 2240130
12 14 2622640
12 13 3142030
12 15 3614490
13 12 3142030
13 15 3806860
13 17 3924840
13 16 3441340
14 17 3405450
14 12 2622640
15 10 4469400
15 13 3806860
15 12 3614490
15 8 2995890
16 23 4136520
16 20 3417110
16 6 3785150
16 13 3441340
17 14 3405450
17 13 3924840
17 19 3718300
17 25 4470150
18 22 2825240
18 25 4718120
18 19 3966270
19 17 3718300
19 18 3966270
19 22 1780290
20 16 3417110
20 25 3855480
20 23 4005350
21 24 3530690
21 23 4215950
21 7 3775660
22 18 2825240
22 19 1780290
23 21 4215950
23 24 4039500
23 16 4136520
23 20 4005350
24 21 3530690
24 23 4039500
25 20 3855480
25 18 4718120
25 17 4470150
