0 4 2263350
0 2 2980200
1 2 4655830
1 5 3496160
1 3 3254970
2 1 4655830
2 0 2980200
2 4 4677670
3 4 3276810
3 1 3254970
3 5 2833990
4 0 2263350
4 3 3276810
4 2 4677670
4 11 4039230
5 1 3496160
5 3 2833990
5 7 3740980
5 6 3509180
6 8 3206000
6 7 4174980
6 5 3509180
6 11 4030410
6 16 3648310
7 6 4174980
7 21 3944630
7 5 3740980
8 6 3206000
8 10 3355160
8 15 3475290
9 12 3077080
9 10 2822010
10 15 4361630
10 8 3355160
10 11 4179570
10 9 2822010
11 4 4039230
11 6 4030410
11 10 4179570
12 9 3077080
12 14 3344040
12 13 4740540
12 15 4616700
13 12 4740540
13 15 4605600
13 17 4486600
13 16 4041440
14 17 3090100
14 12 3344040
15 10 4361630
15 13 4605600
15 12 4616700
15 8 3475290
16 23 4585730
16 20 3569850
16 6 3648310
16 13 4041440
17 14 3090100
17 13 4486600
17 19 3457640
17 25 4820930
18 22 2438570
18 25 4932060
18 19 3568770
19 17 3457640
19 18 3568770
19 22 1541320
20 16 3569850
20 25 4592180
20 23 4802140
21 24 3225000
21 23 4650250
21 7 3944630
22 18 2438570
22 19 1541320
23 21 4650250
23 24 4392770
23 16 4585730
23 20 4802140
24 21 3225000
24 23 4392770
25 20 4592180
25 18 4932060
25 17 4820930
