0 4 1943740
0 2 2591260
1 2 4667190
1 5 3905410
1 3 3895870
2 1 4667190
2 0 2591260
2 4 4133680
3 4 3362360
3 1 3895870
3 5 3248100
4 0 1943740
4 3 3362360
4 2 4133680
4 11 3572500
5 1 3905410
5 3 3248100
5 7 4171180
5 6 3448650
6 8 2782700
6 7 4362190
6 5 3448650
6 11 3649250
6 16 3167630
7 6 4362190
7 21 4284360
7 5 4171180
8 6 2782700
8 10 2481820
8 15 2570950
9 12 2001070
9 10 2125120
10 15 3127030
10 8 2481820
10 11 3348370
10 9 2125120
11 4 3572500
11 6 3649250
11 10 3348370
12 9 2001070
12 14 2561360
12 13 2842330
12 15 3002980
13 12 2842330
13 15 3055510
13 17 3309700
13 16 2795230
14 17 3028730
14 12 2561360
15 10 3127030
15 13 3055510
15 12 3002980
15 8 2570950
16 23 3137170
16 20 2720490
16 6 3167630
16 13 2795230
17 14 3028730
17 13 3309700
17 19 2815920
17 25 3486420
18 22 2009580
18 25 3374260
18 19 2703760
19 17 2815920
19 18 2703760
19 22 1213120
20 16 2720490
20 25 2996840
20 23 3162060
21 24 2865660
21 23 3531370
21 7 4284360
22 18 2009580
22 19 1213120
23 21 3531370
23 24 2913030
23 16 3137170
23 20 3162060
24 21 2865660
24 23 2913030
25 20 2996840
25 18 3374260
25 17 3486420
