0 4 2653430
0 2 3586430
1 2 5676110
1 5 5094570
1 3 4268510
2 1 5676110
2 0 3586430
2 4 5207240
3 4 3799640
3 1 4268510
3 5 4151100
4 0 2653430
4 3 3799640
4 2 5207240
4 11 4366180
5 1 5094570
5 3 4151100
5 7 4975620
5 6 4552440
6 8 2966620
6 7 4550900
6 5 4552440
6 11 4292920
6 16 3681910
7 6 4550900
7 21 4096580
7 5 4975620
8 6 2966620
8 10 2586670
8 15 2677940
9 12 2291990
9 10 2278000
10 15 3459090
10 8 2586670
10 11 3912970
10 9 2278000
11 4 4366180
11 6 4292920
11 10 3912970
12 9 2291990
12 14 2841320
12 13 3129180
12 15 3473080
13 12 3129180
13 15 3206460
13 17 3296120
13 16 3049330
14 17 3008260
14 12 2841320
15 10 3459090
15 13 3206460
15 12 3473080
15 8 2677940
16 23 4028550
16 20 2754830
16 6 3681910
16 13 3049330
17 14 3008260
17 13 3296120
17 19 2920430
17 25 3923560
18 22 2256250
18 25 4153280
18 19 3150150
19 17 2920430
19 18 3150150
19 22 1217280
20 16 2754830
20 25 3195500
20 23 3547280
21 24 2856680
21 23 4020040
21 7 4096580
22 18 2256250
22 19 1217280
23 21 4020040
23 24 3657640
23 16 4028550
23 20 3547280
24 21 2856680
24 23 3657640
25 20 3195500
25 18 4153280
25 17 3923560
