0 4 2623800
0 2 3287730
1 2 5583040
1 5 4658230
1 3 3935890
2 1 5583040
2 0 3287730
2 4 5794290
3 4 4147140
3 1 3935890
3 5 3886260
4 0 2623800
4 3 4147140
4 2 5794290
4 11 5179380
5 1 4658230
5 3 3886260
5 7 5084670
5 6 4881080
6 8 4063820
6 7 5357150
6 5 4881080
6 11 5190980
6 16 5467090
7 6 5357150
7 21 4617400
7 5 5084670
8 6 4063820
8 10 3895820
8 15 4026810
9 12 3367910
9 10 3169620
10 15 4948550
10 8 3895820
10 11 5022980
10 9 3169620
11 4 5179380
11 6 5190980
11 10 5022980
12 9 3367910
12 14 4117090
12 13 5391980
12 15 5146840
13 12 5391980
13 15 5324680
13 17 5131160
13 16 5675220
14 17 3856270
14 12 4117090
15 10 4948550
15 13 5324680
15 12 5146840
15 8 4026810
16 23 6519620
16 20 4595280
16 6 5467090
16 13 5675220
17 14 3856270
17 13 5131160
17 19 3910220
17 25 4660880
18 22 2543650
18 25 4760660
18 19 4010000
19 17 3910220
19 18 4010000
19 22 1661590
20 16 4595280
20 25 4019600
20 23 5334280
21 24 3289220
21 23 5466340
21 7 4617400
22 18 2543650
22 19 1661590
23 21 5466340
23 24 5081500
23 16 6519620
23 20 5334280
24 21 3289220
24 23 5081500
25 20 4019600
25 18 4760660
25 17 4660880
