0 4 2743630
0 2 3299940
1 2 5561740
1 5 5155060
1 3 4498990
2 1 5561740
2 0 3299940
2 4 5223930
3 4 4161180
3 1 4498990
3 5 4310810
4 0 2743630
4 3 4161180
4 2 5223930
4 11 4900150
5 1 5155060
5 3 4310810
5 7 4370830
5 6 4762630
6 8 2970270
6 7 4166580
6 5 4762630
6 11 4845530
6 16 4082240
7 6 4166580
7 21 3534000
7 5 4370830
8 6 2970270
8 10 2844260
8 15 2905700
9 12 2879060
9 10 2842840
10 15 4367800
10 8 2844260
10 11 4719520
10 9 2842840
11 4 4900150
11 6 4845530
11 10 4719520
12 9 2879060
12 14 3842800
12 13 4006450
12 15 4404020
13 12 4006450
13 15 4031670
13 17 4251660
13 16 3620100
14 17 4088010
14 12 3842800
15 10 4367800
15 13 4031670
15 12 4404020
15 8 2905700
16 23 3935020
16 20 3460470
16 6 4082240
16 13 3620100
17 14 4088010
17 13 4251660
17 19 4291100
17 25 4405540
18 22 3247410
18 25 4905380
18 19 4790940
19 17 4291100
19 18 4790940
19 22 2169450
20 16 3460470
20 25 3628350
20 23 3789390
21 24 3668150
21 23 3778580
21 7 3534000
22 18 3247410
22 19 2169450
23 21 3778580
23 24 4153510
23 16 3935020
23 20 3789390
24 21 3668150
24 23 4153510
25 20 3628350
25 18 4905380
25 17 4405540
