0 4 1402710
0 2 1590980
1 2 2762950
1 5 2504040
1 3 2135580
2 1 2762950
2 0 1590980
2 4 2855370
3 4 2228000
3 1 2135580
3 5 2157360
4 0 1402710
4 3 2228000
4 2 2855370
4 11 2646050
5 1 2504040
5 3 2157360
5 7 2618600
5 6 2616500
6 8 2092590
6 7 2709280
6 5 2616500
6 11 2666090
6 16 2370040
7 6 2709280
7 21 2324580
7 5 2618600
8 6 2092590
8 10 2143900
8 15 2450950
9 12 1962710
9 10 1900820
10 15 3116850
10 8 2143900
10 11 2717400
10 9 1900820
11 4 2646050
11 6 2666090
11 10 2717400
12 9 1962710
12 14 2201920
12 13 2865690
12 15 3178740
13 12 2865690
13 15 3110850
13 17 3129790
13 16 2415350
14 17 2466020
14 12 2201920
15 10 3116850
15 13 3110850
15 12 3178740
15 8 2450950
16 23 2329470
16 20 2296190
16 6 2370040
16 13 2415350
17 14 2466020
17 13 3129790
17 19 2971150
17 25 3484930
18 22 1940890
18 25 3632740
18 19 3118960
19 17 2971150
19 18 3118960
19 22 1302450
20 16 2296190
20 25 3033780
20 23 2592760
21 24 1922480
21 23 2281910
21 7 2324580
22 18 1940890
22 19 1302450
23 21 2281910
23 24 2266610
23 16 2329470
23 20 2592760
24 21 1922480
24 23 2266610
25 20 3033780
25 18 3632740
25 17 3484930
