0 4 3178190
0 2 3306270
1 2 4989140
1 5 4431020
1 3 3826610
2 1 4989140
2 0 3306270
2 4 5427160
3 4 4264630
3 1 3826610
3 5 3834590
4 0 3178190
4 3 4264630
4 2 5427160
4 11 5291080
5 1 4431020
5 3 3834590
5 7 4178410
5 6 4258120
6 8 3097770
6 7 3997530
6 5 4258120
6 11 4680160
6 16 3624720
7 6 3997530
7 21 3376610
7 5 4178410
8 6 3097770
8 10 3471810
8 15 3411000
9 12 3153490
9 10 3413150
10 15 4764510
10 8 3471810
10 11 5054200
10 9 3413150
11 4 5291080
11 6 4680160
11 10 5054200
12 9 3153490
12 14 3573370
12 13 3938120
12 15 4504850
13 12 3938120
13 15 4136970
13 17 4107390
13 16 3371220
14 17 3742640
14 12 3573370
15 10 4764510
15 13 4136970
15 12 4504850
15 8 3411000
16 23 3466760
16 20 3374510
16 6 3624720
16 13 3371220
17 14 3742640
17 13 4107390
17 19 3664180
17 25 5034310
18 22 2505200
18 25 4917410
18 19 3547280
19 17 3664180
19 18 3547280
19 22 1641740
20 16 3374510
20 25 4500450
20 23 3669070
21 24 2440330
21 23 3298360
21 7 3376610
22 18 2505200
22 19 1641740
23 21 3298360
23 24 2903290
23 16 3466760
23 20 3669070
24 21 2440330
24 23 2903290
25 20 4500450
25 18 4917410
25 17 5034310
