0 4 2159140
0 2 2463610
1 2 4482300
1 5 4228920
1 3 3727470
2 1 4482300
2 0 2463610
2 4 3969870
3 4 3215040
3 1 3727470
3 5 3266130
4 0 2159140
4 3 3215040
4 2 3969870
4 11 3918420
5 1 4228920
5 3 3266130
5 7 4060420
5 6 3697690
6 8 2703980
6 7 3990530
6 5 3697690
6 11 3899620
6 16 3455630
7 6 3990530
7 21 3869750
7 5 4060420
8 6 2703980
8 10 2666940
8 15 2764440
9 12 2402180
9 10 2456030
10 15 3651220
10 8 2666940
10 11 3862580
10 9 2456030
11 4 3918420
11 6 3899620
11 10 3862580
12 9 2402180
12 14 3100410
12 13 3554980
12 15 3597370
13 12 3554980
13 15 3706330
13 17 4473610
13 16 3473700
14 17 4019040
14 12 3100410
15 10 3651220
15 13 3706330
15 12 3597370
15 8 2764440
16 23 3938550
16 20 3949690
16 6 3455630
16 13 3473700
17 14 4019040
17 13 4473610
17 19 4343770
17 25 5309880
18 22 2961630
18 25 5214190
18 19 4248080
19 17 4343770
19 18 4248080
19 22 2117810
20 16 3949690
20 25 4976200
20 23 4604780
21 24 2887210
21 23 3989940
21 7 3869750
22 18 2961630
22 19 2117810
23 21 3989940
23 24 3490910
23 16 3938550
23 20 4604780
24 21 2887210
24 23 3490910
25 20 4976200
25 18 5214190
25 17 5309880
