0 4 1604910
0 2 2580990
1 2 4192750
1 5 3369730
1 3 2820880
2 1 4192750
2 0 2580990
2 4 3940880
3 4 2569010
3 1 2820880
3 5 2722070
4 0 1604910
4 3 2569010
4 2 3940880
4 11 2879820
5 1 3369730
5 3 2722070
5 7 3443280
5 6 3112240
6 8 2467440
6 7 3284600
6 5 3112240
6 11 2874200
6 16 2780410
7 6 3284600
7 21 3057770
7 5 3443280
8 6 2467440
8 10 2328450
8 15 2647740
9 12 2708020
9 10 1945600
10 15 2994870
10 8 2328450
10 11 2735210
10 9 1945600
11 4 2879820
11 6 2874200
11 10 2735210
12 9 2708020
12 14 3514900
12 13 3799430
12 15 3757290
13 12 3799430
13 15 3356300
13 17 4129580
13 16 3002850
14 17 3845050
14 12 3514900
15 10 2994870
15 13 3356300
15 12 3757290
15 8 2647740
16 23 3170270
16 20 2664380
16 6 2780410
16 13 3002850
17 14 3845050
17 13 4129580
17 19 3430760
17 25 4942980
18 22 2285770
18 25 4487210
18 19 2974990
19 17 3430760
19 18 2974990
19 22 1311580
20 16 2664380
20 25 3873370
20 23 3227390
21 24 2046590
21 23 3116590
21 7 3057770
22 18 2285770
22 19 1311580
23 21 3116590
23 24 2663280
23 16 3170270
23 20 3227390
24 21 2046590
24 23 2663280
25 20 3873370
25 18 4487210
25 17 4942980
