0 4 2410190
0 2 2534920
1 2 4510820
1 5 4400850
1 3 3741810
2 1 4510820
2 0 2534920
2 4 4385310
3 4 3616300
3 1 3741810
3 5 3631060
4 0 2410190
4 3 3616300
4 2 4385310
4 11 4413520
5 1 4400850
5 3 3631060
5 7 3707130
5 6 3983810
6 8 2586550
6 7 3400840
6 5 3983810
6 11 4121990
6 16 3433430
7 6 3400840
7 21 3021770
7 5 3707130
8 6 2586550
8 10 2307190
8 15 2589810
9 12 2487900
9 10 2124710
10 15 3401420
10 8 2307190
10 11 3842630
10 9 2124710
11 4 4413520
11 6 4121990
11 10 3842630
12 9 2487900
12 14 3525850
12 13 3585850
12 15 3764610
13 12 3585850
13 15 3505280
13 17 4238260
13 16 3257930
14 17 4178260
14 12 3525850
15 10 3401420
15 13 3505280
15 12 3764610
15 8 2589810
16 23 3857240
16 20 3882740
16 6 3433430
16 13 3257930
17 14 4178260
17 13 4238260
17 19 4615180
17 25 5015980
18 22 3742950
18 25 5718560
18 19 5317760
19 17 4615180
19 18 5317760
19 22 2505550
20 16 3882740
20 25 4729050
20 23 4550640
21 24 2566090
21 23 3722260
21 7 3021770
22 18 3742950
22 19 2505550
23 21 3722260
23 24 3368970
23 16 3857240
23 20 4550640
24 21 2566090
24 23 3368970
25 20 4729050
25 18 5718560
25 17 5015980
