0 4 3097150
0 2 4203200
1 2 5564360
1 5 4282990
1 3 3707630
2 1 5564360
2 0 4203200
2 4 5757810
3 4 3901080
3 1 3707630
3 5 3725760
4 0 3097150
4 3 3901080
4 2 5757810
4 11 4554330
5 1 4282990
5 3 3725760
5 7 4323930
5 6 4636530
6 8 3985450
6 7 4659340
6 5 4636530
6 11 4714420
6 16 4606470
7 6 4659340
7 21 4088030
7 5 4323930
8 6 3985450
8 10 3903000
8 15 4102020
9 12 2948800
9 10 3318840
10 15 5006060
10 8 3903000
10 11 4631970
10 9 3318840
11 4 4554330
11 6 4714420
11 10 4631970
12 9 2948800
12 14 2860390
12 13 4298980
12 15 4636020
13 12 4298980
13 15 4868040
13 17 4105780
13 16 4386000
14 17 2667190
14 12 2860390
15 10 5006060
15 13 4868040
15 12 4636020
15 8 4102020
16 23 4628370
16 20 3562090
16 6 4606470
16 13 4386000
17 14 2667190
17 13 4105780
17 19 3356500
17 25 3599080
18 22 2851270
18 25 4472760
18 19 4230180
19 17 3356500
19 18 4230180
19 22 1653530
20 16 3562090
20 25 3200390
20 23 3949460
21 24 4104780
21 23 4422530
21 7 4088030
22 18 2851270
22 19 1653530
23 21 4422530
23 24 4697990
23 16 4628370
23 20 3949460
24 21 4104780
24 23 4697990
25 20 3200390
25 18 4472760
25 17 3599080
