0 4 1871740
0 2 2237370
1 2 3797030
1 5 3662350
1 3 3102220
2 1 3797030
2 0 2237370
2 4 3506410
3 4 2811600
3 1 3102220
3 5 3042550
4 0 1871740
4 3 2811600
4 2 3506410
4 11 3450060
5 1 3662350
5 3 3042550
5 7 3310930
5 6 3401470
6 8 2398440
6 7 3109720
6 5 3401470
6 11 3479800
6 16 2891910
7 6 3109720
7 21 3021140
7 5 3310930
8 6 2398440
8 10 2587250
8 15 2442960
9 12 2337260
9 10 2512890
10 15 3433590
10 8 2587250
10 11 3668610
10 9 2512890
11 4 3450060
11 6 3479800
11 10 3668610
12 9 2337260
12 14 2605020
12 13 3100370
12 15 3257960
13 12 3100370
13 15 3131710
13 17 3315870
13 16 2778840
14 17 2820520
14 12 2605020
15 10 3433590
15 13 3131710
15 12 3257960
15 8 2442960
16 23 3209550
16 20 2895990
16 6 2891910
16 13 2778840
17 14 2820520
17 13 3315870
17 19 2987670
17 25 4101040
18 22 2580610
18 25 4586490
18 19 3473120
19 17 2987670
19 18 3473120
19 22 1425210
20 16 2895990
20 25 3876440
20 23 3521980
21 24 2749790
21 23 3429320
21 7 3021140
22 18 2580610
22 19 1425210
23 21 3429320
23 24 3156010
23 16 3209550
23 20 3521980
24 21 2749790
24 23 3156010
25 20 3876440
25 18 4586490
25 17 4101040
