0 4 2330560
0 2 2168860
1 2 3771280
1 5 3452390
1 3 3183070
2 1 3771280
2 0 2168860
2 4 3916260
3 4 3328050
3 1 3183070
3 5 2847460
4 0 2330560
4 3 3328050
4 2 3916260
4 11 4190730
5 1 3452390
5 3 2847460
5 7 3268100
5 6 3248630
6 8 2549260
6 7 3399950
6 5 3248630
6 11 3841990
6 16 3288290
7 6 3399950
7 21 2915550
7 5 3268100
8 6 2549260
8 10 2987460
8 15 2826700
9 12 2441800
9 10 2573020
10 15 4096120
10 8 2987460
10 11 4280190
10 9 2573020
11 4 4190730
11 6 3841990
11 10 4280190
12 9 2441800
12 14 3051120
12 13 4432660
12 15 3964900
13 12 4432660
13 15 4403120
13 17 4756960
13 16 4033490
14 17 3375420
14 12 3051120
15 10 4096120
15 13 4403120
15 12 3964900
15 8 2826700
16 23 3313750
16 20 2890740
16 6 3288290
16 13 4033490
17 14 3375420
17 13 4756960
17 19 3498220
17 25 4681610
18 22 2194380
18 25 4332900
18 19 3149510
19 17 3498220
19 18 3149510
19 22 1398270
20 16 2890740
20 25 3652780
20 23 3008390
21 24 2353720
21 23 2921540
21 7 2915550
22 18 2194380
22 19 1398270
23 21 2921540
23 24 2863580
23 16 3313750
23 20 3008390
24 21 2353720
24 23 2863580
25 20 3652780
25 18 4332900
25 17 4681610
