0 4 2681590
0 2 3262680
1 2 5411640
1 5 5000710
1 3 4011740
2 1 5411640
2 0 3262680
2 4 5368250
3 4 3968350
3 1 4011740
3 5 4138510
4 0 2681590
4 3 3968350
4 2 5368250
4 11 4752950
5 1 5000710
5 3 4138510
5 7 4902930
5 6 4587770
6 8 3006300
6 7 4363220
6 5 4587770
6 11 4383400
6 16 3589160
7 6 4363220
7 21 4044400
7 5 4902930
8 6 3006300
8 10 3017740
8 15 3013970
9 12 2399470
9 10 2701130
10 15 4067170
10 8 3017740
10 11 4394840
10 9 2701130
11 4 4752950
11 6 4383400
11 10 4394840
12 9 2399470
12 14 2473150
12 13 3348020
12 15 3765510
13 12 3348020
13 15 3645910
13 17 3277490
13 16 3179340
14 17 2402620
14 12 2473150
15 10 4067170
15 13 3645910
15 12 3765510
15 8 3013970
16 23 4465130
16 20 2812840
16 6 3589160
16 13 3179340
17 14 2402620
17 13 3277490
17 19 2832650
17 25 3353300
18 22 2131190
18 25 3578980
18 19 3058330
19 17 2832650
19 18 3058330
19 22 1411600
20 16 2812840
20 25 2937730
20 23 4147710
21 24 3190620
21 23 4605210
21 7 4044400
22 18 2131190
22 19 1411600
23 21 4605210
23 24 4385410
23 16 4465130
23 20 4147710
24 21 3190620
24 23 4385410
25 20 2937730
25 18 3578980
25 17 3353300
