0 4 2955640
0 2 2998360
1 2 4726450
1 5 4425110
1 3 3913780
2 1 4726450
2 0 2998360
2 4 4958920
3 4 4146250
3 1 3913780
3 5 3887630
4 0 2955640
4 3 4146250
4 2 4958920
4 11 5165300
5 1 4425110
5 3 3887630
5 7 5030110
5 6 4378550
6 8 2930790
6 7 5009700
6 5 4378550
6 11 4886270
6 16 3945380
7 6 5009700
7 21 4973850
7 5 5030110
8 6 2930790
8 10 3124740
8 15 2733980
9 12 2736660
9 10 3312680
10 15 4355280
10 8 3124740
10 11 5080220
10 9 3312680
11 4 5165300
11 6 4886270
11 10 5080220
12 9 2736660
12 14 3203240
12 13 3610800
12 15 3779260
13 12 3610800
13 15 3796060
13 17 4274390
13 16 3580110
14 17 3866830
14 12 3203240
15 10 4355280
15 13 3796060
15 12 3779260
15 8 2733980
16 23 4957990
16 20 3286140
16 6 3945380
16 13 3580110
17 14 3866830
17 13 4274390
17 19 3630110
17 25 5381660
18 22 2307470
18 25 5095180
18 19 3343630
19 17 3630110
19 18 3343630
19 22 1302880
20 16 3286140
20 25 4440900
20 23 4711510
21 24 3853340
21 23 5334900
21 7 4973850
22 18 2307470
22 19 1302880
23 21 5334900
23 24 4901800
23 16 4957990
23 20 4711510
24 21 3853340
24 23 4901800
25 20 4440900
25 18 5095180
25 17 5381660
