0 4 1930560
0 2 2665410
1 2 4990550
1 5 4100420
1 3 4011930
2 1 4990550
2 0 2665410
2 4 4368090
3 4 3389470
3 1 4011930
3 5 3234190
4 0 1930560
4 3 3389470
4 2 4368090
4 11 3731370
5 1 4100420
5 3 3234190
5 7 2910090
5 6 3456370
6 8 2977920
6 7 3043780
6 5 3456370
6 11 3709780
6 16 3116190
7 6 3043780
7 21 2346450
7 5 2910090
8 6 2977920
8 10 2966550
8 15 3108870
9 12 2866440
9 10 2671920
10 15 3709640
10 8 2966550
10 11 3698410
10 9 2671920
11 4 3731370
11 6 3709780
11 10 3698410
12 9 2866440
12 14 2508120
12 13 3526710
12 15 3904160
13 12 3526710
13 15 3474510
13 17 2848560
13 16 2869690
14 17 1829970
14 12 2508120
15 10 3709640
15 13 3474510
15 12 3904160
15 8 3108870
16 23 3378400
16 20 2910250
16 6 3116190
16 13 2869690
17 14 1829970
17 13 2848560
17 19 2290490
17 25 2948610
18 22 1976440
18 25 3392450
18 19 2734330
19 17 2290490
19 18 2734330
19 22 1223030
20 16 2910250
20 25 3237670
20 23 3646330
21 24 2121260
21 23 3154940
21 7 2346450
22 18 1976440
22 19 1223030
23 21 3154940
23 24 3080800
23 16 3378400
23 20 3646330
24 21 2121260
24 23 3080800
25 20 3237670
25 18 3392450
25 17 2948610
