0 4 2484030
0 2 2991050
1 2 5065180
1 5 4646660
1 3 3726770
2 1 5065180
2 0 2991050
2 4 5320160
3 4 3981750
3 1 3726770
3 5 4070250
4 0 2484030
4 3 3981750
4 2 5320160
4 11 4919490
5 1 4646660
5 3 4070250
5 7 4570780
5 6 4819910
6 8 3273410
6 7 4400550
6 5 4819910
6 11 4837760
6 16 3924400
7 6 4400550
7 21 3896120
7 5 4570780
8 6 3273410
8 10 2989610
8 15 3183100
9 12 2479690
9 10 2825350
10 15 4275570
10 8 2989610
10 11 4553960
10 9 2825350
11 4 4919490
11 6 4837760
11 10 4553960
12 9 2479690
12 14 2870540
12 13 3428530
12 15 3929910
13 12 3428530
13 15 3967680
13 17 3835430
13 16 3332710
14 17 3277440
14 12 2870540
15 10 4275570
15 13 3967680
15 12 3929910
15 8 3183100
16 23 3974080
16 20 2529830
16 6 3924400
16 13 3332710
17 14 3277440
17 13 3835430
17 19 3509850
17 25 3720110
18 22 2359650
18 25 3840010
18 19 3629750
19 17 3509850
19 18 3629750
19 22 1545040
20 16 2529830
20 25 2548100
20 23 3304790
21 24 3585960
21 23 4194930
21 7 3896120
22 18 2359650
22 19 1545040
23 21 4194930
23 24 4140070
23 16 3974080
23 20 3304790
24 21 3585960
24 23 4140070
25 20 2548100
25 18 3840010
25 17 3720110
