0 4 2441670
0 2 2339030
1 2 4452450
1 5 4453020
1 3 4254330
2 1 4452450
2 0 2339030
2 4 4417140
3 4 4219020
3 1 4254330
3 5 4116950
4 0 2441670
4 3 4219020
4 2 4417140
4 11 4538420
5 1 4453020
5 3 4116950
5 7 5202280
5 6 4242650
6 8 3038570
6 7 5129290
6 5 4242650
6 11 4363360
6 16 4303330
7 6 5129290
7 21 5666900
7 5 5202280
8 6 3038570
8 10 3375360
8 15 3324160
9 12 2883210
9 10 3226490
10 15 4792040
10 8 3375360
10 11 4700150
10 9 3226490
11 4 4538420
11 6 4363360
11 10 4700150
12 9 2883210
12 14 3234360
12 13 4271390
12 15 4448760
13 12 4271390
13 15 4563470
13 17 4565970
13 16 4411550
14 17 3528940
14 12 3234360
15 10 4792040
15 13 4563470
15 12 4448760
15 8 3324160
16 23 5712150
16 20 4081840
16 6 4303330
16 13 4411550
17 14 3528940
17 13 4565970
17 19 3362560
17 25 5086040
18 22 1767040
18 25 4328590
18 19 2605110
19 17 3362560
19 18 2605110
19 22 1141210
20 16 4081840
20 25 4576460
20 23 5356990
21 24 3837470
21 23 6116090
21 7 5666900
22 18 1767040
22 19 1141210
23 21 6116090
23 24 4708680
23 16 5712150
23 20 5356990
24 21 3837470
24 23 4708680
25 20 4576460
25 18 4328590
25 17 5086040
