0 4 2410480
0 2 2803240
1 2 4978440
1 5 4387950
1 3 3991730
2 1 4978440
2 0 2803240
2 4 4888900
3 4 3902190
3 1 3991730
3 5 3704460
4 0 2410480
4 3 3902190
4 2 4888900
4 11 4629970
5 1 4387950
5 3 3704460
5 7 5065290
5 6 4230400
6 8 3128510
6 7 5195010
6 5 4230400
6 11 4561960
6 16 3615830
7 6 5195010
7 21 4587630
7 5 5065290
8 6 3128510
8 10 2748720
8 15 3169050
9 12 2569040
9 10 2391690
10 15 4020870
10 8 2748720
10 11 4182170
10 9 2391690
11 4 4629970
11 6 4561960
11 10 4182170
12 9 2569040
12 14 3160380
12 13 3682820
12 15 4198220
13 12 3682820
13 15 3925800
13 17 3927450
13 16 3140970
14 17 3405010
14 12 3160380
15 10 4020870
15 13 3925800
15 12 4198220
15 8 3169050
16 23 3680210
16 20 3142650
16 6 3615830
16 13 3140970
17 14 3405010
17 13 3927450
17 19 3664790
17 25 4711820
18 22 2891230
18 25 5137690
18 19 4090660
19 17 3664790
19 18 4090660
19 22 1685650
20 16 3142650
20 25 4196450
20 23 3951320
21 24 2695160
21 23 3817120
21 7 4587630
22 18 2891230
22 19 1685650
23 21 3817120
23 24 3366920
23 16 3680210
23 20 3951320
24 21 2695160
24 23 3366920
25 20 4196450
25 18 5137690
25 17 4711820
