0 4 2533500
0 2 2413410
1 2 4913060
1 5 4694470
1 3 4442620
2 1 4913060
2 0 2413410
2 4 4671070
3 4 4200630
3 1 4442620
3 5 3861950
4 0 2533500
4 3 4200630
4 2 4671070
4 11 4923990
5 1 4694470
5 3 3861950
5 7 4225200
5 6 4581450
6 8 3738190
6 7 4692850
6 5 4581450
6 11 5052960
6 16 4349780
7 6 4692850
7 21 3412620
7 5 4225200
8 6 3738190
8 10 3603030
8 15 3958980
9 12 2945210
9 10 3077220
10 15 5134730
10 8 3603030
10 11 4917800
10 9 3077220
11 4 4923990
11 6 5052960
11 10 4917800
12 9 2945210
12 14 3356890
12 13 4298740
12 15 5002720
13 12 4298740
13 15 4786700
13 17 4765380
13 16 3866590
14 17 3823530
14 12 3356890
15 10 5134730
15 13 4786700
15 12 5002720
15 8 3958980
16 23 4279090
16 20 3862700
16 6 4349780
16 13 3866590
17 14 3823530
17 13 4765380
17 19 4439100
17 25 5523110
18 22 3150480
18 25 5840400
18 19 4756390
19 17 4439100
19 18 4756390
19 22 1824250
20 16 3862700
20 25 4836560
20 23 4491330
21 24 2528790
21 23 3698180
21 7 3412620
22 18 3150480
22 19 1824250
23 21 3698180
23 24 3738330
23 16 4279090
23 20 4491330
24 21 2528790
24 23 3738330
25 20 4836560
25 18 5840400
25 17 5523110
