0 4 2259280
0 2 2162360
1 2 4110480
1 5 4313230
1 3 4056480
2 1 4110480
2 0 2162360
2 4 3625940
3 4 3571940
3 1 4056480
3 5 3677770
4 0 2259280
4 3 3571940
4 2 3625940
4 11 4008810
5 1 4313230
5 3 3677770
5 7 3959720
5 6 3845230
6 8 2657260
6 7 3870430
6 5 3845230
6 11 4025350
6 16 3388140
7 6 3870430
7 21 3260640
7 5 3959720
8 6 2657260
8 10 2496890
8 15 2609510
9 12 2107730
9 10 2157940
10 15 3547820
10 8 2496890
10 11 3864980
10 9 2157940
11 4 4008810
11 6 4025350
11 10 3864980
12 9 2107730
12 14 2620520
12 13 3431060
12 15 3497610
13 12 3431060
13 15 3593890
13 17 3777590
13 16 3273840
14 17 2967050
14 12 2620520
15 10 3547820
15 13 3593890
15 12 3497610
15 8 2609510
16 23 3314220
16 20 3036700
16 6 3388140
16 13 3273840
17 14 2967050
17 13 3777590
17 19 2861850
17 25 4588110
18 22 1646360
18 25 3993300
18 19 2267040
19 17 2861850
19 18 2267040
19 22 1075180
20 16 3036700
20 25 4100720
20 23 3330580
21 24 2680050
21 23 3072230
21 7 3260640
22 18 1646360
22 19 1075180
23 21 3072230
23 24 3215920
23 16 3314220
23 20 3330580
24 21 2680050
24 23 3215920
25 20 4100720
25 18 3993300
25 17 4588110
