0 4 2486100
0 2 2403420
1 2 5188480
1 5 4979570
1 3 4900810
2 1 5188480
2 0 2403420
2 4 4698040
3 4 4410370
3 1 4900810
3 5 4118780
4 0 2486100
4 3 4410370
4 2 4698040
4 11 4871010
5 1 4979570
5 3 4118780
5 7 4190400
5 6 4285870
6 8 3198290
6 7 4278730
6 5 4285870
6 11 4667750
6 16 3629910
7 6 4278730
7 21 3604390
7 5 4190400
8 6 3198290
8 10 3436790
8 15 3381080
9 12 3162150
9 10 3319620
10 15 4795490
10 8 3436790
10 11 4906250
10 9 3319620
11 4 4871010
11 6 4667750
11 10 4906250
12 9 3162150
12 14 2833690
12 13 4041870
12 15 4638020
13 12 4041870
13 15 4143630
13 17 3552620
13 16 3216550
14 17 2344440
14 12 2833690
15 10 4795490
15 13 4143630
15 12 4638020
15 8 3381080
16 23 3563860
16 20 3497610
16 6 3629910
16 13 3216550
17 14 2344440
17 13 3552620
17 19 2981540
17 25 4361440
18 22 2458870
18 25 4905640
18 19 3525740
19 17 2981540
19 18 3525740
19 22 1338450
20 16 3497610
20 25 4637360
20 23 4175850
21 24 2662600
21 23 3633810
21 7 3604390
22 18 2458870
22 19 1338450
23 21 3633810
23 24 3270890
23 16 3563860
23 20 4175850
24 21 2662600
24 23 3270890
25 20 4637360
25 18 4905640
25 17 4361440
