0 4 2360050
0 2 3021370
1 2 4986380
1 5 4517650
1 3 3823830
2 1 4986380
2 0 3021370
2 4 4662220
3 4 3499670
3 1 3823830
3 5 3692260
4 0 2360050
4 3 3499670
4 2 4662220
4 11 4086670
5 1 4517650
5 3 3692260
5 7 4446530
5 6 4234230
6 8 3370770
6 7 4294680
6 5 4234230
6 11 4127410
6 16 3675940
7 6 4294680
7 21 3602860
7 5 4446530
8 6 3370770
8 10 3503510
8 15 3453220
9 12 2549420
9 10 2821970
10 15 4297570
10 8 3503510
10 11 4260150
10 9 2821970
11 4 4086670
11 6 4127410
11 10 4260150
12 9 2549420
12 14 3078500
12 13 3708660
12 15 4025020
13 12 3708660
13 15 3930920
13 17 4200360
13 16 3442030
14 17 3570200
14 12 3078500
15 10 4297570
15 13 3930920
15 12 4025020
15 8 3453220
16 23 3692550
16 20 3430890
16 6 3675940
16 13 3442030
17 14 3570200
17 13 4200360
17 19 4046010
17 25 5286260
18 22 3853490
18 25 6653330
18 19 5413080
19 17 4046010
19 18 5413080
19 22 1746270
20 16 3430890
20 25 4689320
20 23 3853940
21 24 2693060
21 23 3407170
21 7 3602860
22 18 3853490
22 19 1746270
23 21 3407170
23 24 3401490
23 16 3692550
23 20 3853940
24 21 2693060
24 23 3401490
25 20 4689320
25 18 6653330
25 17 5286260
