0 4 2253410
0 2 3117120
1 2 4670740
1 5 3773230
1 3 3087120
2 1 4670740
2 0 3117120
2 4 4822430
3 4 3238810
3 1 3087120
3 5 3205010
4 0 2253410
4 3 3238810
4 2 4822430
4 11 4053770
5 1 3773230
5 3 3205010
5 7 4662950
5 6 4249720
6 8 3404620
6 7 5021550
6 5 4249720
6 11 4378570
6 16 3729880
7 6 5021550
7 21 4662730
7 5 4662950
8 6 3404620
8 10 2973750
8 15 3034830
9 12 2206310
9 10 2552830
10 15 3807660
10 8 2973750
10 11 3947700
10 9 2552830
11 4 4053770
11 6 4378570
11 10 3947700
12 9 2206310
12 14 2831570
12 13 3356820
12 15 3461140
13 12 3356820
13 15 3764420
13 17 3813440
13 16 3255770
14 17 3288190
14 12 2831570
15 10 3807660
15 13 3764420
15 12 3461140
15 8 3034830
16 23 4436190
16 20 3533320
16 6 3729880
16 13 3255770
17 14 3288190
17 13 3813440
17 19 3594540
17 25 4207910
18 22 3497980
18 25 5404430
18 19 4791060
19 17 3594540
19 18 4791060
19 22 1929220
20 16 3533320
20 25 4332120
20 23 5118070
21 24 3376640
21 23 4955810
21 7 4662730
22 18 3497980
22 19 1929220
23 21 4955810
23 24 4441770
23 16 4436190
23 20 5118070
24 21 3376640
24 23 4441770
25 20 4332120
25 18 5404430
25 17 4207910
