0 4 2501520
0 2 2751620
1 2 4890490
1 5 4662560
1 3 4161440
2 1 4890490
2 0 2751620
2 4 4610020
3 4 3880970
3 1 4161440
3 5 3903140
4 0 2501520
4 3 3880970
4 2 4610020
4 11 4677350
5 1 4662560
5 3 3903140
5 7 4129100
5 6 4333730
6 8 3154510
6 7 4058570
6 5 4333730
6 11 4628990
6 16 3843510
7 6 4058570
7 21 3350860
7 5 4129100
8 6 3154510
8 10 3265020
8 15 3651290
9 12 3122440
9 10 3032960
10 15 4870490
10 8 3265020
10 11 4739500
10 9 3032960
11 4 4677350
11 6 4628990
11 10 4739500
12 9 3122440
12 14 4095110
12 13 4576960
12 15 4959970
13 12 4576960
13 15 4873750
13 17 5570590
13 16 3957280
14 17 5088740
14 12 4095110
15 10 4870490
15 13 4873750
15 12 4959970
15 8 3651290
16 23 3895750
16 20 4032810
16 6 3843510
16 13 3957280
17 14 5088740
17 13 5570590
17 19 5568060
17 25 7053800
18 22 4115650
18 25 7505350
18 19 6019610
19 17 5568060
19 18 6019610
19 22 2581720
20 16 4032810
20 25 6049480
20 23 4504740
21 24 3015460
21 23 3607730
21 7 3350860
22 18 4115650
22 19 2581720
23 21 3607730
23 24 3775410
23 16 3895750
23 20 4504740
24 21 3015460
24 23 3775410
25 20 6049480
25 18 7505350
25 17 7053800
