0 4 2703130
0 2 2201030
1 2 3878150
1 5 3846310
1 3 3611730
2 1 3878150
2 0 2201030
2 4 4137780
3 4 3871360
3 1 3611730
3 5 3337420
4 0 2703130
4 3 3871360
4 2 4137780
4 11 4569340
5 1 3846310
5 3 3337420
5 7 3814350
5 6 3629690
6 8 2674590
6 7 3872040
6 5 3629690
6 11 4093090
6 16 3709190
7 6 3872040
7 21 3980090
7 5 3814350
8 6 2674590
8 10 2901740
8 15 3161370
9 12 3177740
9 10 2633060
10 15 4401310
10 8 2901740
10 11 4320240
10 9 2633060
11 4 4569340
11 6 4093090
11 10 4320240
12 9 3177740
12 14 4336600
12 13 5143280
12 15 4945990
13 12 5143280
13 15 4858230
13 17 5688120
13 16 4393260
14 17 4881440
14 12 4336600
15 10 4401310
15 13 4858230
15 12 4945990
15 8 3161370
16 23 5078660
16 20 3540580
16 6 3709190
16 13 4393260
17 14 4881440
17 13 5688120
17 19 5360540
17 25 6093730
18 22 3406680
18 25 6013890
18 19 5280700
19 17 5360540
19 18 5280700
19 22 2526340
20 16 3540580
20 25 4608450
20 23 4888240
21 24 3378580
21 23 5164900
21 7 3980090
22 18 3406680
22 19 2526340
23 21 5164900
23 24 4640000
23 16 5078660
23 20 4888240
24 21 3378580
24 23 4640000
25 20 4608450
25 18 6013890
25 17 6093730
