0 4 2876840
0 2 4472980
1 2 7210910
1 5 5325110
1 3 4924330
2 1 7210910
2 0 4472980
2 4 6908680
3 4 4622100
3 1 4924330
3 5 4332440
4 0 2876840
4 3 4622100
4 2 6908680
4 11 5263840
5 1 5325110
5 3 4332440
5 7 5228000
5 6 5422890
6 8 4515960
6 7 5917670
6 5 5422890
6 11 5663850
6 16 6245070
7 6 5917670
7 21 5082620
7 5 5228000
8 6 4515960
8 10 3942150
8 15 4269170
9 12 3907130
9 10 3073430
10 15 5291960
10 8 3942150
10 11 5090040
10 9 3073430
11 4 5263840
11 6 5663850
11 10 5090040
12 9 3907130
12 14 5680990
12 13 6602950
12 15 6125660
13 12 6602950
13 15 6096270
13 17 7275030
13 16 6475570
14 17 6353070
14 12 5680990
15 10 5291960
15 13 6096270
15 12 6125660
15 8 4269170
16 23 7211080
16 20 5938130
16 6 6245070
16 13 6475570
17 14 6353070
17 13 7275030
17 19 6642930
17 25 7789760
18 22 3721090
18 25 7384890
18 19 6238060
19 17 6642930
19 18 6238060
19 22 2792390
20 16 5938130
20 25 6550850
20 23 6771630
21 24 4543510
21 23 6243520
21 7 5082620
22 18 3721090
22 19 2792390
23 21 6243520
23 24 6344570
23 16 7211080
23 20 6771630
24 21 4543510
24 23 6344570
25 20 6550850
25 18 7384890
25 17 7789760
