0 4 1929450
0 2 2212170
1 2 4012650
1 5 3755150
1 3 3351630
2 1 4012650
2 0 2212170
2 4 3846540
3 4 3185520
3 1 3351630
3 5 3210740
4 0 1929450
4 3 3185520
4 2 3846540
4 11 3635970
5 1 3755150
5 3 3210740
5 7 3378630
5 6 3498000
6 8 2466230
6 7 3262370
6 5 3498000
6 11 3544930
6 16 3193890
7 6 3262370
7 21 2825670
7 5 3378630
8 6 2466230
8 10 2755400
8 15 2740940
9 12 2423110
9 10 2623730
10 15 3945620
10 8 2755400
10 11 3834100
10 9 2623730
11 4 3635970
11 6 3544930
11 10 3834100
12 9 2423110
12 14 2795040
12 13 3637680
12 15 3745000
13 12 3637680
13 15 3823840
13 17 4178420
13 16 3361280
14 17 3335780
14 12 2795040
15 10 3945620
15 13 3823840
15 12 3745000
15 8 2740940
16 23 3149870
16 20 3127930
16 6 3193890
16 13 3361280
17 14 3335780
17 13 4178420
17 19 3944710
17 25 4446350
18 22 2583620
18 25 4543080
18 19 4041440
19 17 3944710
19 18 4041440
19 22 1791280
20 16 3127930
20 25 3751100
20 23 3271760
21 24 2575610
21 23 2901020
21 7 2825670
22 18 2583620
22 19 1791280
23 21 2901020
23 24 2968290
23 16 3149870
23 20 3271760
24 21 2575610
24 23 2968290
25 20 3751100
25 18 4543080
25 17 4446350
