0 4 2204160
0 2 2499030
1 2 4416990
1 5 3978570
1 3 3615550
2 1 4416990
2 0 2499030
2 4 4339330
3 4 3537890
3 1 3615550
3 5 3394340
4 0 2204160
4 3 3537890
4 2 4339330
4 11 4093560
5 1 3978570
5 3 3394340
5 7 4194020
5 6 3872840
6 8 3181430
6 7 4309500
6 5 3872840
6 11 4065490
6 16 4097910
7 6 4309500
7 21 3935890
7 5 4194020
8 6 3181430
8 10 3115140
8 15 3291650
9 12 2718650
9 10 2730650
10 15 4032250
10 8 3115140
10 11 3999200
10 9 2730650
11 4 4093560
11 6 4065490
11 10 3999200
12 9 2718650
12 14 3374230
12 13 4010120
12 15 4020250
13 12 4010120
13 15 4198630
13 17 4368710
13 16 4198000
14 17 3732820
14 12 3374230
15 10 4032250
15 13 4198630
15 12 4020250
15 8 3291650
16 23 4829810
16 20 3999590
16 6 4097910
16 13 4198000
17 14 3732820
17 13 4368710
17 19 4251270
17 25 4628950
18 22 2973960
18 25 5104710
18 19 4727030
19 17 4251270
19 18 4727030
19 22 2200550
20 16 3999590
20 25 4250330
20 23 4621900
21 24 3308380
21 23 4346610
21 7 3935890
22 18 2973960
22 19 2200550
23 21 4346610
23 24 4413890
23 16 4829810
23 20 4621900
24 21 3308380
24 23 4413890
25 20 4250330
25 18 5104710
25 17 4628950
