0 4 3005640
0 2 2887430
1 2 5549940
1 5 5420990
1 3 4854410
2 1 5549940
2 0 2887430
2 4 5524710
3 4 4829180
3 1 4854410
3 5 4582020
4 0 3005640
4 3 4829180
4 2 5524710
4 11 5754270
5 1 5420990
5 3 4582020
5 7 6140760
5 6 5013450
6 8 3521070
6 7 6005610
6 5 5013450
6 11 5371960
6 16 4338220
7 6 6005610
7 21 6041960
7 5 6140760
8 6 3521070
8 10 3905010
8 15 3585810
9 12 3320980
9 10 3733550
10 15 5326980
10 8 3905010
10 11 5755900
10 9 3733550
11 4 5754270
11 6 5371960
11 10 5755900
12 9 3320980
12 14 3944910
12 13 4694890
12 15 4914410
13 12 4694890
13 15 4788260
13 17 5120600
13 16 4183440
14 17 4370620
14 12 3944910
15 10 5326980
15 13 4788260
15 12 4914410
15 8 3585810
16 23 4671510
16 20 4066000
16 6 4338220
16 13 4183440
17 14 4370620
17 13 5120600
17 19 4587430
17 25 6199110
18 22 3786450
18 25 6679990
18 19 5068310
19 17 4587430
19 18 5068310
19 22 2220540
20 16 4066000
20 25 5529810
20 23 4939370
21 24 4581850
21 23 5247940
21 7 6041960
22 18 3786450
22 19 2220540
23 21 5247940
23 24 4878790
23 16 4671510
23 20 4939370
24 21 4581850
24 23 4878790
25 20 5529810
25 18 6679990
25 17 6199110
