0 4 2720660
0 2 2922350
1 2 5575780
1 5 5172290
1 3 4684890
2 1 5575780
2 0 2922350
2 4 5121430
3 4 4230540
3 1 4684890
3 5 4028740
4 0 2720660
4 3 4230540
4 2 5121430
4 11 4763670
5 1 5172290
5 3 4028740
5 7 4382250
5 6 4223280
6 8 3098220
6 7 4089390
6 5 4223280
6 11 4269010
6 16 3873700
7 6 4089390
7 21 3846020
7 5 4382250
8 6 3098220
8 10 3132110
8 15 3455590
9 12 3438020
9 10 2835980
10 15 4321680
10 8 3132110
10 11 4302900
10 9 2835980
11 4 4763670
11 6 4269010
11 10 4302900
12 9 3438020
12 14 4286810
12 13 4623110
12 15 4923720
13 12 4623110
13 15 4344550
13 17 4935790
13 16 3930460
14 17 4599490
14 12 4286810
15 10 4321680
15 13 4344550
15 12 4923720
15 8 3455590
16 23 4471770
16 20 3941920
16 6 3873700
16 13 3930460
17 14 4599490
17 13 4935790
17 19 4487420
17 25 6061430
18 22 2539940
18 25 5609790
18 19 4035780
19 17 4487420
19 18 4035780
19 22 1651360
20 16 3941920
20 25 5181040
20 23 4596710
21 24 3281190
21 23 4285120
21 7 3846020
22 18 2539940
22 19 1651360
23 21 4285120
23 24 4122630
23 16 4471770
23 20 4596710
24 21 3281190
24 23 4122630
25 20 5181040
25 18 5609790
25 17 6061430
