0 4 2559070
0 2 4071990
1 2 6979730
1 5 5441450
1 3 5145830
2 1 6979730
2 0 4071990
2 4 6446320
3 4 4612420
3 1 5145830
3 5 4587060
4 0 2559070
4 3 4612420
4 2 6446320
4 11 5173060
5 1 5441450
5 3 4587060
5 7 5518910
5 6 5303270
6 8 4399770
6 7 5939500
6 5 5303270
6 11 5568290
6 16 5159890
7 6 5939500
7 21 5337860
7 5 5518910
8 6 4399770
8 10 3837620
8 15 4196680
9 12 3183440
9 10 3270340
10 15 4958620
10 8 3837620
10 11 5006140
10 9 3270340
11 4 5173060
11 6 5568290
11 10 5006140
12 9 3183440
12 14 3471670
12 13 4526460
12 15 4871720
13 12 4526460
13 15 4972420
13 17 5143020
13 16 4611540
14 17 4088230
14 12 3471670
15 10 4958620
15 13 4972420
15 12 4871720
15 8 4196680
16 23 5395350
16 20 4927670
16 6 5159890
16 13 4611540
17 14 4088230
17 13 5143020
17 19 4752000
17 25 5932570
18 22 3482870
18 25 6034840
18 19 4854270
19 17 4752000
19 18 4854270
19 22 2473720
20 16 4927670
20 25 5732840
20 23 5727100
21 24 3761540
21 23 5357680
21 7 5337860
22 18 3482870
22 19 2473720
23 21 5357680
23 24 4598640
23 16 5395350
23 20 5727100
24 21 3761540
24 23 4598640
25 20 5732840
25 18 6034840
25 17 5932570
