0 4 123380
0 2 59830
1 2 791570
1 5 1125190
1 3 123640
2 1 791570
2 0 59830
2 4 603020
3 4 227870
3 1 123640
3 5 64610
4 0 123380
4 3 227870
4 2 603020
4 11 944610
5 1 1125190
5 3 64610
5 7 431800
5 6 808150
6 8 316600
6 7 315570
6 5 808150
6 11 42760
6 16 788190
7 6 315570
7 21 605120
7 5 431800
8 6 316600
8 10 19710
8 15 351170
9 12 52220
9 10 2750
10 15 1016310
10 8 19710
10 11 955860
10 9 2750
11 4 944610
11 6 42760
11 10 955860
12 9 52220
12 14 385450
12 13 40200
12 15 528690
13 12 40200
13 15 803950
13 17 830560
13 16 332110
14 17 418380
14 12 385450
15 10 1016310
15 13 803950
15 12 528690
15 8 351170
16 23 661820
16 20 529200
16 6 788190
16 13 332110
17 14 418380
17 13 830560
17 19 155580
17 25 834380
18 22 135350
18 25 1676870
18 19 97330
19 17 155580
19 18 97330
19 22 37480
20 16 529200
20 25 1144390
20 23 771440
21 24 214350
21 23 461890
21 7 605120
22 18 135350
22 19 37480
23 21 461890
23 24 538670
23 16 661820
23 20 771440
24 21 214350
24 23 538670
25 20 1144390
25 18 1676870
25 17 834380
