0 4 288340
0 2 56370
1 2 1472760
1 5 2598470
1 3 486660
2 1 1472760
2 0 56370
2 4 1475930
3 4 792830
3 1 486660
3 5 252580
4 0 288340
4 3 792830
4 2 1475930
4 11 2627510
5 1 2598470
5 3 252580
5 7 1527820
5 6 1435190
6 8 834850
6 7 926030
6 5 1435190
6 11 176780
6 16 1322530
7 6 926030
7 21 1900850
7 5 1527820
8 6 834850
8 10 162030
8 15 799140
9 12 115160
9 10 160630
10 15 2408520
10 8 162030
10 11 2460200
10 9 160630
11 4 2627510
11 6 176780
11 10 2460200
12 9 115160
12 14 1097600
12 13 143820
12 15 1656590
13 12 143820
13 15 1562870
13 17 1618600
13 16 762200
14 17 981690
14 12 1097600
15 10 2408520
15 13 1562870
15 12 1656590
15 8 799140
16 23 924080
16 20 1083620
16 6 1322530
16 13 762200
17 14 981690
17 13 1618600
17 19 337650
17 25 1841500
18 22 268460
18 25 3504080
18 19 160490
19 17 337650
19 18 160490
19 22 114930
20 16 1083620
20 25 3073700
20 23 2154930
21 24 831460
21 23 1138470
21 7 1900850
22 18 268460
22 19 114930
23 21 1138470
23 24 939490
23 16 924080
23 20 2154930
24 21 831460
24 23 939490
25 20 3073700
25 18 3504080
25 17 1841500
