0 4 71900
0 2 85670
1 2 724180
1 5 1043840
1 3 234080
2 1 724180
2 0 85670
2 4 467360
3 4 361260
3 1 234080
3 5 142140
4 0 71900
4 3 361260
4 2 467360
4 11 993710
5 1 1043840
5 3 142140
5 7 492360
5 6 762100
6 8 119710
6 7 210920
6 5 762100
6 11 103480
6 16 715680
7 6 210920
7 21 725530
7 5 492360
8 6 119710
8 10 69410
8 15 190570
9 12 72880
9 10 28230
10 15 965040
10 8 69410
10 11 979480
10 9 28230
11 4 993710
11 6 103480
11 10 979480
12 9 72880
12 14 403990
12 13 140820
12 15 363610
13 12 140820
13 15 770470
13 17 736180
13 16 345700
14 17 334500
14 12 403990
15 10 965040
15 13 770470
15 12 363610
15 8 190570
16 23 884900
16 20 328330
16 6 715680
16 13 345700
17 14 334500
17 13 736180
17 19 172400
17 25 720770
18 22 156190
18 25 1215750
18 19 92030
19 17 172400
19 18 92030
19 22 108010
20 16 328330
20 25 750220
20 23 545230
21 24 433240
21 23 365910
21 7 725530
22 18 156190
22 19 108010
23 21 365910
23 24 420860
23 16 884900
23 20 545230
24 21 433240
24 23 420860
25 20 750220
25 18 1215750
25 17 720770
