0 4 108810
0 2 18400
1 2 784590
1 5 1021970
1 3 268780
2 1 784590
2 0 18400
2 4 778820
3 4 318720
3 1 268780
3 5 86050
4 0 108810
4 3 318720
4 2 778820
4 11 1238230
5 1 1021970
5 3 86050
5 7 446720
5 6 709210
6 8 210770
6 7 178760
6 5 709210
6 11 60440
6 16 718490
7 6 178760
7 21 587440
7 5 446720
8 6 210770
8 10 37500
8 15 185300
9 12 163290
9 10 26220
10 15 1206870
10 8 37500
10 11 1232040
10 9 26220
11 4 1238230
11 6 60440
11 10 1232040
12 9 163290
12 14 347100
12 13 154190
12 15 428770
13 12 154190
13 15 939150
13 17 976190
13 16 344930
14 17 338560
14 12 347100
15 10 1206870
15 13 939150
15 12 428770
15 8 185300
16 23 635990
16 20 441290
16 6 718490
16 13 344930
17 14 338560
17 13 976190
17 19 170500
17 25 1069090
18 22 63030
18 25 1302840
18 19 29680
19 17 170500
19 18 29680
19 22 115250
20 16 441290
20 25 981610
20 23 548560
21 24 273890
21 23 240990
21 7 587440
22 18 63030
22 19 115250
23 21 240990
23 24 483320
23 16 635990
23 20 548560
24 21 273890
24 23 483320
25 20 981610
25 18 1302840
25 17 1069090
