0 4 402000
0 2 88640
1 2 2838450
1 5 5297700
1 3 796310
2 1 2838450
2 0 88640
2 4 3938400
3 4 875920
3 1 796310
3 5 177990
4 0 402000
4 3 875920
4 2 3938400
4 11 5342150
5 1 5297700
5 3 177990
5 7 1793460
5 6 4007160
6 8 739240
6 7 1290790
6 5 4007160
6 11 560160
6 16 3977600
7 6 1290790
7 21 3332020
7 5 1793460
8 6 739240
8 10 221060
8 15 670340
9 12 516290
9 10 370420
10 15 4864560
10 8 221060
10 11 5029550
10 9 370420
11 4 5342150
11 6 560160
11 10 5029550
12 9 516290
12 14 1723350
12 13 492230
12 15 2269800
13 12 492230
13 15 3403600
13 17 3121430
13 16 1723660
14 17 1982420
14 12 1723350
15 10 4864560
15 13 3403600
15 12 2269800
15 8 670340
16 23 3081060
16 20 2753760
16 6 3977600
16 13 1723660
17 14 1982420
17 13 3121430
17 19 1036000
17 25 3251650
18 22 860390
18 25 7824400
18 19 299910
19 17 1036000
19 18 299910
19 22 411190
20 16 2753760
20 25 5556250
20 23 3027860
21 24 1703800
21 23 1928820
21 7 3332020
22 18 860390
22 19 411190
23 21 1928820
23 24 2027520
23 16 3081060
23 20 3027860
24 21 1703800
24 23 2027520
25 20 5556250
25 18 7824400
25 17 3251650
