0 4 732450
0 2 77580
1 2 3118680
1 5 5382290
1 3 677650
2 1 3118680
2 0 77580
2 4 4014480
3 4 1094170
3 1 677650
3 5 213180
4 0 732450
4 3 1094170
4 2 4014480
4 11 6067030
5 1 5382290
5 3 213180
5 7 2473620
5 6 3389160
6 8 1168720
6 7 1681780
6 5 3389160
6 11 618120
6 16 3406600
7 6 1681780
7 21 3707020
7 5 2473620
8 6 1168720
8 10 243800
8 15 1281340
9 12 548620
9 10 154680
10 15 5784930
10 8 243800
10 11 5945390
10 9 154680
11 4 6067030
11 6 618120
11 10 5945390
12 9 548620
12 14 1927320
12 13 692010
12 15 2455570
13 12 692010
13 15 4577050
13 17 4496190
13 16 1991310
14 17 1976910
14 12 1927320
15 10 5784930
15 13 4577050
15 12 2455570
15 8 1281340
16 23 3567920
16 20 1748590
16 6 3406600
16 13 1991310
17 14 1976910
17 13 4496190
17 19 934960
17 25 4638730
18 22 431330
18 25 7478740
18 19 280510
19 17 934960
19 18 280510
19 22 371800
20 16 1748590
20 25 5093030
20 23 3636380
21 24 1957050
21 23 2006460
21 7 3707020
22 18 431330
22 19 371800
23 21 2006460
23 24 2268430
23 16 3567920
23 20 3636380
24 21 1957050
24 23 2268430
25 20 5093030
25 18 7478740
25 17 4638730
