0 4 54750
0 2 22500
1 2 294640
1 5 626670
1 3 27600
2 1 294640
2 0 22500
2 4 270310
3 4 23730
3 1 27600
3 5 80240
4 0 54750
4 3 23730
4 2 270310
4 11 373850
5 1 626670
5 3 80240
5 7 251670
5 6 472940
6 8 116780
6 7 120670
6 5 472940
6 11 35710
6 16 426330
7 6 120670
7 21 379420
7 5 251670
8 6 116780
8 10 1
8 15 34950
9 12 1
9 10 1
10 15 403350
10 8 1
10 11 338140
10 9 1
11 4 373850
11 6 35710
11 10 338140
12 9 1
12 14 120640
12 13 105270
12 15 210410
13 12 105270
13 15 283130
13 17 251220
13 16 232210
14 17 123360
14 12 120640
15 10 403350
15 13 283130
15 12 210410
15 8 34950
16 23 445440
16 20 181100
16 6 426330
16 13 232210
17 14 123360
17 13 251220
17 19 68720
17 25 199350
18 22 1
18 25 364560
18 19 1
19 17 68720
19 18 1
19 22 41700
20 16 181100
20 25 445110
20 23 264010
21 24 184020
21 23 155320
21 7 379420
22 18 1
22 19 41700
23 21 155320
23 24 164730
23 16 445440
23 20 264010
24 21 184020
24 23 164730
25 20 445110
25 18 364560
25 17 199350
