0 4 387350
0 2 50720
1 2 2330850
1 5 3768810
1 3 241950
2 1 2330850
2 0 50720
2 4 2454530
3 4 573080
3 1 241950
3 5 149810
4 0 387350
4 3 573080
4 2 2454530
4 11 3644610
5 1 3768810
5 3 149810
5 7 1368950
5 6 2881430
6 8 1307910
6 7 1578020
6 5 2881430
6 11 302900
6 16 3020230
7 6 1578020
7 21 2841520
7 5 1368950
8 6 1307910
8 10 106940
8 15 1390060
9 12 484890
9 10 93840
10 15 3629220
10 8 106940
10 11 3696650
10 9 93840
11 4 3644610
11 6 302900
11 10 3696650
12 9 484890
12 14 1294810
12 13 816420
12 15 1884240
13 12 816420
13 15 3243230
13 17 2936150
13 16 1605610
14 17 1285750
14 12 1294810
15 10 3629220
15 13 3243230
15 12 1884240
15 8 1390060
16 23 2723170
16 20 1886040
16 6 3020230
16 13 1605610
17 14 1285750
17 13 2936150
17 19 528970
17 25 3259790
18 22 246460
18 25 6495290
18 19 340950
19 17 528970
19 18 340950
19 22 238250
20 16 1886040
20 25 4722650
20 23 3102700
21 24 1453810
21 23 1555740
21 7 2841520
22 18 246460
22 19 238250
23 21 1555740
23 24 1671920
23 16 2723170
23 20 3102700
24 21 1453810
24 23 1671920
25 20 4722650
25 18 6495290
25 17 3259790
