0 4 259390
0 2 71980
1 2 2419510
1 5 2690460
1 3 630170
2 1 2419510
2 0 71980
2 4 2758150
3 4 773420
3 1 630170
3 5 146340
4 0 259390
4 3 773420
4 2 2758150
4 11 3966750
5 1 2690460
5 3 146340
5 7 1508490
5 6 1570860
6 8 971600
6 7 939030
6 5 1570860
6 11 113750
6 16 1409000
7 6 939030
7 21 2015780
7 5 1508490
8 6 971600
8 10 178110
8 15 819800
9 12 363180
9 10 196120
10 15 3853420
10 8 178110
10 11 3929040
10 9 196120
11 4 3966750
11 6 113750
11 10 3929040
12 9 363180
12 14 1018160
12 13 470260
12 15 1957150
13 12 470260
13 15 2747060
13 17 2739780
13 16 1222580
14 17 1046680
14 12 1018160
15 10 3853420
15 13 2747060
15 12 1957150
15 8 819800
16 23 1814810
16 20 545580
16 6 1409000
16 13 1222580
17 14 1046680
17 13 2739780
17 19 484500
17 25 2581940
18 22 67510
18 25 4686050
18 19 241700
19 17 484500
19 18 241700
19 22 242480
20 16 545580
20 25 2585730
20 23 1921610
21 24 1254390
21 23 839330
21 7 2015780
22 18 67510
22 19 242480
23 21 839330
23 24 1013580
23 16 1814810
23 20 1921610
24 21 1254390
24 23 1013580
25 20 2585730
25 18 4686050
25 17 2581940
