0 4 88860
0 2 26450
1 2 375240
1 5 443010
1 3 78810
2 1 375240
2 0 26450
2 4 507800
3 4 71140
3 1 78810
3 5 107460
4 0 88860
4 3 71140
4 2 507800
4 11 739690
5 1 443010
5 3 107460
5 7 281770
5 6 281240
6 8 113220
6 7 204340
6 5 281240
6 11 81370
6 16 331820
7 6 204340
7 21 679740
7 5 281770
8 6 113220
8 10 84940
8 15 118390
9 12 29160
9 10 54920
10 15 744710
10 8 84940
10 11 757410
10 9 54920
11 4 739690
11 6 81370
11 10 757410
12 9 29160
12 14 375970
12 13 92920
12 15 224390
13 12 92920
13 15 638770
13 17 549490
13 16 347550
14 17 365440
14 12 375970
15 10 744710
15 13 638770
15 12 224390
15 8 118390
16 23 437220
16 20 305560
16 6 331820
16 13 347550
17 14 365440
17 13 549490
17 19 75260
17 25 745740
18 22 20480
18 25 1101960
18 19 84280
19 17 75260
19 18 84280
19 22 40140
20 16 305560
20 25 828620
20 23 610830
21 24 368650
21 23 339630
21 7 679740
22 18 20480
22 19 40140
23 21 339630
23 24 362610
23 16 437220
23 20 610830
24 21 368650
24 23 362610
25 20 828620
25 18 1101960
25 17 745740
