0 4 121640
0 2 67740
1 2 485970
1 5 710410
1 3 216990
2 1 485970
2 0 67740
2 4 461320
3 4 341950
3 1 216990
3 5 79960
4 0 121640
4 3 341950
4 2 461320
4 11 876180
5 1 710410
5 3 79960
5 7 298590
5 6 519330
6 8 244170
6 7 352530
6 5 519330
6 11 114250
6 16 461590
7 6 352530
7 21 655840
7 5 298590
8 6 244170
8 10 35630
8 15 228810
9 12 21180
9 10 19340
10 15 862710
10 8 35630
10 11 851010
10 9 19340
11 4 876180
11 6 114250
11 10 851010
12 9 21180
12 14 328050
12 13 112040
12 15 466270
13 12 112040
13 15 607900
13 17 701400
13 16 340160
14 17 390380
14 12 328050
15 10 862710
15 13 607900
15 12 466270
15 8 228810
16 23 532520
16 20 266590
16 6 461590
16 13 340160
17 14 390380
17 13 701400
17 19 158600
17 25 707780
18 22 78760
18 25 1186760
18 19 83660
19 17 158600
19 18 83660
19 22 47660
20 16 266590
20 25 846740
20 23 693500
21 24 407560
21 23 285560
21 7 655840
22 18 78760
22 19 47660
23 21 285560
23 24 574250
23 16 532520
23 20 693500
24 21 407560
24 23 574250
25 20 846740
25 18 1186760
25 17 707780
