0 4 257410
0 2 73280
1 2 2096040
1 5 2723810
1 3 533720
2 1 2096040
2 0 73280
2 4 2507020
3 4 656290
3 1 533720
3 5 130370
4 0 257410
4 3 656290
4 2 2507020
4 11 3585590
5 1 2723810
5 3 130370
5 7 1302930
5 6 1763290
6 8 700830
6 7 756140
6 5 1763290
6 11 127190
6 16 1542820
7 6 756140
7 21 2125420
7 5 1302930
8 6 700830
8 10 145820
8 15 540480
9 12 177650
9 10 266710
10 15 3326730
10 8 145820
10 11 3578800
10 9 266710
11 4 3585590
11 6 127190
11 10 3578800
12 9 177650
12 14 707000
12 13 404630
12 15 1003610
13 12 404630
13 15 2854940
13 17 2785260
13 16 1035540
14 17 818630
14 12 707000
15 10 3326730
15 13 2854940
15 12 1003610
15 8 540480
16 23 1776670
16 20 618030
16 6 1542820
16 13 1035540
17 14 818630
17 13 2785260
17 19 355880
17 25 2657770
18 22 92070
18 25 4150070
18 19 233070
19 17 355880
19 18 233070
19 22 152680
20 16 618030
20 25 2560640
20 23 1792210
21 24 1343680
21 23 840360
21 7 2125420
22 18 92070
22 19 152680
23 21 840360
23 24 976000
23 16 1776670
23 20 1792210
24 21 1343680
24 23 976000
25 20 2560640
25 18 4150070
25 17 2657770
