0 4 124820
0 2 56360
1 2 925970
1 5 1484850
1 3 100170
2 1 925970
2 0 56360
2 4 852130
3 4 140990
3 1 100170
3 5 55950
4 0 124820
4 3 140990
4 2 852130
4 11 1208390
5 1 1484850
5 3 55950
5 7 574260
5 6 941450
6 8 235170
6 7 236880
6 5 941450
6 11 49460
6 16 944350
7 6 236880
7 21 525360
7 5 574260
8 6 235170
8 10 1
8 15 227020
9 12 130810
9 10 1
10 15 1254640
10 8 1
10 11 1225490
10 9 1
11 4 1208390
11 6 49460
11 10 1225490
12 9 130810
12 14 364420
12 13 119190
12 15 631910
13 12 119190
13 15 907650
13 17 767480
13 16 390040
14 17 378390
14 12 364420
15 10 1254640
15 13 907650
15 12 631910
15 8 227020
16 23 537510
16 20 780640
16 6 944350
16 13 390040
17 14 378390
17 13 767480
17 19 128680
17 25 803450
18 22 113130
18 25 1559250
18 19 66230
19 17 128680
19 18 66230
19 22 2360
20 16 780640
20 25 1425570
20 23 737050
21 24 201870
21 23 432860
21 7 525360
22 18 113130
22 19 2360
23 21 432860
23 24 368270
23 16 537510
23 20 737050
24 21 201870
24 23 368270
25 20 1425570
25 18 1559250
25 17 803450
