0 4 116910
0 2 42650
1 2 670330
1 5 923190
1 3 129350
2 1 670330
2 0 42650
2 4 578900
3 4 214360
3 1 129350
3 5 73040
4 0 116910
4 3 214360
4 2 578900
4 11 913350
5 1 923190
5 3 73040
5 7 410320
5 6 640190
6 8 231790
6 7 247590
6 5 640190
6 11 28360
6 16 635430
7 6 247590
7 21 680070
7 5 410320
8 6 231790
8 10 14310
8 15 311910
9 12 68790
9 10 27550
10 15 943090
10 8 14310
10 11 899000
10 9 27550
11 4 913350
11 6 28360
11 10 899000
12 9 68790
12 14 294690
12 13 65020
12 15 415260
13 12 65020
13 15 789510
13 17 800420
13 16 317790
14 17 364300
14 12 294690
15 10 943090
15 13 789510
15 12 415260
15 8 311910
16 23 639180
16 20 379240
16 6 635430
16 13 317790
17 14 364300
17 13 800420
17 19 154680
17 25 814260
18 22 100710
18 25 1612780
18 19 120100
19 17 154680
19 18 120100
19 22 59660
20 16 379240
20 25 959970
20 23 688750
21 24 282620
21 23 470630
21 7 680070
22 18 100710
22 19 59660
23 21 470630
23 24 435450
23 16 639180
23 20 688750
24 21 282620
24 23 435450
25 20 959970
25 18 1612780
25 17 814260
