0 4 443310
0 2 70820
1 2 2934910
1 5 4725500
1 3 485820
2 1 2934910
2 0 70820
2 4 3837780
3 4 716090
3 1 485820
3 5 255000
4 0 443310
4 3 716090
4 2 3837780
4 11 5199580
5 1 4725500
5 3 255000
5 7 1979880
5 6 3252430
6 8 621710
6 7 953770
6 5 3252430
6 11 507240
6 16 2980210
7 6 953770
7 21 3321930
7 5 1979880
8 6 621710
8 10 314650
8 15 684520
9 12 437720
9 10 95330
10 15 5005360
10 8 314650
10 11 5159960
10 9 95330
11 4 5199580
11 6 507240
11 10 5159960
12 9 437720
12 14 1807630
12 13 643590
12 15 1867310
13 12 643590
13 15 3866820
13 17 3444990
13 16 1939610
14 17 2069510
14 12 1807630
15 10 5005360
15 13 3866820
15 12 1867310
15 8 684520
16 23 3617090
16 20 1317100
16 6 2980210
16 13 1939610
17 14 2069510
17 13 3444990
17 19 493450
17 25 4411160
18 22 457690
18 25 6492490
18 19 385680
19 17 493450
19 18 385680
19 22 178220
20 16 1317100
20 25 4249200
20 23 3404050
21 24 1552780
21 23 2053140
21 7 3321930
22 18 457690
22 19 178220
23 21 2053140
23 24 2536490
23 16 3617090
23 20 3404050
24 21 1552780
24 23 2536490
25 20 4249200
25 18 6492490
25 17 4411160
