0 4 124520
0 2 39310
1 2 1148520
1 5 1381650
1 3 112050
2 1 1148520
2 0 39310
2 4 481930
3 4 161710
3 1 112050
3 5 75140
4 0 124520
4 3 161710
4 2 481930
4 11 744670
5 1 1381650
5 3 75140
5 7 700670
5 6 830400
6 8 60660
6 7 283810
6 5 830400
6 11 151970
6 16 789000
7 6 283810
7 21 783430
7 5 700670
8 6 60660
8 10 33750
8 15 145700
9 12 66090
9 10 11120
10 15 687770
10 8 33750
10 11 688290
10 9 11120
11 4 744670
11 6 151970
11 10 688290
12 9 66090
12 14 189120
12 13 43470
12 15 201530
13 12 43470
13 15 676490
13 17 602620
13 16 244790
14 17 179910
14 12 189120
15 10 687770
15 13 676490
15 12 201530
15 8 145700
16 23 556010
16 20 406940
16 6 789000
16 13 244790
17 14 179910
17 13 602620
17 19 124010
17 25 646800
18 22 59460
18 25 1442050
18 19 12120
19 17 124010
19 18 12120
19 22 67560
20 16 406940
20 25 969490
20 23 661930
21 24 411840
21 23 396690
21 7 783430
22 18 59460
22 19 67560
23 21 396690
23 24 399270
23 16 556010
23 20 661930
24 21 411840
24 23 399270
25 20 969490
25 18 1442050
25 17 646800
