0 4 168570
0 2 18360
1 2 1233120
1 5 1829490
1 3 408830
2 1 1233120
2 0 18360
2 4 943940
3 4 609190
3 1 408830
3 5 121230
4 0 168570
4 3 609190
4 2 943940
4 11 1921210
5 1 1829490
5 3 121230
5 7 782420
5 6 1335900
6 8 590060
6 7 604640
6 5 1335900
6 11 151420
6 16 1189260
7 6 604640
7 21 1046470
7 5 782420
8 6 590060
8 10 112080
8 15 432190
9 12 246000
9 10 95830
10 15 1811150
10 8 112080
10 11 1834770
10 9 95830
11 4 1921210
11 6 151420
11 10 1834770
12 9 246000
12 14 849660
12 13 255570
12 15 943760
13 12 255570
13 15 1264300
13 17 1112140
13 16 603860
14 17 775130
14 12 849660
15 10 1811150
15 13 1264300
15 12 943760
15 8 432190
16 23 1044970
16 20 696940
16 6 1189260
16 13 603860
17 14 775130
17 13 1112140
17 19 219850
17 25 1455150
18 22 157600
18 25 2290830
18 19 115170
19 17 219850
19 18 115170
19 22 122730
20 16 696940
20 25 1344010
20 23 871950
21 24 741290
21 23 434060
21 7 1046470
22 18 157600
22 19 122730
23 21 434060
23 24 892030
23 16 1044970
23 20 871950
24 21 741290
24 23 892030
25 20 1344010
25 18 2290830
25 17 1455150
