0 4 83470
0 2 18240
1 2 591060
1 5 857810
1 3 67600
2 1 591060
2 0 18240
2 4 966740
3 4 87900
3 1 67600
3 5 50810
4 0 83470
4 3 87900
4 2 966740
4 11 1167220
5 1 857810
5 3 50810
5 7 474450
5 6 425580
6 8 239690
6 7 307420
6 5 425580
6 11 81380
6 16 405300
7 6 307420
7 21 709940
7 5 474450
8 6 239690
8 10 65790
8 15 199990
9 12 32690
9 10 10280
10 15 1152860
10 8 65790
10 11 1136140
10 9 10280
11 4 1167220
11 6 81380
11 10 1136140
12 9 32690
12 14 217300
12 13 67460
12 15 480730
13 12 67460
13 15 789990
13 17 855550
13 16 328980
14 17 290920
14 12 217300
15 10 1152860
15 13 789990
15 12 480730
15 8 199990
16 23 349700
16 20 395290
16 6 405300
16 13 328980
17 14 290920
17 13 855550
17 19 116280
17 25 823460
18 22 76930
18 25 1432790
18 19 81880
19 17 116280
19 18 81880
19 22 81650
20 16 395290
20 25 984670
20 23 657880
21 24 410840
21 23 384000
21 7 709940
22 18 76930
22 19 81650
23 21 384000
23 24 366670
23 16 349700
23 20 657880
24 21 410840
24 23 366670
25 20 984670
25 18 1432790
25 17 823460
