0 4 42670
0 2 3780
1 2 472070
1 5 780210
1 3 147350
2 1 472070
2 0 3780
2 4 1095810
3 4 154050
3 1 147350
3 5 47460
4 0 42670
4 3 154050
4 2 1095810
4 11 1283730
5 1 780210
5 3 47460
5 7 406710
5 6 538220
6 8 170430
6 7 250740
6 5 538220
6 11 68650
6 16 500530
7 6 250740
7 21 650780
7 5 406710
8 6 170430
8 10 60190
8 15 127380
9 12 73790
9 10 64250
10 15 1292410
10 8 60190
10 11 1328510
10 9 64250
11 4 1283730
11 6 68650
11 10 1328510
12 9 73790
12 14 394860
12 13 114360
12 15 567620
13 12 114360
13 15 864760
13 17 1006550
13 16 315270
14 17 466490
14 12 394860
15 10 1292410
15 13 864760
15 12 567620
15 8 127380
16 23 618110
16 20 189520
16 6 500530
16 13 315270
17 14 466490
17 13 1006550
17 19 88700
17 25 1143970
18 22 13200
18 25 1393540
18 19 126420
19 17 88700
19 18 126420
19 22 37500
20 16 189520
20 25 771710
20 23 549860
21 24 383620
21 23 235670
21 7 650780
22 18 13200
22 19 37500
23 21 235670
23 24 414790
23 16 618110
23 20 549860
24 21 383620
24 23 414790
25 20 771710
25 18 1393540
25 17 1143970
