0 4 658820
0 2 171790
1 2 2238280
1 5 3579650
1 3 827570
2 1 2238280
2 0 171790
2 4 3364690
3 4 946630
3 1 827570
3 5 314030
4 0 658820
4 3 946630
4 2 3364690
4 11 5041530
5 1 3579650
5 3 314030
5 7 1595560
5 6 2517740
6 8 1052590
6 7 1373800
6 5 2517740
6 11 377830
6 16 2516670
7 6 1373800
7 21 3031140
7 5 1595560
8 6 1052590
8 10 107080
8 15 1066740
9 12 210480
9 10 164910
10 15 4814000
10 8 107080
10 11 4820680
10 9 164910
11 4 5041530
11 6 377830
11 10 4820680
12 9 210480
12 14 1048640
12 13 471330
12 15 2528530
13 12 471330
13 15 3189510
13 17 2956740
13 16 1655390
14 17 1071660
14 12 1048640
15 10 4814000
15 13 3189510
15 12 2528530
15 8 1066740
16 23 2526790
16 20 1834530
16 6 2516670
16 13 1655390
17 14 1071660
17 13 2956740
17 19 485180
17 25 2774630
18 22 473460
18 25 5447920
18 19 270040
19 17 485180
19 18 270040
19 22 327380
20 16 1834530
20 25 4257900
20 23 2586510
21 24 1547200
21 23 1808640
21 7 3031140
22 18 473460
22 19 327380
23 21 1808640
23 24 2169290
23 16 2526790
23 20 2586510
24 21 1547200
24 23 2169290
25 20 4257900
25 18 5447920
25 17 2774630
