0 4 446880
0 2 223720
1 2 2924350
1 5 5523230
1 3 638890
2 1 2924350
2 0 223720
2 4 2606460
3 4 815570
3 1 638890
3 5 187220
4 0 446880
4 3 815570
4 2 2606460
4 11 3984820
5 1 5523230
5 3 187220
5 7 2101750
5 6 3944060
6 8 910100
6 7 1209490
6 5 3944060
6 11 385580
6 16 3567220
7 6 1209490
7 21 2940940
7 5 2101750
8 6 910100
8 10 47040
8 15 962620
9 12 511450
9 10 187960
10 15 3889510
10 8 47040
10 11 3845340
10 9 187960
11 4 3984820
11 6 385580
11 10 3845340
12 9 511450
12 14 1434340
12 13 912380
12 15 1871000
13 12 912380
13 15 3141500
13 17 3007070
13 16 1518870
14 17 1513590
14 12 1434340
15 10 3889510
15 13 3141500
15 12 1871000
15 8 962620
16 23 2757500
16 20 2387540
16 6 3567220
16 13 1518870
17 14 1513590
17 13 3007070
17 19 591700
17 25 3503450
18 22 278450
18 25 5938800
18 19 197840
19 17 591700
19 18 197840
19 22 314600
20 16 2387540
20 25 4433620
20 23 2426320
21 24 1511960
21 23 1540390
21 7 2940940
22 18 278450
22 19 314600
23 21 1540390
23 24 1487370
23 16 2757500
23 20 2426320
24 21 1511960
24 23 1487370
25 20 4433620
25 18 5938800
25 17 3503450
