0 4 126110
0 2 41220
1 2 1097780
1 5 1477380
1 3 434630
2 1 1097780
2 0 41220
2 4 890020
3 4 441180
3 1 434630
3 5 43750
4 0 126110
4 3 441180
4 2 890020
4 11 1614550
5 1 1477380
5 3 43750
5 7 565220
5 6 989340
6 8 271530
6 7 318960
6 5 989340
6 11 115290
6 16 920650
7 6 318960
7 21 665040
7 5 565220
8 6 271530
8 10 35000
8 15 213470
9 12 110790
9 10 45290
10 15 1576690
10 8 35000
10 11 1579570
10 9 45290
11 4 1614550
11 6 115290
11 10 1579570
12 9 110790
12 14 387120
12 13 190500
12 15 684400
13 12 190500
13 15 1067590
13 17 1053380
13 16 506730
14 17 395260
14 12 387120
15 10 1576690
15 13 1067590
15 12 684400
15 8 213470
16 23 1020420
16 20 482330
16 6 920650
16 13 506730
17 14 395260
17 13 1053380
17 19 114250
17 25 997140
18 22 108590
18 25 1701070
18 19 112430
19 17 114250
19 18 112430
19 22 71410
20 16 482330
20 25 989300
20 23 641700
21 24 377520
21 23 353360
21 7 665040
22 18 108590
22 19 71410
23 21 353360
23 24 600520
23 16 1020420
23 20 641700
24 21 377520
24 23 600520
25 20 989300
25 18 1701070
25 17 997140
