0 4 404120
0 2 135040
1 2 2633400
1 5 3066220
1 3 1202180
2 1 2633400
2 0 135040
2 4 3368280
3 4 1572800
3 1 1202180
3 5 164180
4 0 404120
4 3 1572800
4 2 3368280
4 11 5338430
5 1 3066220
5 3 164180
5 7 1469120
5 6 2206930
6 8 976320
6 7 910880
6 5 2206930
6 11 297220
6 16 2059130
7 6 910880
7 21 3066410
7 5 1469120
8 6 976320
8 10 113660
8 15 787890
9 12 501130
9 10 201190
10 15 5455840
10 8 113660
10 11 5188620
10 9 201190
11 4 5338430
11 6 297220
11 10 5188620
12 9 501130
12 14 2701670
12 13 757460
12 15 2729330
13 12 757460
13 15 3893730
13 17 3684390
13 16 1731040
14 17 2687760
14 12 2701670
15 10 5455840
15 13 3893730
15 12 2729330
15 8 787890
16 23 2541280
16 20 1254710
16 6 2059130
16 13 1731040
17 14 2687760
17 13 3684390
17 19 558130
17 25 4921600
18 22 353950
18 25 6759740
18 19 491180
19 17 558130
19 18 491180
19 22 334410
20 16 1254710
20 25 4625940
20 23 3520030
21 24 1359580
21 23 1830070
21 7 3066410
22 18 353950
22 19 334410
23 21 1830070
23 24 2339500
23 16 2541280
23 20 3520030
24 21 1359580
24 23 2339500
25 20 4625940
25 18 6759740
25 17 4921600
