0 4 180810
0 2 82170
1 2 438260
1 5 857740
1 3 118910
2 1 438260
2 0 82170
2 4 766230
3 4 107120
3 1 118910
3 5 87210
4 0 180810
4 3 107120
4 2 766230
4 11 1158980
5 1 857740
5 3 87210
5 7 484510
5 6 581390
6 8 70990
6 7 218750
6 5 581390
6 11 177770
6 16 540490
7 6 218750
7 21 759880
7 5 484510
8 6 70990
8 10 35280
8 15 88310
9 12 151780
9 10 27590
10 15 1046530
10 8 35280
10 11 1056690
10 9 27590
11 4 1158980
11 6 177770
11 10 1056690
12 9 151780
12 14 454360
12 13 424230
12 15 185200
13 12 424230
13 15 965190
13 17 894650
13 16 644620
14 17 445010
14 12 454360
15 10 1046530
15 13 965190
15 12 185200
15 8 88310
16 23 695290
16 20 478620
16 6 540490
16 13 644620
17 14 445010
17 13 894650
17 19 89870
17 25 1222690
18 22 94600
18 25 1595960
18 19 115120
19 17 89870
19 18 115120
19 22 39200
20 16 478620
20 25 996300
20 23 646940
21 24 477400
21 23 315940
21 7 759880
22 18 94600
22 19 39200
23 21 315940
23 24 435210
23 16 695290
23 20 646940
24 21 477400
24 23 435210
25 20 996300
25 18 1595960
25 17 1222690
