0 4 120420
0 2 15160
1 2 554890
1 5 736930
1 3 134700
2 1 554890
2 0 15160
2 4 532680
3 4 93170
3 1 134700
3 5 76680
4 0 120420
4 3 93170
4 2 532680
4 11 708770
5 1 736930
5 3 76680
5 7 246660
5 6 680300
6 8 162480
6 7 249720
6 5 680300
6 11 85360
6 16 709190
7 6 249720
7 21 747340
7 5 246660
8 6 162480
8 10 100370
8 15 126690
9 12 72720
9 10 97040
10 15 632610
10 8 100370
10 11 683740
10 9 97040
11 4 708770
11 6 85360
11 10 683740
12 9 72720
12 14 346590
12 13 146640
12 15 355850
13 12 146640
13 15 539380
13 17 531500
13 16 318930
14 17 487160
14 12 346590
15 10 632610
15 13 539380
15 12 355850
15 8 126690
16 23 601000
16 20 386740
16 6 709190
16 13 318930
17 14 487160
17 13 531500
17 19 105120
17 25 742950
18 22 94760
18 25 1429770
18 19 92620
19 17 105120
19 18 92620
19 22 21490
20 16 386740
20 25 1169930
20 23 777510
21 24 306750
21 23 437910
21 7 747340
22 18 94760
22 19 21490
23 21 437910
23 24 435610
23 16 601000
23 20 777510
24 21 306750
24 23 435610
25 20 1169930
25 18 1429770
25 17 742950
