0 4 919930
0 2 260200
1 2 3847940
1 5 6071620
1 3 1322430
2 1 3847940
2 0 260200
2 4 5630760
3 4 1450540
3 1 1322430
3 5 483440
4 0 919930
4 3 1450540
4 2 5630760
4 11 8346610
5 1 6071620
5 3 483440
5 7 3617500
5 6 3763670
6 8 2544750
6 7 2710970
6 5 3763670
6 11 455660
6 16 3513310
7 6 2710970
7 21 6169090
7 5 3617500
8 6 2544750
8 10 414360
8 15 2445420
9 12 764040
9 10 386060
10 15 7832780
10 8 414360
10 11 8211010
10 9 386060
11 4 8346610
11 6 455660
11 10 8211010
12 9 764040
12 14 2647980
12 13 1282490
12 15 4527550
13 12 1282490
13 15 6181750
13 17 5744780
13 16 2784990
14 17 2344690
14 12 2647980
15 10 7832780
15 13 6181750
15 12 4527550
15 8 2445420
16 23 3669550
16 20 2819180
16 6 3513310
16 13 2784990
17 14 2344690
17 13 5744780
17 19 1082140
17 25 5583610
18 22 455940
18 25 11088480
18 19 664250
19 17 1082140
19 18 664250
19 22 542870
20 16 2819180
20 25 9452160
20 23 7074790
21 24 2769520
21 23 3793270
21 7 6169090
22 18 455940
22 19 542870
23 21 3793270
23 24 3149880
23 16 3669550
23 20 7074790
24 21 2769520
24 23 3149880
25 20 9452160
25 18 11088480
25 17 5583610
