0 4 60500
0 2 79650
1 2 779930
1 5 1517720
1 3 187540
2 1 779930
2 0 79650
2 4 774200
3 4 301660
3 1 187540
3 5 118780
4 0 60500
4 3 301660
4 2 774200
4 11 1133160
5 1 1517720
5 3 118780
5 7 733020
5 6 973640
6 8 78310
6 7 141650
6 5 973640
6 11 103810
6 16 889330
7 6 141650
7 21 1169020
7 5 733020
8 6 78310
8 10 67320
8 15 78640
9 12 97930
9 10 89220
10 15 1050560
10 8 67320
10 11 1072820
10 9 89220
11 4 1133160
11 6 103810
11 10 1072820
12 9 97930
12 14 412930
12 13 298790
12 15 305110
13 12 298790
13 15 811820
13 17 762560
13 16 452110
14 17 463180
14 12 412930
15 10 1050560
15 13 811820
15 12 305110
15 8 78640
16 23 996020
16 20 298690
16 6 889330
16 13 452110
17 14 463180
17 13 762560
17 19 112270
17 25 1015960
18 22 114660
18 25 1340550
18 19 138480
19 17 112270
19 18 138480
19 22 43580
20 16 298690
20 25 1036700
20 23 811350
21 24 511710
21 23 650010
21 7 1169020
22 18 114660
22 19 43580
23 21 650010
23 24 531630
23 16 996020
23 20 811350
24 21 511710
24 23 531630
25 20 1036700
25 18 1340550
25 17 1015960
