0 4 91940
0 2 28340
1 2 440830
1 5 852120
1 3 298280
2 1 440830
2 0 28340
2 4 608670
3 4 348920
3 1 298280
3 5 116620
4 0 91940
4 3 348920
4 2 608670
4 11 1140390
5 1 852120
5 3 116620
5 7 545560
5 6 542810
6 8 316510
6 7 379180
6 5 542810
6 11 131460
6 16 535800
7 6 379180
7 21 964600
7 5 545560
8 6 316510
8 10 60320
8 15 252030
9 12 54130
9 10 44500
10 15 1077200
10 8 60320
10 11 1060070
10 9 44500
11 4 1140390
11 6 131460
11 10 1060070
12 9 54130
12 14 293220
12 13 165400
12 15 631580
13 12 165400
13 15 706830
13 17 706680
13 16 367820
14 17 262740
14 12 293220
15 10 1077200
15 13 706830
15 12 631580
15 8 252030
16 23 419490
16 20 466370
16 6 535800
16 13 367820
17 14 262740
17 13 706680
17 19 138860
17 25 689020
18 22 47690
18 25 1448930
18 19 42710
19 17 138860
19 18 42710
19 22 99140
20 16 466370
20 25 985480
20 23 581240
21 24 491700
21 23 455060
21 7 964600
22 18 47690
22 19 99140
23 21 455060
23 24 279180
23 16 419490
23 20 581240
24 21 491700
24 23 279180
25 20 985480
25 18 1448930
25 17 689020
