0 4 112440
0 2 39200
1 2 619170
1 5 739100
1 3 504680
2 1 619170
2 0 39200
2 4 901370
3 4 572750
3 1 504680
3 5 149630
4 0 112440
4 3 572750
4 2 901370
4 11 1557100
5 1 739100
5 3 149630
5 7 424570
5 6 543860
6 8 173380
6 7 270480
6 5 543860
6 11 130470
6 16 510840
7 6 270480
7 21 491210
7 5 424570
8 6 173380
8 10 59860
8 15 104470
9 12 126590
9 10 65720
10 15 1370590
10 8 59860
10 11 1372880
10 9 65720
11 4 1557100
11 6 130470
11 10 1372880
12 9 126590
12 14 449090
12 13 50540
12 15 827010
13 12 50540
13 15 780480
13 17 603360
13 16 239100
14 17 316130
14 12 449090
15 10 1370590
15 13 780480
15 12 827010
15 8 104470
16 23 634710
16 20 211660
16 6 510840
16 13 239100
17 14 316130
17 13 603360
17 19 50600
17 25 783320
18 22 13400
18 25 828520
18 19 57070
19 17 50600
19 18 57070
19 22 1
20 16 211660
20 25 606140
20 23 404340
21 24 358390
21 23 101500
21 7 491210
22 18 13400
22 19 1
23 21 101500
23 24 421470
23 16 634710
23 20 404340
24 21 358390
24 23 421470
25 20 606140
25 18 828520
25 17 783320
