0 4 190640
0 2 40660
1 2 1139760
1 5 1598270
1 3 74210
2 1 1139760
2 0 40660
2 4 1153720
3 4 145820
3 1 74210
3 5 224290
4 0 190640
4 3 145820
4 2 1153720
4 11 1669650
5 1 1598270
5 3 224290
5 7 851150
5 6 1140890
6 8 613770
6 7 721250
6 5 1140890
6 11 238250
6 16 1057180
7 6 721250
7 21 1241500
7 5 851150
8 6 613770
8 10 222830
8 15 497210
9 12 139310
9 10 190820
10 15 1494380
10 8 222830
10 11 1668860
10 9 190820
11 4 1669650
11 6 238250
11 10 1668860
12 9 139310
12 14 384390
12 13 215550
12 15 673060
13 12 215550
13 15 1348340
13 17 1243920
13 16 833110
14 17 418360
14 12 384390
15 10 1494380
15 13 1348340
15 12 673060
15 8 497210
16 23 1043200
16 20 861510
16 6 1057180
16 13 833110
17 14 418360
17 13 1243920
17 19 160280
17 25 1127460
18 22 173130
18 25 2259290
18 19 180590
19 17 160280
19 18 180590
19 22 77250
20 16 861510
20 25 2206330
20 23 1515120
21 24 708260
21 23 629820
21 7 1241500
22 18 173130
22 19 77250
23 21 629820
23 24 1124540
23 16 1043200
23 20 1515120
24 21 708260
24 23 1124540
25 20 2206330
25 18 2259290
25 17 1127460
