0 4 489240
0 2 151820
1 2 2551440
1 5 4019140
1 3 629220
2 1 2551440
2 0 151820
2 4 3278920
3 4 674390
3 1 629220
3 5 265140
4 0 489240
4 3 674390
4 2 3278920
4 11 4746600
5 1 4019140
5 3 265140
5 7 1579180
5 6 2769460
6 8 815120
6 7 1388880
6 5 2769460
6 11 534420
6 16 2804650
7 6 1388880
7 21 2910070
7 5 1579180
8 6 815120
8 10 307870
8 15 842460
9 12 287760
9 10 414080
10 15 4438400
10 8 307870
10 11 4738970
10 9 414080
11 4 4746600
11 6 534420
11 10 4738970
12 9 287760
12 14 1327500
12 13 990270
12 15 1332850
13 12 990270
13 15 4156700
13 17 4112670
13 16 1976220
14 17 1500310
14 12 1327500
15 10 4438400
15 13 4156700
15 12 1332850
15 8 842460
16 23 3047080
16 20 1544470
16 6 2804650
16 13 1976220
17 14 1500310
17 13 4112670
17 19 640380
17 25 4408630
18 22 475370
18 25 6296260
18 19 261130
19 17 640380
19 18 261130
19 22 183380
20 16 1544470
20 25 4431970
20 23 3100130
21 24 1528250
21 23 1678350
21 7 2910070
22 18 475370
22 19 183380
23 21 1678350
23 24 1938340
23 16 3047080
23 20 3100130
24 21 1528250
24 23 1938340
25 20 4431970
25 18 6296260
25 17 4408630
