0 4 99750
0 2 39840
1 2 337590
1 5 873310
1 3 145370
2 1 337590
2 0 39840
2 4 904470
3 4 179980
3 1 145370
3 5 48890
4 0 99750
4 3 179980
4 2 904470
4 11 1216820
5 1 873310
5 3 48890
5 7 416990
5 6 615600
6 8 122360
6 7 103070
6 5 615600
6 11 63240
6 16 559650
7 6 103070
7 21 595820
7 5 416990
8 6 122360
8 10 44710
8 15 176190
9 12 102320
9 10 43030
10 15 1222830
10 8 44710
10 11 1236020
10 9 43030
11 4 1216820
11 6 63240
11 10 1236020
12 9 102320
12 14 370330
12 13 283680
12 15 301680
13 12 283680
13 15 1138000
13 17 1126650
13 16 493660
14 17 453090
14 12 370330
15 10 1222830
15 13 1138000
15 12 301680
15 8 176190
16 23 675870
16 20 431020
16 6 559650
16 13 493660
17 14 453090
17 13 1126650
17 19 351080
17 25 1063490
18 22 84220
18 25 1607010
18 19 173060
19 17 351080
19 18 173060
19 22 120360
20 16 431020
20 25 1039040
20 23 605490
21 24 269540
21 23 309210
21 7 595820
22 18 84220
22 19 120360
23 21 309210
23 24 592910
23 16 675870
23 20 605490
24 21 269540
24 23 592910
25 20 1039040
25 18 1607010
25 17 1063490
