0 4 83830
0 2 23420
1 2 716590
1 5 1678880
1 3 181840
2 1 716590
2 0 23420
2 4 1193240
3 4 238710
3 1 181840
3 5 164360
4 0 83830
4 3 238710
4 2 1193240
4 11 1520810
5 1 1678880
5 3 164360
5 7 941650
5 6 1086940
6 8 536810
6 7 598840
6 5 1086940
6 11 140340
6 16 1034820
7 6 598840
7 21 1252700
7 5 941650
8 6 536810
8 10 129840
8 15 512140
9 12 83990
9 10 114390
10 15 1331290
10 8 129840
10 11 1410500
10 9 114390
11 4 1520810
11 6 140340
11 10 1410500
12 9 83990
12 14 442550
12 13 353220
12 15 764840
13 12 353220
13 15 1096730
13 17 1183110
13 16 669960
14 17 522550
14 12 442550
15 10 1331290
15 13 1096730
15 12 764840
15 8 512140
16 23 1052150
16 20 738600
16 6 1034820
16 13 669960
17 14 522550
17 13 1183110
17 19 245480
17 25 1167500
18 22 73750
18 25 2377520
18 19 101840
19 17 245480
19 18 101840
19 22 73650
20 16 738600
20 25 1729990
20 23 1159070
21 24 648580
21 23 673610
21 7 1252700
22 18 73750
22 19 73650
23 21 673610
23 24 755370
23 16 1052150
23 20 1159070
24 21 648580
24 23 755370
25 20 1729990
25 18 2377520
25 17 1167500
