0 4 168890
0 2 52830
1 2 1257220
1 5 1346340
1 3 235820
2 1 1257220
2 0 52830
2 4 721380
3 4 275710
3 1 235820
3 5 132000
4 0 168890
4 3 275710
4 2 721380
4 11 1286470
5 1 1346340
5 3 132000
5 7 711290
5 6 842740
6 8 461760
6 7 513800
6 5 842740
6 11 135480
6 16 822570
7 6 513800
7 21 1021440
7 5 711290
8 6 461760
8 10 107220
8 15 614470
9 12 132550
9 10 58100
10 15 1345540
10 8 107220
10 11 1350530
10 9 58100
11 4 1286470
11 6 135480
11 10 1350530
12 9 132550
12 14 290240
12 13 516840
12 15 699340
13 12 516840
13 15 1366760
13 17 1213960
13 16 907040
14 17 321360
14 12 290240
15 10 1345540
15 13 1366760
15 12 699340
15 8 614470
16 23 1297410
16 20 290020
16 6 822570
16 13 907040
17 14 321360
17 13 1213960
17 19 149410
17 25 1073230
18 22 108980
18 25 2042460
18 19 112930
19 17 149410
19 18 112930
19 22 74690
20 16 290020
20 25 1307830
20 23 1181920
21 24 516540
21 23 625820
21 7 1021440
22 18 108980
22 19 74690
23 21 625820
23 24 645360
23 16 1297410
23 20 1181920
24 21 516540
24 23 645360
25 20 1307830
25 18 2042460
25 17 1073230
