0 4 148860
0 2 8450
1 2 832550
1 5 990630
1 3 432590
2 1 832550
2 0 8450
2 4 561760
3 4 507300
3 1 432590
3 5 10990
4 0 148860
4 3 507300
4 2 561760
4 11 1248590
5 1 990630
5 3 10990
5 7 386140
5 6 584060
6 8 101960
6 7 120240
6 5 584060
6 11 95110
6 16 595290
7 6 120240
7 21 561590
7 5 386140
8 6 101960
8 10 40890
8 15 99460
9 12 118480
9 10 92830
10 15 1221300
10 8 40890
10 11 1263210
10 9 92830
11 4 1248590
11 6 95110
11 10 1263210
12 9 118480
12 14 436490
12 13 100270
12 15 655180
13 12 100270
13 15 710940
13 17 542700
13 16 248330
14 17 341000
14 12 436490
15 10 1221300
15 13 710940
15 12 655180
15 8 99460
16 23 627410
16 20 273430
16 6 595290
16 13 248330
17 14 341000
17 13 542700
17 19 41130
17 25 796740
18 22 90180
18 25 1026740
18 19 46140
19 17 41130
19 18 46140
19 22 14720
20 16 273430
20 25 718890
20 23 520210
21 24 288380
21 23 334170
21 7 561590
22 18 90180
22 19 14720
23 21 334170
23 24 380620
23 16 627410
23 20 520210
24 21 288380
24 23 380620
25 20 718890
25 18 1026740
25 17 796740
