0 4 584850
0 2 88380
1 2 2762970
1 5 3878240
1 3 616020
2 1 2762970
2 0 88380
2 4 2451890
3 4 701770
3 1 616020
3 5 122840
4 0 584850
4 3 701770
4 2 2451890
4 11 4230660
5 1 3878240
5 3 122840
5 7 1574820
5 6 2487220
6 8 723660
6 7 1304990
6 5 2487220
6 11 608710
6 16 2421350
7 6 1304990
7 21 3087920
7 5 1574820
8 6 723660
8 10 419810
8 15 558810
9 12 359450
9 10 381750
10 15 3968240
10 8 419810
10 11 3866590
10 9 381750
11 4 4230660
11 6 608710
11 10 3866590
12 9 359450
12 14 1328790
12 13 647640
12 15 1105740
13 12 647640
13 15 3486170
13 17 3217940
13 16 1730050
14 17 1178790
14 12 1328790
15 10 3968240
15 13 3486170
15 12 1105740
15 8 558810
16 23 2317940
16 20 1504280
16 6 2421350
16 13 1730050
17 14 1178790
17 13 3217940
17 19 461270
17 25 3408650
18 22 552270
18 25 5767830
18 19 278480
19 17 461270
19 18 278480
19 22 222760
20 16 1504280
20 25 5132140
20 23 4097350
21 24 1286570
21 23 2069450
21 7 3087920
22 18 552270
22 19 222760
23 21 2069450
23 24 1940430
23 16 2317940
23 20 4097350
24 21 1286570
24 23 1940430
25 20 5132140
25 18 5767830
25 17 3408650
