0 4 851980
0 2 181930
1 2 4400020
1 5 6914460
1 3 594780
2 1 4400020
2 0 181930
2 4 4378630
3 4 808670
3 1 594780
3 5 364510
4 0 851980
4 3 808670
4 2 4378630
4 11 6412130
5 1 6914460
5 3 364510
5 7 3256020
5 6 4523050
6 8 1242970
6 7 1618930
6 5 4523050
6 11 718620
6 16 4414470
7 6 1618930
7 21 5688520
7 5 3256020
8 6 1242970
8 10 312790
8 15 1249820
9 12 543680
9 10 368970
10 15 5855400
10 8 312790
10 11 5736040
10 9 368970
11 4 6412130
11 6 718620
11 10 5736040
12 9 543680
12 14 2368200
12 13 1256230
12 15 1618500
13 12 1256230
13 15 5952980
13 17 5606210
13 16 2755390
14 17 2504320
14 12 2368200
15 10 5855400
15 13 5952980
15 12 1618500
15 8 1249820
16 23 4411930
16 20 2514950
16 6 4414470
16 13 2755390
17 14 2504320
17 13 5606210
17 19 986160
17 25 6305230
18 22 442480
18 25 10714680
18 19 278470
19 17 986160
19 18 278470
19 22 718460
20 16 2514950
20 25 7112820
20 23 5150310
21 24 2356930
21 23 3310480
21 7 5688520
22 18 442480
22 19 718460
23 21 3310480
23 24 2576460
23 16 4411930
23 20 5150310
24 21 2356930
24 23 2576460
25 20 7112820
25 18 10714680
25 17 6305230
