0 4 149650
0 2 137670
1 2 728430
1 5 1154890
1 3 340700
2 1 728430
2 0 137670
2 4 708730
3 4 388400
3 1 340700
3 5 24890
4 0 149650
4 3 388400
4 2 708730
4 11 1327860
5 1 1154890
5 3 24890
5 7 495240
5 6 803610
6 8 173320
6 7 258850
6 5 803610
6 11 132100
6 16 800300
7 6 258850
7 21 902780
7 5 495240
8 6 173320
8 10 36440
8 15 132590
9 12 157900
9 10 35170
10 15 1347610
10 8 36440
10 11 1334560
10 9 35170
11 4 1327860
11 6 132100
11 10 1334560
12 9 157900
12 14 452320
12 13 234400
12 15 558180
13 12 234400
13 15 938830
13 17 955000
13 16 491870
14 17 450070
14 12 452320
15 10 1347610
15 13 938830
15 12 558180
15 8 132590
16 23 688480
16 20 629610
16 6 800300
16 13 491870
17 14 450070
17 13 955000
17 19 222740
17 25 1014890
18 22 62250
18 25 1650310
18 19 75080
19 17 222740
19 18 75080
19 22 98580
20 16 629610
20 25 1272960
20 23 699250
21 24 447730
21 23 395970
21 7 902780
22 18 62250
22 19 98580
23 21 395970
23 24 625680
23 16 688480
23 20 699250
24 21 447730
24 23 625680
25 20 1272960
25 18 1650310
25 17 1014890
