0 4 277370
0 2 62340
1 2 1291310
1 5 2030620
1 3 388030
2 1 1291310
2 0 62340
2 4 1862480
3 4 441760
3 1 388030
3 5 98370
4 0 277370
4 3 441760
4 2 1862480
4 11 2551190
5 1 2030620
5 3 98370
5 7 608980
5 6 1639710
6 8 279120
6 7 370040
6 5 1639710
6 11 234860
6 16 1527550
7 6 370040
7 21 1605950
7 5 608980
8 6 279120
8 10 80100
8 15 305500
9 12 122570
9 10 112110
10 15 2456780
10 8 80100
10 11 2529430
10 9 112110
11 4 2551190
11 6 234860
11 10 2529430
12 9 122570
12 14 507350
12 13 577330
12 15 985040
13 12 577330
13 15 1724680
13 17 1443770
13 16 1077590
14 17 455020
14 12 507350
15 10 2456780
15 13 1724680
15 12 985040
15 8 305500
16 23 1788600
16 20 748370
16 6 1527550
16 13 1077590
17 14 455020
17 13 1443770
17 19 231600
17 25 1440030
18 22 114370
18 25 2271950
18 19 163780
19 17 231600
19 18 163780
19 22 85880
20 16 748370
20 25 1963180
20 23 1417750
21 24 624590
21 23 1147820
21 7 1605950
22 18 114370
22 19 85880
23 21 1147820
23 24 972740
23 16 1788600
23 20 1417750
24 21 624590
24 23 972740
25 20 1963180
25 18 2271950
25 17 1440030
