0 4 95270
0 2 24670
1 2 794370
1 5 893090
1 3 343530
2 1 794370
2 0 24670
2 4 1029740
3 4 363000
3 1 343530
3 5 55120
4 0 95270
4 3 363000
4 2 1029740
4 11 1560220
5 1 893090
5 3 55120
5 7 355690
5 6 633010
6 8 285400
6 7 318890
6 5 633010
6 11 73840
6 16 643210
7 6 318890
7 21 919620
7 5 355690
8 6 285400
8 10 51100
8 15 320550
9 12 134240
9 10 70660
10 15 1479530
10 8 51100
10 11 1563080
10 9 70660
11 4 1560220
11 6 73840
11 10 1563080
12 9 134240
12 14 415960
12 13 437020
12 15 840230
13 12 437020
13 15 1115760
13 17 987670
13 16 891770
14 17 436620
14 12 415960
15 10 1479530
15 13 1115760
15 12 840230
15 8 320550
16 23 1110910
16 20 311840
16 6 643210
16 13 891770
17 14 436620
17 13 987670
17 19 78150
17 25 1094180
18 22 190730
18 25 1963370
18 19 130550
19 17 78150
19 18 130550
19 22 46320
20 16 311840
20 25 1088190
20 23 926500
21 24 367920
21 23 685420
21 7 919620
22 18 190730
22 19 46320
23 21 685420
23 24 812160
23 16 1110910
23 20 926500
24 21 367920
24 23 812160
25 20 1088190
25 18 1963370
25 17 1094180
