0 4 179010
0 2 30710
1 2 1057880
1 5 1779030
1 3 370770
2 1 1057880
2 0 30710
2 4 1197200
3 4 411860
3 1 370770
3 5 43360
4 0 179010
4 3 411860
4 2 1197200
4 11 1955590
5 1 1779030
5 3 43360
5 7 516430
5 6 1315850
6 8 282840
6 7 474200
6 5 1315850
6 11 227550
6 16 1213410
7 6 474200
7 21 1128130
7 5 516430
8 6 282840
8 10 38730
8 15 417300
9 12 134960
9 10 147960
10 15 1547330
10 8 38730
10 11 1789350
10 9 147960
11 4 1955590
11 6 227550
11 10 1789350
12 9 134960
12 14 344330
12 13 245840
12 15 674750
13 12 245840
13 15 1260620
13 17 1158710
13 16 616690
14 17 473190
14 12 344330
15 10 1547330
15 13 1260620
15 12 674750
15 8 417300
16 23 871410
16 20 1069430
16 6 1213410
16 13 616690
17 14 473190
17 13 1158710
17 19 279790
17 25 953680
18 22 146120
18 25 2473670
18 19 186620
19 17 279790
19 18 186620
19 22 215060
20 16 1069430
20 25 2229240
20 23 1227370
21 24 603210
21 23 577100
21 7 1128130
22 18 146120
22 19 215060
23 21 577100
23 24 800780
23 16 871410
23 20 1227370
24 21 603210
24 23 800780
25 20 2229240
25 18 2473670
25 17 953680
