0 4 685670
0 2 90650
1 2 2339500
1 5 3191050
1 3 607310
2 1 2339500
2 0 90650
2 4 3305220
3 4 798240
3 1 607310
3 5 118290
4 0 685670
4 3 798240
4 2 3305220
4 11 4865420
5 1 3191050
5 3 118290
5 7 1588660
5 6 1881500
6 8 453220
6 7 778010
6 5 1881500
6 11 414850
6 16 1803500
7 6 778010
7 21 2477080
7 5 1588660
8 6 453220
8 10 370610
8 15 392200
9 12 354480
9 10 364590
10 15 4274890
10 8 370610
10 11 4653010
10 9 364590
11 4 4865420
11 6 414850
11 10 4653010
12 9 354480
12 14 1050860
12 13 337380
12 15 972300
13 12 337380
13 15 4021200
13 17 3945670
13 16 998570
14 17 1093150
14 12 1050860
15 10 4274890
15 13 4021200
15 12 972300
15 8 392200
16 23 1859990
16 20 1012160
16 6 1803500
16 13 998570
17 14 1093150
17 13 3945670
17 19 531240
17 25 3953520
18 22 317550
18 25 5689060
18 19 201040
19 17 531240
19 18 201040
19 22 231510
20 16 1012160
20 25 3951340
20 23 3150650
21 24 989660
21 23 1503330
21 7 2477080
22 18 317550
22 19 231510
23 21 1503330
23 24 1768090
23 16 1859990
23 20 3150650
24 21 989660
24 23 1768090
25 20 3951340
25 18 5689060
25 17 3953520
