0 4 82680
0 2 15250
1 2 1236050
1 5 1820030
1 3 146720
2 1 1236050
2 0 15250
2 4 1487590
3 4 267540
3 1 146720
3 5 117960
4 0 82680
4 3 267540
4 2 1487590
4 11 1890120
5 1 1820030
5 3 117960
5 7 843080
5 6 1126670
6 8 188230
6 7 283900
6 5 1126670
6 11 110520
6 16 1132630
7 6 283900
7 21 1113460
7 5 843080
8 6 188230
8 10 55520
8 15 228850
9 12 124420
9 10 80470
10 15 1873090
10 8 55520
10 11 1782760
10 9 80470
11 4 1890120
11 6 110520
11 10 1782760
12 9 124420
12 14 538860
12 13 382820
12 15 561140
13 12 382820
13 15 1615490
13 17 1385690
13 16 745490
14 17 420860
14 12 538860
15 10 1873090
15 13 1615490
15 12 561140
15 8 228850
16 23 1034680
16 20 716130
16 6 1132630
16 13 745490
17 14 420860
17 13 1385690
17 19 203890
17 25 1419760
18 22 117090
18 25 2127260
18 19 82470
19 17 203890
19 18 82470
19 22 93620
20 16 716130
20 25 1712470
20 23 1146780
21 24 664360
21 23 623320
21 7 1113460
22 18 117090
22 19 93620
23 21 623320
23 24 891890
23 16 1034680
23 20 1146780
24 21 664360
24 23 891890
25 20 1712470
25 18 2127260
25 17 1419760
