0 4 408870
0 2 28020
1 2 2137190
1 5 3344850
1 3 558180
2 1 2137190
2 0 28020
2 4 2580730
3 4 769420
3 1 558180
3 5 256050
4 0 408870
4 3 769420
4 2 2580730
4 11 3926370
5 1 3344850
5 3 256050
5 7 1804510
5 6 2127590
6 8 733390
6 7 895930
6 5 2127590
6 11 443160
6 16 2049170
7 6 895930
7 21 2861260
7 5 1804510
8 6 733390
8 10 151690
8 15 608160
9 12 280140
9 10 100900
10 15 3661980
10 8 151690
10 11 3632140
10 9 100900
11 4 3926370
11 6 443160
11 10 3632140
12 9 280140
12 14 508930
12 13 777920
12 15 1315610
13 12 777920
13 15 3170510
13 17 2821740
13 16 1457850
14 17 651380
14 12 508930
15 10 3661980
15 13 3170510
15 12 1315610
15 8 608160
16 23 2471280
16 20 1132780
16 6 2049170
16 13 1457850
17 14 651380
17 13 2821740
17 19 530950
17 25 2373770
18 22 286410
18 25 4905200
18 19 108900
19 17 530950
19 18 108900
19 22 400910
20 16 1132780
20 25 3576190
20 23 2667140
21 24 1512880
21 23 1562370
21 7 2861260
22 18 286410
22 19 400910
23 21 1562370
23 24 2193530
23 16 2471280
23 20 2667140
24 21 1512880
24 23 2193530
25 20 3576190
25 18 4905200
25 17 2373770
