0 4 279110
0 2 64800
1 2 1960740
1 5 3025240
1 3 380700
2 1 1960740
2 0 64800
2 4 1391690
3 4 535210
3 1 380700
3 5 166180
4 0 279110
4 3 535210
4 2 1391690
4 11 2376370
5 1 3025240
5 3 166180
5 7 1600030
5 6 1743100
6 8 271870
6 7 336000
6 5 1743100
6 11 140910
6 16 1837220
7 6 336000
7 21 1560130
7 5 1600030
8 6 271870
8 10 224790
8 15 70060
9 12 194030
9 10 133560
10 15 2137770
10 8 224790
10 11 2209660
10 9 133560
11 4 2376370
11 6 140910
11 10 2209660
12 9 194030
12 14 482300
12 13 375980
12 15 571340
13 12 375980
13 15 1727010
13 17 1656660
13 16 844770
14 17 508690
14 12 482300
15 10 2137770
15 13 1727010
15 12 571340
15 8 70060
16 23 1636370
16 20 1012470
16 6 1837220
16 13 844770
17 14 508690
17 13 1656660
17 19 292550
17 25 1504860
18 22 198210
18 25 3039230
18 19 201760
19 17 292550
19 18 201760
19 22 219910
20 16 1012470
20 25 2348430
20 23 1535910
21 24 991050
21 23 623830
21 7 1560130
22 18 198210
22 19 219910
23 21 623830
23 24 1171070
23 16 1636370
23 20 1535910
24 21 991050
24 23 1171070
25 20 2348430
25 18 3039230
25 17 1504860
