0 4 91640
0 2 32150
1 2 648700
1 5 723490
1 3 142770
2 1 648700
2 0 32150
2 4 807100
3 4 212860
3 1 142770
3 5 57140
4 0 91640
4 3 212860
4 2 807100
4 11 1102040
5 1 723490
5 3 57140
5 7 326820
5 6 514270
6 8 136690
6 7 242700
6 5 514270
6 11 113810
6 16 450230
7 6 242700
7 21 553260
7 5 326820
8 6 136690
8 10 31590
8 15 189460
9 12 97250
9 10 49560
10 15 965100
10 8 31590
10 11 1027450
10 9 49560
11 4 1102040
11 6 113810
11 10 1027450
12 9 97250
12 14 282690
12 13 128030
12 15 358330
13 12 128030
13 15 833210
13 17 780400
13 16 252110
14 17 316400
14 12 282690
15 10 965100
15 13 833210
15 12 358330
15 8 189460
16 23 423660
16 20 290290
16 6 450230
16 13 252110
17 14 316400
17 13 780400
17 19 195890
17 25 749950
18 22 71550
18 25 991090
18 19 85470
19 17 195890
19 18 85470
19 22 64410
20 16 290290
20 25 764400
20 23 604910
21 24 337670
21 23 325540
21 7 553260
22 18 71550
22 19 64410
23 21 325540
23 24 334800
23 16 423660
23 20 604910
24 21 337670
24 23 334800
25 20 764400
25 18 991090
25 17 749950
