0 4 87420
0 2 57180
1 2 1603680
1 5 1838020
1 3 510770
2 1 1603680
2 0 57180
2 4 1849110
3 4 606990
3 1 510770
3 5 289270
4 0 87420
4 3 606990
4 2 1849110
4 11 2745180
5 1 1838020
5 3 289270
5 7 982430
5 6 1269200
6 8 558480
6 7 513250
6 5 1269200
6 11 197350
6 16 1239180
7 6 513250
7 21 1708930
7 5 982430
8 6 558480
8 10 322310
8 15 461170
9 12 106590
9 10 247480
10 15 2550440
10 8 322310
10 11 2690730
10 9 247480
11 4 2745180
11 6 197350
11 10 2690730
12 9 106590
12 14 1401390
12 13 364910
12 15 1050440
13 12 364910
13 15 1847440
13 17 1825990
13 16 765050
14 17 1552370
14 12 1401390
15 10 2550440
15 13 1847440
15 12 1050440
15 8 461170
16 23 1025670
16 20 924330
16 6 1239180
16 13 765050
17 14 1552370
17 13 1825990
17 19 380250
17 25 2592400
18 22 515870
18 25 4318230
18 19 201690
19 17 380250
19 18 201690
19 22 161600
20 16 924330
20 25 2778070
20 23 2165520
21 24 852690
21 23 827090
21 7 1708930
22 18 515870
22 19 161600
23 21 827090
23 24 1401680
23 16 1025670
23 20 2165520
24 21 852690
24 23 1401680
25 20 2778070
25 18 4318230
25 17 2592400
