0 4 398460
0 2 117830
1 2 2043340
1 5 2846990
1 3 619110
2 1 2043340
2 0 117830
2 4 2784850
3 4 786950
3 1 619110
3 5 201090
4 0 398460
4 3 786950
4 2 2784850
4 11 4467900
5 1 2846990
5 3 201090
5 7 1705220
5 6 1444360
6 8 529010
6 7 1197620
6 5 1444360
6 11 536360
6 16 1549420
7 6 1197620
7 21 2922670
7 5 1705220
8 6 529010
8 10 151800
8 15 597090
9 12 416640
9 10 175300
10 15 3816710
10 8 151800
10 11 3994770
10 9 175300
11 4 4467900
11 6 536360
11 10 3994770
12 9 416640
12 14 1325110
12 13 778560
12 15 1415300
13 12 778560
13 15 3069750
13 17 2992060
13 16 1620600
14 17 1461340
14 12 1325110
15 10 3816710
15 13 3069750
15 12 1415300
15 8 597090
16 23 2449110
16 20 865660
16 6 1549420
16 13 1620600
17 14 1461340
17 13 2992060
17 19 683080
17 25 3048410
18 22 338590
18 25 4712710
18 19 286500
19 17 683080
19 18 286500
19 22 293160
20 16 865660
20 25 2585430
20 23 1896030
21 24 1536220
21 23 1637590
21 7 2922670
22 18 338590
22 19 293160
23 21 1637590
23 24 1694330
23 16 2449110
23 20 1896030
24 21 1536220
24 23 1694330
25 20 2585430
25 18 4712710
25 17 3048410
