0 4 117360
0 2 63440
1 2 835670
1 5 961800
1 3 226560
2 1 835670
2 0 63440
2 4 953680
3 4 258800
3 1 226560
3 5 128000
4 0 117360
4 3 258800
4 2 953680
4 11 1396960
5 1 961800
5 3 128000
5 7 569200
5 6 581080
6 8 254610
6 7 349400
6 5 581080
6 11 121060
6 16 595800
7 6 349400
7 21 976330
7 5 569200
8 6 254610
8 10 55480
8 15 295510
9 12 157610
9 10 62500
10 15 1333150
10 8 55480
10 11 1364570
10 9 62500
11 4 1396960
11 6 121060
11 10 1364570
12 9 157610
12 14 219520
12 13 476180
12 15 605590
13 12 476180
13 15 1200920
13 17 1122670
13 16 853120
14 17 238010
14 12 219520
15 10 1333150
15 13 1200920
15 12 605590
15 8 295510
16 23 1073110
16 20 278410
16 6 595800
16 13 853120
17 14 238010
17 13 1122670
17 19 122510
17 25 954620
18 22 171020
18 25 1936390
18 19 123270
19 17 122510
19 18 123270
19 22 85870
20 16 278410
20 25 1375140
20 23 1265990
21 24 502010
21 23 668740
21 7 976330
22 18 171020
22 19 85870
23 21 668740
23 24 701790
23 16 1073110
23 20 1265990
24 21 502010
24 23 701790
25 20 1375140
25 18 1936390
25 17 954620
