0 4 673020
0 2 86500
1 2 3262990
1 5 5260310
1 3 383120
2 1 3262990
2 0 86500
2 4 3553510
3 4 500180
3 1 383120
3 5 404710
4 0 673020
4 3 500180
4 2 3553510
4 11 4997790
5 1 5260310
5 3 404710
5 7 2742180
5 6 3335830
6 8 1340630
6 7 1491730
6 5 3335830
6 11 533790
6 16 3178840
7 6 1491730
7 21 4316550
7 5 2742180
8 6 1340630
8 10 318850
8 15 1144840
9 12 505200
9 10 273810
10 15 4759170
10 8 318850
10 11 4573340
10 9 273810
11 4 4997790
11 6 533790
11 10 4573340
12 9 505200
12 14 2117800
12 13 992700
12 15 1645170
13 12 992700
13 15 4469960
13 17 3991850
13 16 2182230
14 17 1915150
14 12 2117800
15 10 4759170
15 13 4469960
15 12 1645170
15 8 1144840
16 23 3091320
16 20 2199550
16 6 3178840
16 13 2182230
17 14 1915150
17 13 3991850
17 19 898840
17 25 4590440
18 22 240100
18 25 8068550
18 19 417660
19 17 898840
19 18 417660
19 22 654750
20 16 2199550
20 25 5270700
20 23 3414820
21 24 1956230
21 23 2387450
21 7 4316550
22 18 240100
22 19 654750
23 21 2387450
23 24 1995240
23 16 3091320
23 20 3414820
24 21 1956230
24 23 1995240
25 20 5270700
25 18 8068550
25 17 4590440
