0 4 931540
0 2 275260
1 2 3574300
1 5 5077320
1 3 1236040
2 1 3574300
2 0 275260
2 4 3731530
3 4 1432620
3 1 1236040
3 5 324080
4 0 931540
4 3 1432620
4 2 3731530
4 11 6215350
5 1 5077320
5 3 324080
5 7 2228760
5 6 3051400
6 8 1566030
6 7 2318120
6 5 3051400
6 11 851880
6 16 3209590
7 6 2318120
7 21 5048660
7 5 2228760
8 6 1566030
8 10 506550
8 15 1453160
9 12 661390
9 10 298390
10 15 5277530
10 8 506550
10 11 5745860
10 9 298390
11 4 6215350
11 6 851880
11 10 5745860
12 9 661390
12 14 2095610
12 13 500340
12 15 2669090
13 12 500340
13 15 4295040
13 17 3798680
13 16 1763810
14 17 2398500
14 12 2095610
15 10 5277530
15 13 4295040
15 12 2669090
15 8 1453160
16 23 2622890
16 20 2184530
16 6 3209590
16 13 1763810
17 14 2398500
17 13 3798680
17 19 617690
17 25 4871840
18 22 454820
18 25 7415020
18 19 791700
19 17 617690
19 18 791700
19 22 312620
20 16 2184530
20 25 5901560
20 23 4141970
21 24 2347380
21 23 2923660
21 7 5048660
22 18 454820
22 19 312620
23 21 2923660
23 24 2299920
23 16 2622890
23 20 4141970
24 21 2347380
24 23 2299920
25 20 5901560
25 18 7415020
25 17 4871840
