0 4 204990
0 2 14040
1 2 954800
1 5 1476880
1 3 433760
2 1 954800
2 0 14040
2 4 876000
3 4 481590
3 1 433760
3 5 53290
4 0 204990
4 3 481590
4 2 876000
4 11 1566370
5 1 1476880
5 3 53290
5 7 715440
5 6 852500
6 8 295930
6 7 330340
6 5 852500
6 11 44550
6 16 788550
7 6 330340
7 21 887820
7 5 715440
8 6 295930
8 10 88990
8 15 321290
9 12 107940
9 10 158450
10 15 1542030
10 8 88990
10 11 1713350
10 9 158450
11 4 1566370
11 6 44550
11 10 1713350
12 9 107940
12 14 364760
12 13 99060
12 15 525380
13 12 99060
13 15 1419970
13 17 1419590
13 16 370890
14 17 462130
14 12 364760
15 10 1542030
15 13 1419970
15 12 525380
15 8 321290
16 23 520280
16 20 621050
16 6 788550
16 13 370890
17 14 462130
17 13 1419590
17 19 220530
17 25 1482300
18 22 128630
18 25 2202790
18 19 153730
19 17 220530
19 18 153730
19 22 86560
20 16 621050
20 25 1399780
20 23 964980
21 24 400380
21 23 513530
21 7 887820
22 18 128630
22 19 86560
23 21 513530
23 24 618980
23 16 520280
23 20 964980
24 21 400380
24 23 618980
25 20 1399780
25 18 2202790
25 17 1482300
