0 4 196800
0 2 58630
1 2 1245550
1 5 1862450
1 3 316600
2 1 1245550
2 0 58630
2 4 1150740
3 4 365570
3 1 316600
3 5 155410
4 0 196800
4 3 365570
4 2 1150740
4 11 1902480
5 1 1862450
5 3 155410
5 7 1036680
5 6 1076840
6 8 308130
6 7 436570
6 5 1076840
6 11 302550
6 16 1022980
7 6 436570
7 21 1671410
7 5 1036680
8 6 308130
8 10 56040
8 15 227020
9 12 246790
9 10 71070
10 15 1792890
10 8 56040
10 11 1840230
10 9 71070
11 4 1902480
11 6 302550
11 10 1840230
12 9 246790
12 14 820290
12 13 330430
12 15 424780
13 12 330430
13 15 1644870
13 17 1604090
13 16 787810
14 17 878880
14 12 820290
15 10 1792890
15 13 1644870
15 12 424780
15 8 227020
16 23 1201910
16 20 642870
16 6 1022980
16 13 787810
17 14 878880
17 13 1604090
17 19 316210
17 25 1992380
18 22 145520
18 25 2730680
18 19 115500
19 17 316210
19 18 115500
19 22 157650
20 16 642870
20 25 1657900
20 23 1137060
21 24 1074820
21 23 628970
21 7 1671410
22 18 145520
22 19 157650
23 21 628970
23 24 1001090
23 16 1201910
23 20 1137060
24 21 1074820
24 23 1001090
25 20 1657900
25 18 2730680
25 17 1992380
