0 4 105410
0 2 77910
1 2 1389690
1 5 2365760
1 3 245920
2 1 1389690
2 0 77910
2 4 1380500
3 4 396770
3 1 245920
3 5 245910
4 0 105410
4 3 396770
4 2 1380500
4 11 1874190
5 1 2365760
5 3 245910
5 7 1270830
5 6 1587080
6 8 681200
6 7 718300
6 5 1587080
6 11 176180
6 16 1428810
7 6 718300
7 21 1305070
7 5 1270830
8 6 681200
8 10 235200
8 15 613360
9 12 146480
9 10 100660
10 15 1761460
10 8 235200
10 11 1831430
10 9 100660
11 4 1874190
11 6 176180
11 10 1831430
12 9 146480
12 14 532690
12 13 474390
12 15 891650
13 12 474390
13 15 1423390
13 17 1405890
13 16 989210
14 17 674990
14 12 532690
15 10 1761460
15 13 1423390
15 12 891650
15 8 613360
16 23 1443260
16 20 1075310
16 6 1428810
16 13 989210
17 14 674990
17 13 1405890
17 19 313540
17 25 1317240
18 22 183310
18 25 3034510
18 19 140440
19 17 313540
19 18 140440
19 22 113520
20 16 1075310
20 25 2400150
20 23 1428580
21 24 695160
21 23 727770
21 7 1305070
22 18 183310
22 19 113520
23 21 727770
23 24 1031600
23 16 1443260
23 20 1428580
24 21 695160
24 23 1031600
25 20 2400150
25 18 3034510
25 17 1317240
