0 4 388910
0 2 133060
1 2 1302690
1 5 2760910
1 3 735820
2 1 1302690
2 0 133060
2 4 2759210
3 4 937630
3 1 735820
3 5 250540
4 0 388910
4 3 937630
4 2 2759210
4 11 4020190
5 1 2760910
5 3 250540
5 7 1285290
5 6 2110680
6 8 434710
6 7 927490
6 5 2110680
6 11 576570
6 16 2091320
7 6 927490
7 21 1988990
7 5 1285290
8 6 434710
8 10 50870
8 15 582560
9 12 195620
9 10 159600
10 15 3766830
10 8 50870
10 11 3985350
10 9 159600
11 4 4020190
11 6 576570
11 10 3985350
12 9 195620
12 14 1000660
12 13 1229470
12 15 959580
13 12 1229470
13 15 3771540
13 17 3675380
13 16 2486690
14 17 1247580
14 12 1000660
15 10 3766830
15 13 3771540
15 12 959580
15 8 582560
16 23 2879690
16 20 1616510
16 6 2091320
16 13 2486690
17 14 1247580
17 13 3675380
17 19 567020
17 25 3527430
18 22 402970
18 25 5351900
18 19 371860
19 17 567020
19 18 371860
19 22 306280
20 16 1616510
20 25 3025730
20 23 1519650
21 24 1238680
21 23 787990
21 7 1988990
22 18 402970
22 19 306280
23 21 787990
23 24 1793200
23 16 2879690
23 20 1519650
24 21 1238680
24 23 1793200
25 20 3025730
25 18 5351900
25 17 3527430
