0 4 63800
0 2 8280
1 2 496030
1 5 924560
1 3 101570
2 1 496030
2 0 8280
2 4 652910
3 4 94560
3 1 101570
3 5 26580
4 0 63800
4 3 94560
4 2 652910
4 11 926880
5 1 924560
5 3 26580
5 7 327280
5 6 659090
6 8 108850
6 7 183920
6 5 659090
6 11 92160
6 16 694670
7 6 183920
7 21 575520
7 5 327280
8 6 108850
8 10 59790
8 15 107620
9 12 86140
9 10 53220
10 15 887090
10 8 59790
10 11 908730
10 9 53220
11 4 926880
11 6 92160
11 10 908730
12 9 86140
12 14 238200
12 13 105450
12 15 217600
13 12 105450
13 15 831800
13 17 852990
13 16 249900
14 17 281030
14 12 238200
15 10 887090
15 13 831800
15 12 217600
15 8 107620
16 23 497940
16 20 447780
16 6 694670
16 13 249900
17 14 281030
17 13 852990
17 19 94630
17 25 839850
18 22 95350
18 25 1297590
18 19 59290
19 17 94630
19 18 59290
19 22 58430
20 16 447780
20 25 1111770
20 23 729910
21 24 245550
21 23 361460
21 7 575520
22 18 95350
22 19 58430
23 21 361460
23 24 481000
23 16 497940
23 20 729910
24 21 245550
24 23 481000
25 20 1111770
25 18 1297590
25 17 839850
