0 4 629520
0 2 67090
1 2 3150540
1 5 4173350
1 3 999000
2 1 3150540
2 0 67090
2 4 2498850
3 4 1069040
3 1 999000
3 5 158310
4 0 629520
4 3 1069040
4 2 2498850
4 11 4380370
5 1 4173350
5 3 158310
5 7 2266200
5 6 2248470
6 8 728460
6 7 1002700
6 5 2248470
6 11 411100
6 16 2092450
7 6 1002700
7 21 2653610
7 5 2266200
8 6 728460
8 10 300980
8 15 741180
9 12 720350
9 10 52800
10 15 4331130
10 8 300980
10 11 4401140
10 9 52800
11 4 4380370
11 6 411100
11 10 4401140
12 9 720350
12 14 1573350
12 13 882810
12 15 2185850
13 12 882810
13 15 3092070
13 17 3100900
13 16 1631000
14 17 1526820
14 12 1573350
15 10 4331130
15 13 3092070
15 12 2185850
15 8 741180
16 23 2221990
16 20 1294890
16 6 2092450
16 13 1631000
17 14 1526820
17 13 3100900
17 19 772130
17 25 3261170
18 22 280950
18 25 5259830
18 19 560800
19 17 772130
19 18 560800
19 22 363310
20 16 1294890
20 25 3779060
20 23 2656930
21 24 1477000
21 23 1338350
21 7 2653610
22 18 280950
22 19 363310
23 21 1338350
23 24 1723780
23 16 2221990
23 20 2656930
24 21 1477000
24 23 1723780
25 20 3779060
25 18 5259830
25 17 3261170
