0 4 146040
0 2 215510
1 2 1920490
1 5 2314120
1 3 591750
2 1 1920490
2 0 215510
2 4 1736110
3 4 762400
3 1 591750
3 5 172820
4 0 146040
4 3 762400
4 2 1736110
4 11 2775590
5 1 2314120
5 3 172820
5 7 528630
5 6 2140230
6 8 431770
6 7 535260
6 5 2140230
6 11 223600
6 16 2078240
7 6 535260
7 21 1860040
7 5 528630
8 6 431770
8 10 151420
8 15 474880
9 12 93600
9 10 44900
10 15 2568200
10 8 151420
10 11 2617660
10 9 44900
11 4 2775590
11 6 223600
11 10 2617660
12 9 93600
12 14 654980
12 13 334460
12 15 810850
13 12 334460
13 15 2318090
13 17 2157160
13 16 911450
14 17 812770
14 12 654980
15 10 2568200
15 13 2318090
15 12 810850
15 8 474880
16 23 1749500
16 20 1219100
16 6 2078240
16 13 911450
17 14 812770
17 13 2157160
17 19 341660
17 25 2235030
18 22 259890
18 25 4185580
18 19 183230
19 17 341660
19 18 183230
19 22 225720
20 16 1219100
20 25 2832940
20 23 1772290
21 24 497100
21 23 1336910
21 7 1860040
22 18 259890
22 19 225720
23 21 1336910
23 24 1214060
23 16 1749500
23 20 1772290
24 21 497100
24 23 1214060
25 20 2832940
25 18 4185580
25 17 2235030
