0 4 527270
0 2 31480
1 2 2503480
1 5 3752190
1 3 685090
2 1 2503480
2 0 31480
2 4 2552620
3 4 787840
3 1 685090
3 5 98510
4 0 527270
4 3 787840
4 2 2552620
4 11 4259730
5 1 3752190
5 3 98510
5 7 1412140
5 6 2538950
6 8 743770
6 7 1154010
6 5 2538950
6 11 514230
6 16 2448260
7 6 1154010
7 21 2730120
7 5 1412140
8 6 743770
8 10 484300
8 15 504950
9 12 371690
9 10 370100
10 15 4151590
10 8 484300
10 11 3930760
10 9 370100
11 4 4259730
11 6 514230
11 10 3930760
12 9 371690
12 14 1320800
12 13 807860
12 15 1379380
13 12 807860
13 15 3464560
13 17 3228650
13 16 1896250
14 17 1184710
14 12 1320800
15 10 4151590
15 13 3464560
15 12 1379380
15 8 504950
16 23 2578560
16 20 1420660
16 6 2448260
16 13 1896250
17 14 1184710
17 13 3228650
17 19 539430
17 25 3348350
18 22 252640
18 25 4967940
18 19 294420
19 17 539430
19 18 294420
19 22 227620
20 16 1420660
20 25 4439710
20 23 3523320
21 24 1158720
21 23 1897230
21 7 2730120
22 18 252640
22 19 227620
23 21 1897230
23 24 1737060
23 16 2578560
23 20 3523320
24 21 1158720
24 23 1737060
25 20 4439710
25 18 4967940
25 17 3348350
