0 4 437470
0 2 213510
1 2 2525480
1 5 4236620
1 3 698440
2 1 2525480
2 0 213510
2 4 3403460
3 4 884900
3 1 698440
3 5 160080
4 0 437470
4 3 884900
4 2 3403460
4 11 4804870
5 1 4236620
5 3 160080
5 7 1826850
5 6 2901190
6 8 1134090
6 7 1262960
6 5 2901190
6 11 374590
6 16 2669390
7 6 1262960
7 21 3640090
7 5 1826850
8 6 1134090
8 10 411360
8 15 734490
9 12 349160
9 10 230490
10 15 4678230
10 8 411360
10 11 4741360
10 9 230490
11 4 4804870
11 6 374590
11 10 4741360
12 9 349160
12 14 1132660
12 13 857460
12 15 1829170
13 12 857460
13 15 3764590
13 17 3361200
13 16 1590490
14 17 1272390
14 12 1132660
15 10 4678230
15 13 3764590
15 12 1829170
15 8 734490
16 23 2791720
16 20 1667400
16 6 2669390
16 13 1590490
17 14 1272390
17 13 3361200
17 19 554010
17 25 3841380
18 22 301140
18 25 6665560
18 19 402300
19 17 554010
19 18 402300
19 22 204970
20 16 1667400
20 25 5155800
20 23 3651690
21 24 1558470
21 23 2201200
21 7 3640090
22 18 301140
22 19 204970
23 21 2201200
23 24 2218510
23 16 2791720
23 20 3651690
24 21 1558470
24 23 2218510
25 20 5155800
25 18 6665560
25 17 3841380
