0 4 446430
0 2 79540
1 2 3650580
1 5 3941680
1 3 1212830
2 1 3650580
2 0 79540
2 4 3203160
3 4 1371500
3 1 1212830
3 5 257120
4 0 446430
4 3 1371500
4 2 3203160
4 11 5344580
5 1 3941680
5 3 257120
5 7 1307900
5 6 3023920
6 8 719950
6 7 1468740
6 5 3023920
6 11 651110
6 16 3067930
7 6 1468740
7 21 2494360
7 5 1307900
8 6 719950
8 10 204140
8 15 883010
9 12 231060
9 10 321410
10 15 4875240
10 8 204140
10 11 4963590
10 9 321410
11 4 5344580
11 6 651110
11 10 4963590
12 9 231060
12 14 1057330
12 13 958080
12 15 2687710
13 12 958080
13 15 3275230
13 17 2748380
13 16 1854590
14 17 995400
14 12 1057330
15 10 4875240
15 13 3275230
15 12 2687710
15 8 883010
16 23 3043360
16 20 1968190
16 6 3067930
16 13 1854590
17 14 995400
17 13 2748380
17 19 590760
17 25 2731460
18 22 448200
18 25 5080600
18 19 321000
19 17 590760
19 18 321000
19 22 388300
20 16 1968190
20 25 4089520
20 23 2439110
21 24 1440370
21 23 1127400
21 7 2494360
22 18 448200
22 19 388300
23 21 1127400
23 24 2369950
23 16 3043360
23 20 2439110
24 21 1440370
24 23 2369950
25 20 4089520
25 18 5080600
25 17 2731460
