0 4 186170
0 2 76330
1 2 442090
1 5 1092370
1 3 248490
2 1 442090
2 0 76330
2 4 631940
3 4 289370
3 1 248490
3 5 43030
4 0 186170
4 3 289370
4 2 631940
4 11 1137570
5 1 1092370
5 3 43030
5 7 461240
5 6 747940
6 8 220870
6 7 299060
6 5 747940
6 11 66150
6 16 745330
7 6 299060
7 21 1005360
7 5 461240
8 6 220870
8 10 28620
8 15 200920
9 12 34790
9 10 68110
10 15 1112640
10 8 28620
10 11 1150670
10 9 68110
11 4 1137570
11 6 66150
11 10 1150670
12 9 34790
12 14 230060
12 13 211530
12 15 450220
13 12 211530
13 15 907520
13 17 880490
13 16 465480
14 17 303790
14 12 230060
15 10 1112640
15 13 907520
15 12 450220
15 8 200920
16 23 719930
16 20 462590
16 6 745330
16 13 465480
17 14 303790
17 13 880490
17 19 112380
17 25 861780
18 22 223760
18 25 1699430
18 19 53940
19 17 112380
19 18 53940
19 22 55000
20 16 462590
20 25 1467670
20 23 1010520
21 24 298180
21 23 786000
21 7 1005360
22 18 223760
22 19 55000
23 21 786000
23 24 561600
23 16 719930
23 20 1010520
24 21 298180
24 23 561600
25 20 1467670
25 18 1699430
25 17 861780
