0 4 192820
0 2 43910
1 2 1030030
1 5 1866620
1 3 501750
2 1 1030030
2 0 43910
2 4 1112580
3 4 531940
3 1 501750
3 5 52580
4 0 192820
4 3 531940
4 2 1112580
4 11 2019850
5 1 1866620
5 3 52580
5 7 579330
5 6 1339420
6 8 297860
6 7 506920
6 5 1339420
6 11 288630
6 16 1236830
7 6 506920
7 21 1149820
7 5 579330
8 6 297860
8 10 53900
8 15 441020
9 12 160380
9 10 106060
10 15 1584270
10 8 53900
10 11 1806420
10 9 106060
11 4 2019850
11 6 288630
11 10 1806420
12 9 160380
12 14 425440
12 13 270820
12 15 722700
13 12 270820
13 15 1252320
13 17 1139280
13 16 623620
14 17 518940
14 12 425440
15 10 1584270
15 13 1252320
15 12 722700
15 8 441020
16 23 770670
16 20 1141850
16 6 1236830
16 13 623620
17 14 518940
17 13 1139280
17 19 348720
17 25 1054520
18 22 88420
18 25 2623380
18 19 173300
19 17 348720
19 18 173300
19 22 261860
20 16 1141850
20 25 2281530
20 23 1219230
21 24 623130
21 23 564360
21 7 1149820
22 18 88420
22 19 261860
23 21 564360
23 24 676630
23 16 770670
23 20 1219230
24 21 623130
24 23 676630
25 20 2281530
25 18 2623380
25 17 1054520
