0 4 251030
0 2 106900
1 2 2968920
1 5 4179650
1 3 726310
2 1 2968920
2 0 106900
2 4 3642160
3 4 895380
3 1 726310
3 5 261720
4 0 251030
4 3 895380
4 2 3642160
4 11 5177780
5 1 4179650
5 3 261720
5 7 1719700
5 6 3045060
6 8 1021550
6 7 1475290
6 5 3045060
6 11 671160
6 16 2806210
7 6 1475290
7 21 3068610
7 5 1719700
8 6 1021550
8 10 293520
8 15 869710
9 12 409100
9 10 295920
10 15 4943070
10 8 293520
10 11 5131150
10 9 295920
11 4 5177780
11 6 671160
11 10 5131150
12 9 409100
12 14 1781550
12 13 514260
12 15 1828070
13 12 514260
13 15 4388850
13 17 3691220
13 16 1779690
14 17 2047520
14 12 1781550
15 10 4943070
15 13 4388850
15 12 1828070
15 8 869710
16 23 2650110
16 20 1468430
16 6 2806210
16 13 1779690
17 14 2047520
17 13 3691220
17 19 681440
17 25 4580000
18 22 444940
18 25 6477450
18 19 172360
19 17 681440
19 18 172360
19 22 345120
20 16 1468430
20 25 3391230
20 23 2085250
21 24 1715900
21 23 1573160
21 7 3068610
22 18 444940
22 19 345120
23 21 1573160
23 24 1997460
23 16 2650110
23 20 2085250
24 21 1715900
24 23 1997460
25 20 3391230
25 18 6477450
25 17 4580000
