0 4 387890
0 2 58390
1 2 3072900
1 5 4430610
1 3 1267860
2 1 3072900
2 0 58390
2 4 3018340
3 4 1665810
3 1 1267860
3 5 288920
4 0 387890
4 3 1665810
4 2 3018340
4 11 5204710
5 1 4430610
5 3 288920
5 7 1802000
5 6 3456220
6 8 1161600
6 7 1237000
6 5 3456220
6 11 297390
6 16 3213830
7 6 1237000
7 21 3567940
7 5 1802000
8 6 1161600
8 10 274370
8 15 1188970
9 12 195960
9 10 197450
10 15 5287720
10 8 274370
10 11 5131910
10 9 197450
11 4 5204710
11 6 297390
11 10 5131910
12 9 195960
12 14 405700
12 13 397950
12 15 2406270
13 12 397950
13 15 4542490
13 17 3861460
13 16 1427700
14 17 481990
14 12 405700
15 10 5287720
15 13 4542490
15 12 2406270
15 8 1188970
16 23 2583390
16 20 2247670
16 6 3213830
16 13 1427700
17 14 481990
17 13 3861460
17 19 592340
17 25 3089500
18 22 395460
18 25 6929130
18 19 221670
19 17 592340
19 18 221670
19 22 194030
20 16 2247670
20 25 5099180
20 23 3558330
21 24 1337710
21 23 2348190
21 7 3567940
22 18 395460
22 19 194030
23 21 2348190
23 24 2075190
23 16 2583390
23 20 3558330
24 21 1337710
24 23 2075190
25 20 5099180
25 18 6929130
25 17 3089500
