0 4 256650
0 2 34290
1 2 876910
1 5 2151830
1 3 201680
2 1 876910
2 0 34290
2 4 966310
3 4 328210
3 1 201680
3 5 56230
4 0 256650
4 3 328210
4 2 966310
4 11 1512190
5 1 2151830
5 3 56230
5 7 760680
5 6 1508880
6 8 365700
6 7 621640
6 5 1508880
6 11 240270
6 16 1461670
7 6 621640
7 21 1298690
7 5 760680
8 6 365700
8 10 135230
8 15 320990
9 12 235600
9 10 97910
10 15 1257590
10 8 135230
10 11 1369420
10 9 97910
11 4 1512190
11 6 240270
11 10 1369420
12 9 235600
12 14 563380
12 13 538260
12 15 309300
13 12 538260
13 15 1277870
13 17 1223930
13 16 936740
14 17 687030
14 12 563380
15 10 1257590
15 13 1277870
15 12 309300
15 8 320990
16 23 1417090
16 20 1001660
16 6 1461670
16 13 936740
17 14 687030
17 13 1223930
17 19 294570
17 25 1371260
18 22 60520
18 25 2623530
18 19 99070
19 17 294570
19 18 99070
19 22 158390
20 16 1001660
20 25 2089790
20 23 1166880
21 24 795850
21 23 596050
21 7 1298690
22 18 60520
22 19 158390
23 21 596050
23 24 881590
23 16 1417090
23 20 1166880
24 21 795850
24 23 881590
25 20 2089790
25 18 2623530
25 17 1371260
