0 4 215130
0 2 26090
1 2 877750
1 5 928010
1 3 228890
2 1 877750
2 0 26090
2 4 1296610
3 4 291400
3 1 228890
3 5 77440
4 0 215130
4 3 291400
4 2 1296610
4 11 1942940
5 1 928010
5 3 77440
5 7 376150
5 6 711070
6 8 601650
6 7 861870
6 5 711070
6 11 227520
6 16 834450
7 6 861870
7 21 1299380
7 5 376150
8 6 601650
8 10 61940
8 15 683230
9 12 111590
9 10 38040
10 15 1859710
10 8 61940
10 11 1764800
10 9 38040
11 4 1942940
11 6 227520
11 10 1764800
12 9 111590
12 14 742960
12 13 744720
12 15 1096050
13 12 744720
13 15 1363650
13 17 1189800
13 16 1120870
14 17 731640
14 12 742960
15 10 1859710
15 13 1363650
15 12 1096050
15 8 683230
16 23 1244120
16 20 596790
16 6 834450
16 13 1120870
17 14 731640
17 13 1189800
17 19 190720
17 25 1486890
18 22 165700
18 25 2371410
18 19 105610
19 17 190720
19 18 105610
19 22 130900
20 16 596790
20 25 1808970
20 23 1168400
21 24 731270
21 23 655740
21 7 1299380
22 18 165700
22 19 130900
23 21 655740
23 24 773670
23 16 1244120
23 20 1168400
24 21 731270
24 23 773670
25 20 1808970
25 18 2371410
25 17 1486890
