0 4 435550
0 2 111150
1 2 2336550
1 5 2941200
1 3 714360
2 1 2336550
2 0 111150
2 4 3035320
3 4 900800
3 1 714360
3 5 237690
4 0 435550
4 3 900800
4 2 3035320
4 11 4782630
5 1 2941200
5 3 237690
5 7 1652090
5 6 1701810
6 8 572990
6 7 1107670
6 5 1701810
6 11 492910
6 16 1740080
7 6 1107670
7 21 2650470
7 5 1652090
8 6 572990
8 10 160200
8 15 596390
9 12 433590
9 10 121980
10 15 4214390
10 8 160200
10 11 4345910
10 9 121980
11 4 4782630
11 6 492910
11 10 4345910
12 9 433590
12 14 1409080
12 13 841110
12 15 1669790
13 12 841110
13 15 3275540
13 17 3170800
13 16 1777660
14 17 1503500
14 12 1409080
15 10 4214390
15 13 3275540
15 12 1669790
15 8 596390
16 23 2675890
16 20 907620
16 6 1740080
16 13 1777660
17 14 1503500
17 13 3170800
17 19 755470
17 25 3233040
18 22 327320
18 25 4768070
18 19 298180
19 17 755470
19 18 298180
19 22 339960
20 16 907620
20 25 2563410
20 23 1909520
21 24 1403720
21 23 1426460
21 7 2650470
22 18 327320
22 19 339960
23 21 1426460
23 24 1738570
23 16 2675890
23 20 1909520
24 21 1403720
24 23 1738570
25 20 2563410
25 18 4768070
25 17 3233040
