0 4 675160
0 2 199400
1 2 3364160
1 5 4034170
1 3 580740
2 1 3364160
2 0 199400
2 4 3943870
3 4 780180
3 1 580740
3 5 198820
4 0 675160
4 3 780180
4 2 3943870
4 11 5733540
5 1 4034170
5 3 198820
5 7 1623360
5 6 2814770
6 8 1091610
6 7 1618010
6 5 2814770
6 11 590340
6 16 2787450
7 6 1618010
7 21 3249220
7 5 1623360
8 6 1091610
8 10 259730
8 15 950440
9 12 484090
9 10 160080
10 15 5219720
10 8 259730
10 11 5430100
10 9 160080
11 4 5733540
11 6 590340
11 10 5430100
12 9 484090
12 14 1673300
12 13 432730
12 15 2226530
13 12 432730
13 15 3941350
13 17 3942780
13 16 1367220
14 17 1591940
14 12 1673300
15 10 5219720
15 13 3941350
15 12 2226530
15 8 950440
16 23 2716440
16 20 1554860
16 6 2787450
16 13 1367220
17 14 1591940
17 13 3942780
17 19 314600
17 25 4526220
18 22 522020
18 25 7026650
18 19 373270
19 17 314600
19 18 373270
19 22 203420
20 16 1554860
20 25 4081010
20 23 2764240
21 24 1782820
21 23 1978500
21 7 3249220
22 18 522020
22 19 203420
23 21 1978500
23 24 2208280
23 16 2716440
23 20 2764240
24 21 1782820
24 23 2208280
25 20 4081010
25 18 7026650
25 17 4526220
