0 4 601940
0 2 125390
1 2 1815680
1 5 3021950
1 3 639390
2 1 1815680
2 0 125390
2 4 2480090
3 4 517910
3 1 639390
3 5 357640
4 0 601940
4 3 517910
4 2 2480090
4 11 4078580
5 1 3021950
5 3 357640
5 7 1456640
5 6 2241330
6 8 445170
6 7 700110
6 5 2241330
6 11 420790
6 16 2307630
7 6 700110
7 21 3114790
7 5 1456640
8 6 445170
8 10 256730
8 15 401830
9 12 248290
9 10 203620
10 15 3610560
10 8 256730
10 11 3935280
10 9 203620
11 4 4078580
11 6 420790
11 10 3935280
12 9 248290
12 14 956600
12 13 1128960
12 15 956600
13 12 1128960
13 15 3408240
13 17 3110570
13 16 2155130
14 17 1165940
14 12 956600
15 10 3610560
15 13 3408240
15 12 956600
15 8 401830
16 23 2782170
16 20 1645350
16 6 2307630
16 13 2155130
17 14 1165940
17 13 3110570
17 19 575880
17 25 3190470
18 22 120750
18 25 5283560
18 19 287360
19 17 575880
19 18 287360
19 22 229840
20 16 1645350
20 25 4536070
20 23 3026330
21 24 1519330
21 23 1818890
21 7 3114790
22 18 120750
22 19 229840
23 21 1818890
23 24 1593360
23 16 2782170
23 20 3026330
24 21 1519330
24 23 1593360
25 20 4536070
25 18 5283560
25 17 3190470
