0 4 74470
0 2 43550
1 2 522170
1 5 946960
1 3 51220
2 1 522170
2 0 43550
2 4 697630
3 4 87070
3 1 51220
3 5 43890
4 0 74470
4 3 87070
4 2 697630
4 11 882390
5 1 946960
5 3 43890
5 7 378190
5 6 656880
6 8 282920
6 7 287440
6 5 656880
6 11 76570
6 16 598510
7 6 287440
7 21 705130
7 5 378190
8 6 282920
8 10 96040
8 15 224190
9 12 120860
9 10 32450
10 15 812220
10 8 96040
10 11 818030
10 9 32450
11 4 882390
11 6 76570
11 10 818030
12 9 120860
12 14 319780
12 13 138000
12 15 408290
13 12 138000
13 15 728490
13 17 785630
13 16 235090
14 17 281800
14 12 319780
15 10 812220
15 13 728490
15 12 408290
15 8 224190
16 23 484360
16 20 321670
16 6 598510
16 13 235090
17 14 281800
17 13 785630
17 19 232880
17 25 653070
18 22 61930
18 25 1337440
18 19 59500
19 17 232880
19 18 59500
19 22 116440
20 16 321670
20 25 1081330
20 23 774000
21 24 314290
21 23 399330
21 7 705130
22 18 61930
22 19 116440
23 21 399330
23 24 263820
23 16 484360
23 20 774000
24 21 314290
24 23 263820
25 20 1081330
25 18 1337440
25 17 653070
