0 4 726720
0 2 181900
1 2 2284880
1 5 4088020
1 3 956750
2 1 2284880
2 0 181900
2 4 3778960
3 4 1171110
3 1 956750
3 5 320790
4 0 726720
4 3 1171110
4 2 3778960
4 11 6155530
5 1 4088020
5 3 320790
5 7 1718950
5 6 2899130
6 8 946060
6 7 1442240
6 5 2899130
6 11 635690
6 16 2841380
7 6 1442240
7 21 4136540
7 5 1718950
8 6 946060
8 10 192700
8 15 878340
9 12 404950
9 10 184170
10 15 5983440
10 8 192700
10 11 5818850
10 9 184170
11 4 6155530
11 6 635690
11 10 5818850
12 9 404950
12 14 870200
12 13 525000
12 15 1803920
13 12 525000
13 15 5152170
13 17 4841710
13 16 1584720
14 17 1177020
14 12 870200
15 10 5983440
15 13 5152170
15 12 1803920
15 8 878340
16 23 2455500
16 20 1938180
16 6 2841380
16 13 1584720
17 14 1177020
17 13 4841710
17 19 1078050
17 25 4370700
18 22 158620
18 25 7953350
18 19 300710
19 17 1078050
19 18 300710
19 22 489150
20 16 1938180
20 25 5613150
20 23 3846160
21 24 1976670
21 23 2471670
21 7 4136540
22 18 158620
22 19 489150
23 21 2471670
23 24 1815810
23 16 2455500
23 20 3846160
24 21 1976670
24 23 1815810
25 20 5613150
25 18 7953350
25 17 4370700
