0 4 838400
0 2 292400
1 2 4195140
1 5 6165630
1 3 1582720
2 1 4195140
2 0 292400
2 4 5890400
3 4 1747730
3 1 1582720
3 5 441520
4 0 838400
4 3 1747730
4 2 5890400
4 11 8897840
5 1 6165630
5 3 441520
5 7 3055470
5 6 4236760
6 8 2572450
6 7 3007020
6 5 4236760
6 11 589260
6 16 4045240
7 6 3007020
7 21 5843110
7 5 3055470
8 6 2572450
8 10 471680
8 15 2357580
9 12 778350
9 10 482700
10 15 8409280
10 8 471680
10 11 8683170
10 9 482700
11 4 8897840
11 6 589260
11 10 8683170
12 9 778350
12 14 2060860
12 13 1556470
12 15 5012010
13 12 1556470
13 15 6294830
13 17 5821730
13 16 2911810
14 17 1738820
14 12 2060860
15 10 8409280
15 13 6294830
15 12 5012010
15 8 2357580
16 23 4107220
16 20 3149030
16 6 4045240
16 13 2911810
17 14 1738820
17 13 5821730
17 19 1110700
17 25 5336960
18 22 403770
18 25 11268250
18 19 708050
19 17 1110700
19 18 708050
19 22 518620
20 16 3149030
20 25 9408320
20 23 6653250
21 24 2912790
21 23 3412000
21 7 5843110
22 18 403770
22 19 518620
23 21 3412000
23 24 3267890
23 16 4107220
23 20 6653250
24 21 2912790
24 23 3267890
25 20 9408320
25 18 11268250
25 17 5336960
