0 4 212710
0 2 21810
1 2 1527230
1 5 1885050
1 3 255830
2 1 1527230
2 0 21810
2 4 1685290
3 4 288590
3 1 255830
3 5 69070
4 0 212710
4 3 288590
4 2 1685290
4 11 2355910
5 1 1885050
5 3 69070
5 7 1033250
5 6 961500
6 8 228440
6 7 614240
6 5 961500
6 11 313990
6 16 887230
7 6 614240
7 21 1056890
7 5 1033250
8 6 228440
8 10 113960
8 15 283530
9 12 72320
9 10 101890
10 15 2110920
10 8 113960
10 11 2162990
10 9 101890
11 4 2355910
11 6 313990
11 10 2162990
12 9 72320
12 14 665600
12 13 239590
12 15 678410
13 12 239590
13 15 1760660
13 17 1714850
13 16 606000
14 17 824780
14 12 665600
15 10 2110920
15 13 1760660
15 12 678410
15 8 283530
16 23 973640
16 20 541130
16 6 887230
16 13 606000
17 14 824780
17 13 1714850
17 19 490840
17 25 1865410
18 22 104800
18 25 2441140
18 19 168500
19 17 490840
19 18 168500
19 22 245270
20 16 541130
20 25 1276370
20 23 701560
21 24 807250
21 23 425490
21 7 1056890
22 18 104800
22 19 245270
23 21 425490
23 24 574660
23 16 973640
23 20 701560
24 21 807250
24 23 574660
25 20 1276370
25 18 2441140
25 17 1865410
