0 4 397900
0 2 154390
1 2 3174520
1 5 4883190
1 3 1203770
2 1 3174520
2 0 154390
2 4 3019710
3 4 1194670
3 1 1203770
3 5 249120
4 0 397900
4 3 1194670
4 2 3019710
4 11 4928390
5 1 4883190
5 3 249120
5 7 2669720
5 6 2785910
6 8 1065040
6 7 1223000
6 5 2785910
6 11 621940
6 16 2648380
7 6 1223000
7 21 3022180
7 5 2669720
8 6 1065040
8 10 322590
8 15 1159840
9 12 484440
9 10 241860
10 15 4687660
10 8 322590
10 11 4829160
10 9 241860
11 4 4928390
11 6 621940
11 10 4829160
12 9 484440
12 14 1660110
12 13 608170
12 15 1913210
13 12 608170
13 15 4283820
13 17 3567160
13 16 1954600
14 17 1819640
14 12 1660110
15 10 4687660
15 13 4283820
15 12 1913210
15 8 1159840
16 23 2949490
16 20 1766960
16 6 2648380
16 13 1954600
17 14 1819640
17 13 3567160
17 19 876800
17 25 3829830
18 22 428640
18 25 6068440
18 19 297830
19 17 876800
19 18 297830
19 22 535750
20 16 1766960
20 25 4937010
20 23 3164140
21 24 1792470
21 23 1125390
21 7 3022180
22 18 428640
22 19 535750
23 21 1125390
23 24 2864750
23 16 2949490
23 20 3164140
24 21 1792470
24 23 2864750
25 20 4937010
25 18 6068440
25 17 3829830
