0 4 135950
0 2 88710
1 2 836850
1 5 1120800
1 3 111540
2 1 836850
2 0 88710
2 4 1024660
3 4 65960
3 1 111540
3 5 126570
4 0 135950
4 3 65960
4 2 1024660
4 11 1325990
5 1 1120800
5 3 126570
5 7 544990
5 6 896700
6 8 247420
6 7 380420
6 5 896700
6 11 201310
6 16 879870
7 6 380420
7 21 978090
7 5 544990
8 6 247420
8 10 183070
8 15 116490
9 12 174980
9 10 101750
10 15 1181340
10 8 183070
10 11 1225320
10 9 101750
11 4 1325990
11 6 201310
11 10 1225320
12 9 174980
12 14 693350
12 13 232370
12 15 292890
13 12 232370
13 15 1087830
13 17 1068650
13 16 505430
14 17 781280
14 12 693350
15 10 1181340
15 13 1087830
15 12 292890
15 8 116490
16 23 617910
16 20 762410
16 6 879870
16 13 505430
17 14 781280
17 13 1068650
17 19 146780
17 25 1451080
18 22 116100
18 25 2242030
18 19 60750
19 17 146780
19 18 60750
19 22 92380
20 16 762410
20 25 1346860
20 23 751270
21 24 644980
21 23 287570
21 7 978090
22 18 116100
22 19 92380
23 21 287570
23 24 663810
23 16 617910
23 20 751270
24 21 644980
24 23 663810
25 20 1346860
25 18 2242030
25 17 1451080
