0 4 334890
0 2 3540
1 2 1998560
1 5 3253580
1 3 240350
2 1 1998560
2 0 3540
2 4 2571580
3 4 429890
3 1 240350
3 5 235260
4 0 334890
4 3 429890
4 2 2571580
4 11 3551260
5 1 3253580
5 3 235260
5 7 1563490
5 6 2585210
6 8 757990
6 7 1051880
6 5 2585210
6 11 404680
6 16 2334640
7 6 1051880
7 21 2624330
7 5 1563490
8 6 757990
8 10 298430
8 15 851470
9 12 333050
9 10 135300
10 15 3089680
10 8 298430
10 11 3524700
10 9 135300
11 4 3551260
11 6 404680
11 10 3524700
12 9 333050
12 14 1092600
12 13 739150
12 15 1197180
13 12 739150
13 15 3025380
13 17 2928230
13 16 1497390
14 17 1055560
14 12 1092600
15 10 3089680
15 13 3025380
15 12 1197180
15 8 851470
16 23 2373840
16 20 1675220
16 6 2334640
16 13 1497390
17 14 1055560
17 13 2928230
17 19 570180
17 25 2962730
18 22 291340
18 25 5346910
18 19 414810
19 17 570180
19 18 414810
19 22 290070
20 16 1675220
20 25 3551490
20 23 2053650
21 24 1274330
21 23 1554210
21 7 2624330
22 18 291340
22 19 290070
23 21 1554210
23 24 1755100
23 16 2373840
23 20 2053650
24 21 1274330
24 23 1755100
25 20 3551490
25 18 5346910
25 17 2962730
