0 4 112540
0 2 1
1 2 892720
1 5 1441260
1 3 149150
2 1 892720
2 0 1
2 4 1041190
3 4 154540
3 1 149150
3 5 73710
4 0 112540
4 3 154540
4 2 1041190
4 11 1343900
5 1 1441260
5 3 73710
5 7 605010
5 6 919600
6 8 255550
6 7 318830
6 5 919600
6 11 142520
6 16 889180
7 6 318830
7 21 710080
7 5 605010
8 6 255550
8 10 48590
8 15 273670
9 12 136220
9 10 44520
10 15 1254700
10 8 48590
10 11 1327650
10 9 44520
11 4 1343900
11 6 142520
11 10 1327650
12 9 136220
12 14 252320
12 13 104780
12 15 443350
13 12 104780
13 15 1041460
13 17 989500
13 16 293160
14 17 284100
14 12 252320
15 10 1254700
15 13 1041460
15 12 443350
15 8 273670
16 23 537480
16 20 655370
16 6 889180
16 13 293160
17 14 284100
17 13 989500
17 19 169400
17 25 859930
18 22 38820
18 25 1466700
18 19 38810
19 17 169400
19 18 38810
19 22 127380
20 16 655370
20 25 1230490
20 23 720740
21 24 293050
21 23 378010
21 7 710080
22 18 38820
22 19 127380
23 21 378010
23 24 498100
23 16 537480
23 20 720740
24 21 293050
24 23 498100
25 20 1230490
25 18 1466700
25 17 859930
