0 4 340530
0 2 100010
1 2 3250390
1 5 4554830
1 3 589030
2 1 3250390
2 0 100010
2 4 2531310
3 4 732450
3 1 589030
3 5 165380
4 0 340530
4 3 732450
4 2 2531310
4 11 3742920
5 1 4554830
5 3 165380
5 7 1973030
5 6 3146200
6 8 1330180
6 7 1604990
6 5 3146200
6 11 515200
6 16 2891400
7 6 1604990
7 21 3469720
7 5 1973030
8 6 1330180
8 10 357370
8 15 1086130
9 12 388010
9 10 194460
10 15 3603530
10 8 357370
10 11 3559780
10 9 194460
11 4 3742920
11 6 515200
11 10 3559780
12 9 388010
12 14 1401960
12 13 734130
12 15 1605080
13 12 734130
13 15 3188820
13 17 2900140
13 16 1480690
14 17 1449340
14 12 1401960
15 10 3603530
15 13 3188820
15 12 1605080
15 8 1086130
16 23 2930400
16 20 1467060
16 6 2891400
16 13 1480690
17 14 1449340
17 13 2900140
17 19 476310
17 25 3429660
18 22 225650
18 25 5587370
18 19 333580
19 17 476310
19 18 333580
19 22 372860
20 16 1467060
20 25 4022910
20 23 2732910
21 24 1639710
21 23 2003500
21 7 3469720
22 18 225650
22 19 372860
23 21 2003500
23 24 1842650
23 16 2930400
23 20 2732910
24 21 1639710
24 23 1842650
25 20 4022910
25 18 5587370
25 17 3429660
