0 4 107670
0 2 53870
1 2 1054140
1 5 1520360
1 3 228830
2 1 1054140
2 0 53870
2 4 1241070
3 4 276980
3 1 228830
3 5 49350
4 0 107670
4 3 276980
4 2 1241070
4 11 1618240
5 1 1520360
5 3 49350
5 7 734680
5 6 852590
6 8 423750
6 7 715870
6 5 852590
6 11 244350
6 16 737150
7 6 715870
7 21 1102420
7 5 734680
8 6 423750
8 10 94460
8 15 364450
9 12 132660
9 10 50420
10 15 1617980
10 8 94460
10 11 1641130
10 9 50420
11 4 1618240
11 6 244350
11 10 1641130
12 9 132660
12 14 623920
12 13 297000
12 15 688370
13 12 297000
13 15 1430460
13 17 1498870
13 16 673470
14 17 782010
14 12 623920
15 10 1617980
15 13 1430460
15 12 688370
15 8 364450
16 23 794410
16 20 648980
16 6 737150
16 13 673470
17 14 782010
17 13 1498870
17 19 306320
17 25 1697650
18 22 80220
18 25 2055940
18 19 111740
19 17 306320
19 18 111740
19 22 189240
20 16 648980
20 25 1668010
20 23 1056420
21 24 572310
21 23 598840
21 7 1102420
22 18 80220
22 19 189240
23 21 598840
23 24 781330
23 16 794410
23 20 1056420
24 21 572310
24 23 781330
25 20 1668010
25 18 2055940
25 17 1697650
