0 4 463490
0 2 83810
1 2 2931150
1 5 4303050
1 3 582020
2 1 2931150
2 0 83810
2 4 2524790
3 4 606780
3 1 582020
3 5 143640
4 0 463490
4 3 606780
4 2 2524790
4 11 3747660
5 1 4303050
5 3 143640
5 7 1787600
5 6 3008960
6 8 1191280
6 7 1554810
6 5 3008960
6 11 607930
6 16 2734520
7 6 1554810
7 21 3220730
7 5 1787600
8 6 1191280
8 10 320560
8 15 1007290
9 12 347490
9 10 180810
10 15 3685940
10 8 320560
10 11 3560730
10 9 180810
11 4 3747660
11 6 607930
11 10 3560730
12 9 347490
12 14 1645380
12 13 690850
12 15 1587850
13 12 690850
13 15 3218140
13 17 2915770
13 16 1505640
14 17 1679470
14 12 1645380
15 10 3685940
15 13 3218140
15 12 1587850
15 8 1007290
16 23 2995540
16 20 1237270
16 6 2734520
16 13 1505640
17 14 1679470
17 13 2915770
17 19 500290
17 25 3660470
18 22 206100
18 25 5102560
18 19 444350
19 17 500290
19 18 444350
19 22 372900
20 16 1237270
20 25 3935980
20 23 2847980
21 24 1664870
21 23 1719390
21 7 3220730
22 18 206100
22 19 372900
23 21 1719390
23 24 1833180
23 16 2995540
23 20 2847980
24 21 1664870
24 23 1833180
25 20 3935980
25 18 5102560
25 17 3660470
