0 4 109190
0 2 8500
1 2 601120
1 5 807070
1 3 86800
2 1 601120
2 0 8500
2 4 759090
3 4 169620
3 1 86800
3 5 19330
4 0 109190
4 3 169620
4 2 759090
4 11 1202450
5 1 807070
5 3 19330
5 7 505760
5 6 439920
6 8 199050
6 7 271000
6 5 439920
6 11 103390
6 16 449560
7 6 271000
7 21 568300
7 5 505760
8 6 199050
8 10 44340
8 15 222070
9 12 74730
9 10 24370
10 15 1174340
10 8 44340
10 11 1196580
10 9 24370
11 4 1202450
11 6 103390
11 10 1196580
12 9 74730
12 14 305280
12 13 207190
12 15 389280
13 12 207190
13 15 1036950
13 17 998790
13 16 532450
14 17 352420
14 12 305280
15 10 1174340
15 13 1036950
15 12 389280
15 8 222070
16 23 735240
16 20 326690
16 6 449560
16 13 532450
17 14 352420
17 13 998790
17 19 147030
17 25 987340
18 22 93590
18 25 1494370
18 19 84020
19 17 147030
19 18 84020
19 22 57380
20 16 326690
20 25 994810
20 23 746930
21 24 389580
21 23 203520
21 7 568300
22 18 93590
22 19 57380
23 21 203520
23 24 575720
23 16 735240
23 20 746930
24 21 389580
24 23 575720
25 20 994810
25 18 1494370
25 17 987340
