0 4 495190
0 2 82000
1 2 2083080
1 5 4697320
1 3 902510
2 1 2083080
2 0 82000
2 4 3254580
3 4 1150150
3 1 902510
3 5 219950
4 0 495190
4 3 1150150
4 2 3254580
4 11 4752190
5 1 4697320
5 3 219950
5 7 2330500
5 6 2967400
6 8 690690
6 7 742220
6 5 2967400
6 11 271800
6 16 2948500
7 6 742220
7 21 2488130
7 5 2330500
8 6 690690
8 10 221720
8 15 662740
9 12 344340
9 10 206990
10 15 4809320
10 8 221720
10 11 4657090
10 9 206990
11 4 4752190
11 6 271800
11 10 4657090
12 9 344340
12 14 1027530
12 13 994290
12 15 1947360
13 12 994290
13 15 3788190
13 17 3161360
13 16 1956740
14 17 860620
14 12 1027530
15 10 4809320
15 13 3788190
15 12 1947360
15 8 662740
16 23 2766810
16 20 2246590
16 6 2948500
16 13 1956740
17 14 860620
17 13 3161360
17 19 651900
17 25 3002360
18 22 463240
18 25 6137590
18 19 381000
19 17 651900
19 18 381000
19 22 180440
20 16 2246590
20 25 5049350
20 23 2796890
21 24 1309200
21 23 1428250
21 7 2488130
22 18 463240
22 19 180440
23 21 1428250
23 24 1880940
23 16 2766810
23 20 2796890
24 21 1309200
24 23 1880940
25 20 5049350
25 18 6137590
25 17 3002360
