0 4 352790
0 2 175750
1 2 1983070
1 5 3332900
1 3 495610
2 1 1983070
2 0 175750
2 4 2164520
3 4 661850
3 1 495610
3 5 251110
4 0 352790
4 3 661850
4 2 2164520
4 11 3508820
5 1 3332900
5 3 251110
5 7 1340940
5 6 2387060
6 8 567900
6 7 781740
6 5 2387060
6 11 410250
6 16 2226940
7 6 781740
7 21 2858610
7 5 1340940
8 6 567900
8 10 183420
8 15 772230
9 12 526580
9 10 132630
10 15 3177130
10 8 183420
10 11 3325460
10 9 132630
11 4 3508820
11 6 410250
11 10 3325460
12 9 526580
12 14 982040
12 13 865850
12 15 1105500
13 12 865850
13 15 2805650
13 17 2760840
13 16 1650840
14 17 1170380
14 12 982040
15 10 3177130
15 13 2805650
15 12 1105500
15 8 772230
16 23 2704530
16 20 1186330
16 6 2226940
16 13 1650840
17 14 1170380
17 13 2760840
17 19 565520
17 25 2780090
18 22 155000
18 25 5267140
18 19 194720
19 17 565520
19 18 194720
19 22 251270
20 16 1186330
20 25 4003920
20 23 2783220
21 24 1078560
21 23 2177920
21 7 2858610
22 18 155000
22 19 251270
23 21 2177920
23 24 1688890
23 16 2704530
23 20 2783220
24 21 1078560
24 23 1688890
25 20 4003920
25 18 5267140
25 17 2780090
