0 4 88520
0 2 76380
1 2 991710
1 5 1282180
1 3 104740
2 1 991710
2 0 76380
2 4 989570
3 4 195680
3 1 104740
3 5 79920
4 0 88520
4 3 195680
4 2 989570
4 11 1238030
5 1 1282180
5 3 79920
5 7 700320
5 6 596070
6 8 173580
6 7 218670
6 5 596070
6 11 68110
6 16 587270
7 6 218670
7 21 692390
7 5 700320
8 6 173580
8 10 118190
8 15 186640
9 12 97950
9 10 135320
10 15 1114580
10 8 118190
10 11 1275140
10 9 135320
11 4 1238030
11 6 68110
11 10 1275140
12 9 97950
12 14 261930
12 13 124720
12 15 395280
13 12 124720
13 15 954370
13 17 781000
13 16 487070
14 17 220570
14 12 261930
15 10 1114580
15 13 954370
15 12 395280
15 8 186640
16 23 800480
16 20 199460
16 6 587270
16 13 487070
17 14 220570
17 13 781000
17 19 140770
17 25 782380
18 22 66700
18 25 1365530
18 19 76820
19 17 140770
19 18 76820
19 22 57990
20 16 199460
20 25 1033480
20 23 989820
21 24 203450
21 23 552340
21 7 692390
22 18 66700
22 19 57990
23 21 552340
23 24 595820
23 16 800480
23 20 989820
24 21 203450
24 23 595820
25 20 1033480
25 18 1365530
25 17 782380
