0 4 165650
0 2 37770
1 2 602470
1 5 872190
1 3 317130
2 1 602470
2 0 37770
2 4 1006360
3 4 365580
3 1 317130
3 5 79920
4 0 165650
4 3 365580
4 2 1006360
4 11 1564650
5 1 872190
5 3 79920
5 7 667880
5 6 507520
6 8 383950
6 7 399610
6 5 507520
6 11 163420
6 16 461640
7 6 399610
7 21 827780
7 5 667880
8 6 383950
8 10 83110
8 15 343930
9 12 82170
9 10 76770
10 15 1355970
10 8 83110
10 11 1484310
10 9 76770
11 4 1564650
11 6 163420
11 10 1484310
12 9 82170
12 14 393410
12 13 69880
12 15 556720
13 12 69880
13 15 1207830
13 17 1208870
13 16 270340
14 17 419610
14 12 393410
15 10 1355970
15 13 1207830
15 12 556720
15 8 343930
16 23 402450
16 20 321080
16 6 461640
16 13 270340
17 14 419610
17 13 1208870
17 19 270780
17 25 1155150
18 22 93190
18 25 1447330
18 19 84360
19 17 270780
19 18 84360
19 22 101160
20 16 321080
20 25 961840
20 23 607990
21 24 588930
21 23 315280
21 7 827780
22 18 93190
22 19 101160
23 21 315280
23 24 283400
23 16 402450
23 20 607990
24 21 588930
24 23 283400
25 20 961840
25 18 1447330
25 17 1155150
