0 4 182900
0 2 78430
1 2 999080
1 5 1704180
1 3 83520
2 1 999080
2 0 78430
2 4 1125420
3 4 216500
3 1 83520
3 5 76160
4 0 182900
4 3 216500
4 2 1125420
4 11 1600590
5 1 1704180
5 3 76160
5 7 828200
5 6 1080860
6 8 453600
6 7 581320
6 5 1080860
6 11 154250
6 16 1040010
7 6 581320
7 21 1273460
7 5 828200
8 6 453600
8 10 222510
8 15 377430
9 12 80380
9 10 179310
10 15 1383980
10 8 222510
10 11 1638980
10 9 179310
11 4 1600590
11 6 154250
11 10 1638980
12 9 80380
12 14 332790
12 13 401170
12 15 415320
13 12 401170
13 15 1287130
13 17 1350200
13 16 682130
14 17 462620
14 12 332790
15 10 1383980
15 13 1287130
15 12 415320
15 8 377430
16 23 1146530
16 20 540840
16 6 1040010
16 13 682130
17 14 462620
17 13 1350200
17 19 160940
17 25 1353300
18 22 115570
18 25 2069880
18 19 62940
19 17 160940
19 18 62940
19 22 84200
20 16 540840
20 25 1467250
20 23 1060100
21 24 646610
21 23 665310
21 7 1273460
22 18 115570
22 19 84200
23 21 665310
23 24 764460
23 16 1146530
23 20 1060100
24 21 646610
24 23 764460
25 20 1467250
25 18 2069880
25 17 1353300
