0 4 641590
0 2 54230
1 2 2955870
1 5 4480400
1 3 806070
2 1 2955870
2 0 54230
2 4 2862630
3 4 1164640
3 1 806070
3 5 410140
4 0 641590
4 3 1164640
4 2 2862630
4 11 4826560
5 1 4480400
5 3 410140
5 7 2532500
5 6 2727380
6 8 1174910
6 7 1527510
6 5 2727380
6 11 724280
6 16 2594690
7 6 1527510
7 21 3424310
7 5 2532500
8 6 1174910
8 10 167130
8 15 1230820
9 12 178800
9 10 256780
10 15 4164510
10 8 167130
10 11 4244220
10 9 256780
11 4 4826560
11 6 724280
11 10 4244220
12 9 178800
12 14 1521780
12 13 723950
12 15 2071180
13 12 723950
13 15 3500630
13 17 3321160
13 16 1665140
14 17 1576160
14 12 1521780
15 10 4164510
15 13 3500630
15 12 2071180
15 8 1230820
16 23 2765900
16 20 1437950
16 6 2594690
16 13 1665140
17 14 1576160
17 13 3321160
17 19 780700
17 25 3684370
18 22 359130
18 25 5498600
18 19 355390
19 17 780700
19 18 355390
19 22 386380
20 16 1437950
20 25 4366400
20 23 2996850
21 24 1678750
21 23 1982970
21 7 3424310
22 18 359130
22 19 386380
23 21 1982970
23 24 1920140
23 16 2765900
23 20 2996850
24 21 1678750
24 23 1920140
25 20 4366400
25 18 5498600
25 17 3684370
