0 4 144540
0 2 2280
1 2 651190
1 5 828590
1 3 91990
2 1 651190
2 0 2280
2 4 981390
3 4 99530
3 1 91990
3 5 13320
4 0 144540
4 3 99530
4 2 981390
4 11 1386610
5 1 828590
5 3 13320
5 7 191960
5 6 638970
6 8 47220
6 7 210400
6 5 638970
6 11 114500
6 16 668670
7 6 210400
7 21 449200
7 5 191960
8 6 47220
8 10 6550
8 15 57190
9 12 107230
9 10 90220
10 15 1206640
10 8 6550
10 11 1266050
10 9 90220
11 4 1386610
11 6 114500
11 10 1266050
12 9 107230
12 14 531250
12 13 201760
12 15 454070
13 12 201760
13 15 895540
13 17 891500
13 16 417960
14 17 506700
14 12 531250
15 10 1206640
15 13 895540
15 12 454070
15 8 57190
16 23 630460
16 20 475270
16 6 668670
16 13 417960
17 14 506700
17 13 891500
17 19 167610
17 25 1062130
18 22 38940
18 25 1541560
18 19 16130
19 17 167610
19 18 16130
19 22 87270
20 16 475270
20 25 914040
20 23 467390
21 24 248960
21 23 230040
21 7 449200
22 18 38940
22 19 87270
23 21 230040
23 24 342620
23 16 630460
23 20 467390
24 21 248960
24 23 342620
25 20 914040
25 18 1541560
25 17 1062130
