0 4 140960
0 2 33300
1 2 705000
1 5 1125480
1 3 190460
2 1 705000
2 0 33300
2 4 784530
3 4 313720
3 1 190460
3 5 54920
4 0 140960
4 3 313720
4 2 784530
4 11 1275310
5 1 1125480
5 3 54920
5 7 538790
5 6 723070
6 8 240730
6 7 389830
6 5 723070
6 11 170240
6 16 708090
7 6 389830
7 21 691520
7 5 538790
8 6 240730
8 10 76490
8 15 362510
9 12 143230
9 10 31130
10 15 1030410
10 8 76490
10 11 1119430
10 9 31130
11 4 1275310
11 6 170240
11 10 1119430
12 9 143230
12 14 331570
12 13 171750
12 15 393720
13 12 171750
13 15 974230
13 17 960480
13 16 509300
14 17 341820
14 12 331570
15 10 1030410
15 13 974230
15 12 393720
15 8 362510
16 23 426890
16 20 557980
16 6 708090
16 13 509300
17 14 341820
17 13 960480
17 19 203550
17 25 863010
18 22 41190
18 25 1660260
18 19 77900
19 17 203550
19 18 77900
19 22 93560
20 16 557980
20 25 1215060
20 23 757080
21 24 347900
21 23 287730
21 7 691520
22 18 41190
22 19 93560
23 21 287730
23 24 473650
23 16 426890
23 20 757080
24 21 347900
24 23 473650
25 20 1215060
25 18 1660260
25 17 863010
