0 4 345830
0 2 183650
1 2 2161040
1 5 2722140
1 3 602950
2 1 2161040
2 0 183650
2 4 3136170
3 4 666000
3 1 602950
3 5 69360
4 0 345830
4 3 666000
4 2 3136170
4 11 4396790
5 1 2722140
5 3 69360
5 7 1154420
5 6 1853910
6 8 509530
6 7 873190
6 5 1853910
6 11 411930
6 16 1631940
7 6 873190
7 21 3297420
7 5 1154420
8 6 509530
8 10 109590
8 15 677220
9 12 298580
9 10 123150
10 15 4458020
10 8 109590
10 11 4268410
10 9 123150
11 4 4396790
11 6 411930
11 10 4268410
12 9 298580
12 14 1101560
12 13 744850
12 15 2112060
13 12 744850
13 15 3085790
13 17 3084530
13 16 1510810
14 17 1281790
14 12 1101560
15 10 4458020
15 13 3085790
15 12 2112060
15 8 677220
16 23 2386610
16 20 784990
16 6 1631940
16 13 1510810
17 14 1281790
17 13 3084530
17 19 536900
17 25 3511560
18 22 137770
18 25 6523830
18 19 375010
19 17 536900
19 18 375010
19 22 208700
20 16 784990
20 25 4267990
20 23 3834690
21 24 1027780
21 23 2252450
21 7 3297420
22 18 137770
22 19 208700
23 21 2252450
23 24 1684450
23 16 2386610
23 20 3834690
24 21 1027780
24 23 1684450
25 20 4267990
25 18 6523830
25 17 3511560
