0 4 776540
0 2 81930
1 2 2008030
1 5 3091120
1 3 1169670
2 1 2008030
2 0 81930
2 4 3187500
3 4 1305280
3 1 1169670
3 5 261670
4 0 776540
4 3 1305280
4 2 3187500
4 11 5406540
5 1 3091120
5 3 261670
5 7 1279370
5 6 2374570
6 8 1232940
6 7 1333200
6 5 2374570
6 11 304170
6 16 2242980
7 6 1333200
7 21 2979220
7 5 1279370
8 6 1232940
8 10 163850
8 15 1073840
9 12 276550
9 10 180080
10 15 5643520
10 8 163850
10 11 5302320
10 9 180080
11 4 5406540
11 6 304170
11 10 5302320
12 9 276550
12 14 1290030
12 13 487850
12 15 2260720
13 12 487850
13 15 4588130
13 17 4124920
13 16 1741630
14 17 1334420
14 12 1290030
15 10 5643520
15 13 4588130
15 12 2260720
15 8 1073840
16 23 2426430
16 20 1529060
16 6 2242980
16 13 1741630
17 14 1334420
17 13 4124920
17 19 720770
17 25 4068510
18 22 335170
18 25 6918190
18 19 223660
19 17 720770
19 18 223660
19 22 357110
20 16 1529060
20 25 5485680
20 23 4175930
21 24 1101130
21 23 2143060
21 7 2979220
22 18 335170
22 19 357110
23 21 2143060
23 24 1852470
23 16 2426430
23 20 4175930
24 21 1101130
24 23 1852470
25 20 5485680
25 18 6918190
25 17 4068510
