0 4 503050
0 2 115090
1 2 2427230
1 5 4763000
1 3 956790
2 1 2427230
2 0 115090
2 4 2470690
3 4 1096920
3 1 956790
3 5 322560
4 0 503050
4 3 1096920
4 2 2470690
4 11 4032130
5 1 4763000
5 3 322560
5 7 2646550
5 6 2800480
6 8 459800
6 7 898680
6 5 2800480
6 11 476140
6 16 2575770
7 6 898680
7 21 3192410
7 5 2646550
8 6 459800
8 10 194290
8 15 496610
9 12 295380
9 10 149440
10 15 3492700
10 8 194290
10 11 3718630
10 9 149440
11 4 4032130
11 6 476140
11 10 3718630
12 9 295380
12 14 597850
12 13 1738910
12 15 1501430
13 12 1738910
13 15 2505490
13 17 2409690
13 16 2429340
14 17 791920
14 12 597850
15 10 3492700
15 13 2505490
15 12 1501430
15 8 496610
16 23 3218310
16 20 1839690
16 6 2575770
16 13 2429340
17 14 791920
17 13 2409690
17 19 476810
17 25 2326960
18 22 300600
18 25 3787870
18 19 339310
19 17 476810
19 18 339310
19 22 100860
20 16 1839690
20 25 3719250
20 23 2174840
21 24 1803990
21 23 1516350
21 7 3192410
22 18 300600
22 19 100860
23 21 1516350
23 24 1831150
23 16 3218310
23 20 2174840
24 21 1803990
24 23 1831150
25 20 3719250
25 18 3787870
25 17 2326960
