0 4 597320
0 2 55780
1 2 3824980
1 5 5450470
1 3 554600
2 1 3824980
2 0 55780
2 4 3649840
3 4 614910
3 1 554600
3 5 275230
4 0 597320
4 3 614910
4 2 3649840
4 11 4922060
5 1 5450470
5 3 275230
5 7 2534370
5 6 3245470
6 8 885930
6 7 1301620
6 5 3245470
6 11 397130
6 16 3300720
7 6 1301620
7 21 3920970
7 5 2534370
8 6 885930
8 10 308140
8 15 937990
9 12 556940
9 10 305430
10 15 4596790
10 8 308140
10 11 4936810
10 9 305430
11 4 4922060
11 6 397130
11 10 4936810
12 9 556940
12 14 1625620
12 13 1326430
12 15 1378330
13 12 1326430
13 15 4405230
13 17 4288680
13 16 2552520
14 17 1997430
14 12 1625620
15 10 4596790
15 13 4405230
15 12 1378330
15 8 937990
16 23 3885360
16 20 1972520
16 6 3300720
16 13 2552520
17 14 1997430
17 13 4288680
17 19 512710
17 25 4607170
18 22 386790
18 25 6454640
18 19 253710
19 17 512710
19 18 253710
19 22 232870
20 16 1972520
20 25 5162100
20 23 3527760
21 24 1333740
21 23 2576280
21 7 3920970
22 18 386790
22 19 232870
23 21 2576280
23 24 1774760
23 16 3885360
23 20 3527760
24 21 1333740
24 23 1774760
25 20 5162100
25 18 6454640
25 17 4607170
