0 4 433430
0 2 156500
1 2 3212360
1 5 4011750
1 3 1116350
2 1 3212360
2 0 156500
2 4 3305260
3 4 1297290
3 1 1116350
3 5 161160
4 0 433430
4 3 1297290
4 2 3305260
4 11 5156450
5 1 4011750
5 3 161160
5 7 1686150
5 6 2795760
6 8 859090
6 7 1112790
6 5 2795760
6 11 548590
6 16 2493640
7 6 1112790
7 21 3020150
7 5 1686150
8 6 859090
8 10 256190
8 15 806430
9 12 565070
9 10 315510
10 15 4992960
10 8 256190
10 11 5092310
10 9 315510
11 4 5156450
11 6 548590
11 10 5092310
12 9 565070
12 14 2217180
12 13 927730
12 15 2539850
13 12 927730
13 15 3637630
13 17 3057790
13 16 1970470
14 17 2165280
14 12 2217180
15 10 4992960
15 13 3637630
15 12 2539850
15 8 806430
16 23 3141690
16 20 1405150
16 6 2493640
16 13 1970470
17 14 2165280
17 13 3057790
17 19 313800
17 25 4360520
18 22 190510
18 25 5726510
18 19 265800
19 17 313800
19 18 265800
19 22 136990
20 16 1405150
20 25 2753770
20 23 1543150
21 24 1496280
21 23 1648030
21 7 3020150
22 18 190510
22 19 136990
23 21 1648030
23 24 1894750
23 16 3141690
23 20 1543150
24 21 1496280
24 23 1894750
25 20 2753770
25 18 5726510
25 17 4360520
