0 4 249230
0 2 21180
1 2 747510
1 5 1131400
1 3 161250
2 1 747510
2 0 21180
2 4 742020
3 4 185210
3 1 161250
3 5 105620
4 0 249230
4 3 185210
4 2 742020
4 11 1265990
5 1 1131400
5 3 105620
5 7 431450
5 6 875660
6 8 265070
6 7 401010
6 5 875660
6 11 199860
6 16 743950
7 6 401010
7 21 784600
7 5 431450
8 6 265070
8 10 132070
8 15 254440
9 12 172540
9 10 85240
10 15 1026430
10 8 132070
10 11 1166320
10 9 85240
11 4 1265990
11 6 199860
11 10 1166320
12 9 172540
12 14 440110
12 13 346220
12 15 441330
13 12 346220
13 15 889590
13 17 834410
13 16 606840
14 17 507070
14 12 440110
15 10 1026430
15 13 889590
15 12 441330
15 8 254440
16 23 858820
16 20 486250
16 6 743950
16 13 606840
17 14 507070
17 13 834410
17 19 150850
17 25 1026370
18 22 81120
18 25 1658390
18 19 121630
19 17 150850
19 18 121630
19 22 33190
20 16 486250
20 25 1266990
20 23 968740
21 24 449480
21 23 454530
21 7 784600
22 18 81120
22 19 33190
23 21 454530
23 24 647050
23 16 858820
23 20 968740
24 21 449480
24 23 647050
25 20 1266990
25 18 1658390
25 17 1026370
