0 4 28000
0 2 40230
1 2 722210
1 5 1319760
1 3 137690
2 1 722210
2 0 40230
2 4 616420
3 4 132590
3 1 137690
3 5 14690
4 0 28000
4 3 132590
4 2 616420
4 11 790580
5 1 1319760
5 3 14690
5 7 480320
5 6 984380
6 8 343940
6 7 377860
6 5 984380
6 11 47790
6 16 978070
7 6 377860
7 21 827130
7 5 480320
8 6 343940
8 10 42660
8 15 318530
9 12 74620
9 10 35520
10 15 744990
10 8 42660
10 11 780120
10 9 35520
11 4 790580
11 6 47790
11 10 780120
12 9 74620
12 14 220330
12 13 372160
12 15 392300
13 12 372160
13 15 707820
13 17 646730
13 16 584520
14 17 306820
14 12 220330
15 10 744990
15 13 707820
15 12 392300
15 8 318530
16 23 919860
16 20 722270
16 6 978070
16 13 584520
17 14 306820
17 13 646730
17 19 147540
17 25 659040
18 22 68010
18 25 1664750
18 19 25110
19 17 147540
19 18 25110
19 22 80810
20 16 722270
20 25 1302890
20 23 690980
21 24 404170
21 23 448550
21 7 827130
22 18 68010
22 19 80810
23 21 448550
23 24 479620
23 16 919860
23 20 690980
24 21 404170
24 23 479620
25 20 1302890
25 18 1664750
25 17 659040
