0 4 581980
0 2 132480
1 2 2591910
1 5 3614440
1 3 641610
2 1 2591910
2 0 132480
2 4 2742820
3 4 687480
3 1 641610
3 5 244840
4 0 581980
4 3 687480
4 2 2742820
4 11 4554770
5 1 3614440
5 3 244840
5 7 1924390
5 6 2240090
6 8 1015220
6 7 1488240
6 5 2240090
6 11 409240
6 16 1980440
7 6 1488240
7 21 3015730
7 5 1924390
8 6 1015220
8 10 169220
8 15 1072330
9 12 485860
9 10 266270
10 15 4094600
10 8 169220
10 11 4397570
10 9 266270
11 4 4554770
11 6 409240
11 10 4397570
12 9 485860
12 14 1185470
12 13 821670
12 15 1800710
13 12 821670
13 15 3707340
13 17 3265580
13 16 1740400
14 17 1479600
14 12 1185470
15 10 4094600
15 13 3707340
15 12 1800710
15 8 1072330
16 23 2157090
16 20 1507120
16 6 1980440
16 13 1740400
17 14 1479600
17 13 3265580
17 19 379410
17 25 3705870
18 22 202660
18 25 5464840
18 19 366450
19 17 379410
19 18 366450
19 22 220080
20 16 1507120
20 25 4392380
20 23 3094660
21 24 1475720
21 23 1632290
21 7 3015730
22 18 202660
22 19 220080
23 21 1632290
23 24 1896930
23 16 2157090
23 20 3094660
24 21 1475720
24 23 1896930
25 20 4392380
25 18 5464840
25 17 3705870
