0 4 109780
0 2 51730
1 2 577160
1 5 1016490
1 3 353120
2 1 577160
2 0 51730
2 4 569160
3 4 341050
3 1 353120
3 5 101890
4 0 109780
4 3 341050
4 2 569160
4 11 983890
5 1 1016490
5 3 101890
5 7 643490
5 6 503810
6 8 203160
6 7 360470
6 5 503810
6 11 181060
6 16 472960
7 6 360470
7 21 877310
7 5 643490
8 6 203160
8 10 17090
8 15 350570
9 12 84980
9 10 18200
10 15 956400
10 8 17090
10 11 981960
10 9 18200
11 4 983890
11 6 181060
11 10 981960
12 9 84980
12 14 229660
12 13 150680
12 15 612230
13 12 150680
13 15 649920
13 17 705990
13 16 375320
14 17 264930
14 12 229660
15 10 956400
15 13 649920
15 12 612230
15 8 350570
16 23 589970
16 20 240120
16 6 472960
16 13 375320
17 14 264930
17 13 705990
17 19 129380
17 25 688860
18 22 75760
18 25 1090430
18 19 74830
19 17 129380
19 18 74830
19 22 55470
20 16 240120
20 25 801370
20 23 674510
21 24 511860
21 23 444130
21 7 877310
22 18 75760
22 19 55470
23 21 444130
23 24 430600
23 16 589970
23 20 674510
24 21 511860
24 23 430600
25 20 801370
25 18 1090430
25 17 688860
