0 4 106310
0 2 108170
1 2 1158570
1 5 1217690
1 3 159300
2 1 1158570
2 0 108170
2 4 1306780
3 4 238150
3 1 159300
3 5 114320
4 0 106310
4 3 238150
4 2 1306780
4 11 1832860
5 1 1217690
5 3 114320
5 7 609910
5 6 894720
6 8 453020
6 7 594580
6 5 894720
6 11 183800
6 16 868410
7 6 594580
7 21 1378070
7 5 609910
8 6 453020
8 10 172710
8 15 435260
9 12 249620
9 10 71460
10 15 1613810
10 8 172710
10 11 1698910
10 9 71460
11 4 1832860
11 6 183800
11 10 1698910
12 9 249620
12 14 694560
12 13 422000
12 15 620350
13 12 422000
13 15 1605250
13 17 1329620
13 16 1015180
14 17 734790
14 12 694560
15 10 1613810
15 13 1605250
15 12 620350
15 8 435260
16 23 1314200
16 20 481290
16 6 868410
16 13 1015180
17 14 734790
17 13 1329620
17 19 136700
17 25 1637740
18 22 126840
18 25 2177090
18 19 120600
19 17 136700
19 18 120600
19 22 92160
20 16 481290
20 25 1928830
20 23 1592840
21 24 652260
21 23 864850
21 7 1378070
22 18 126840
22 19 92160
23 21 864850
23 24 1050510
23 16 1314200
23 20 1592840
24 21 652260
24 23 1050510
25 20 1928830
25 18 2177090
25 17 1637740
