0 4 821950
0 2 51490
1 2 3290530
1 5 4461880
1 3 857920
2 1 3290530
2 0 51490
2 4 2693860
3 4 1068290
3 1 857920
3 5 275610
4 0 821950
4 3 1068290
4 2 2693860
4 11 4592380
5 1 4461880
5 3 275610
5 7 2292480
5 6 2643850
6 8 642830
6 7 1076300
6 5 2643850
6 11 535190
6 16 2444210
7 6 1076300
7 21 2774280
7 5 2292480
8 6 642830
8 10 265420
8 15 609550
9 12 609760
9 10 84670
10 15 4386240
10 8 265420
10 11 4396520
10 9 84670
11 4 4592380
11 6 535190
11 10 4396520
12 9 609760
12 14 1498200
12 13 1201310
12 15 1713700
13 12 1201310
13 15 3663030
13 17 3613660
13 16 2325520
14 17 1734940
14 12 1498200
15 10 4386240
15 13 3663030
15 12 1713700
15 8 609550
16 23 3336490
16 20 1212880
16 6 2444210
16 13 2325520
17 14 1734940
17 13 3613660
17 19 845990
17 25 3677960
18 22 196950
18 25 5404530
18 19 614450
19 17 845990
19 18 614450
19 22 339610
20 16 1212880
20 25 3771550
20 23 2867530
21 24 1709770
21 23 1109110
21 7 2774280
22 18 196950
22 19 339610
23 21 1109110
23 24 2209830
23 16 3336490
23 20 2867530
24 21 1709770
24 23 2209830
25 20 3771550
25 18 5404530
25 17 3677960
