0 4 200690
0 2 86600
1 2 1695820
1 5 2117100
1 3 248870
2 1 1695820
2 0 86600
2 4 1791970
3 4 355710
3 1 248870
3 5 121670
4 0 200690
4 3 355710
4 2 1791970
4 11 2489640
5 1 2117100
5 3 121670
5 7 1025790
5 6 1602560
6 8 869160
6 7 1072880
6 5 1602560
6 11 132410
6 16 1434550
7 6 1072880
7 21 1742270
7 5 1025790
8 6 869160
8 10 95930
8 15 823780
9 12 244330
9 10 138100
10 15 2565890
10 8 95930
10 11 2547840
10 9 138100
11 4 2489640
11 6 132410
11 10 2547840
12 9 244330
12 14 507250
12 13 240930
12 15 1219530
13 12 240930
13 15 2252300
13 17 2343660
13 16 719250
14 17 511520
14 12 507250
15 10 2565890
15 13 2252300
15 12 1219530
15 8 823780
16 23 1263860
16 20 907920
16 6 1434550
16 13 719250
17 14 511520
17 13 2343660
17 19 343590
17 25 2147200
18 22 160050
18 25 3255350
18 19 294010
19 17 343590
19 18 294010
19 22 138870
20 16 907920
20 25 1928140
20 23 1231890
21 24 932460
21 23 658140
21 7 1742270
22 18 160050
22 19 138870
23 21 658140
23 24 1058440
23 16 1263860
23 20 1231890
24 21 932460
24 23 1058440
25 20 1928140
25 18 3255350
25 17 2147200
