0 4 98180
0 2 32160
1 2 605670
1 5 953990
1 3 106890
2 1 605670
2 0 32160
2 4 683220
3 4 169810
3 1 106890
3 5 19920
4 0 98180
4 3 169810
4 2 683220
4 11 1085060
5 1 953990
5 3 19920
5 7 619370
5 6 446690
6 8 187430
6 7 353600
6 5 446690
6 11 137940
6 16 440790
7 6 353600
7 21 804900
7 5 619370
8 6 187430
8 10 53780
8 15 149610
9 12 114070
9 10 16630
10 15 949780
10 8 53780
10 11 1008910
10 9 16630
11 4 1085060
11 6 137940
11 10 1008910
12 9 114070
12 14 164350
12 13 88740
12 15 305910
13 12 88740
13 15 951510
13 17 767210
13 16 238580
14 17 157990
14 12 164350
15 10 949780
15 13 951510
15 12 305910
15 8 149610
16 23 349680
16 20 354340
16 6 440790
16 13 238580
17 14 157990
17 13 767210
17 19 140650
17 25 757020
18 22 40000
18 25 1416510
18 19 54970
19 17 140650
19 18 54970
19 22 59000
20 16 354340
20 25 1287690
20 23 949240
21 24 358590
21 23 492880
21 7 804900
22 18 40000
22 19 59000
23 21 492880
23 24 401840
23 16 349680
23 20 949240
24 21 358590
24 23 401840
25 20 1287690
25 18 1416510
25 17 757020
