0 4 638520
0 2 99380
1 2 2591640
1 5 4102250
1 3 254230
2 1 2591640
2 0 99380
2 4 1916380
3 4 223290
3 1 254230
3 5 251950
4 0 638520
4 3 223290
4 2 1916380
4 11 2968170
5 1 4102250
5 3 251950
5 7 1098590
5 6 3327070
6 8 243910
6 7 825360
6 5 3327070
6 11 668570
6 16 3234820
7 6 825360
7 21 3025870
7 5 1098590
8 6 243910
8 10 157220
8 15 283410
9 12 217160
9 10 226540
10 15 2681340
10 8 157220
10 11 2813970
10 9 226540
11 4 2968170
11 6 668570
11 10 2813970
12 9 217160
12 14 575320
12 13 692240
12 15 595060
13 12 692240
13 15 2647240
13 17 2278170
13 16 1457140
14 17 613260
14 12 575320
15 10 2681340
15 13 2647240
15 12 595060
15 8 283410
16 23 3005840
16 20 1755000
16 6 3234820
16 13 1457140
17 14 613260
17 13 2278170
17 19 490280
17 25 2143290
18 22 390450
18 25 4807050
18 19 161400
19 17 490280
19 18 161400
19 22 334490
20 16 1755000
20 25 4323960
20 23 2820000
21 24 1289990
21 23 1910580
21 7 3025870
22 18 390450
22 19 334490
23 21 1910580
23 24 1360290
23 16 3005840
23 20 2820000
24 21 1289990
24 23 1360290
25 20 4323960
25 18 4807050
25 17 2143290
