0 4 136050
0 2 17850
1 2 850660
1 5 1004320
1 3 154880
2 1 850660
2 0 17850
2 4 692070
3 4 124760
3 1 154880
3 5 7170
4 0 136050
4 3 124760
4 2 692070
4 11 1051650
5 1 1004320
5 3 7170
5 7 372490
5 6 678990
6 8 243230
6 7 346820
6 5 678990
6 11 96580
6 16 618270
7 6 346820
7 21 505620
7 5 372490
8 6 243230
8 10 50780
8 15 273600
9 12 77580
9 10 43750
10 15 999240
10 8 50780
10 11 1005800
10 9 43750
11 4 1051650
11 6 96580
11 10 1005800
12 9 77580
12 14 675950
12 13 189460
12 15 337230
13 12 189460
13 15 987630
13 17 871930
13 16 319570
14 17 623500
14 12 675950
15 10 999240
15 13 987630
15 12 337230
15 8 273600
16 23 604070
16 20 304270
16 6 618270
16 13 319570
17 14 623500
17 13 871930
17 19 189620
17 25 1212190
18 22 23930
18 25 1470870
18 19 13070
19 17 189620
19 18 13070
19 22 94390
20 16 304270
20 25 878190
20 23 687720
21 24 286420
21 23 392480
21 7 505620
22 18 23930
22 19 94390
23 21 392480
23 24 227010
23 16 604070
23 20 687720
24 21 286420
24 23 227010
25 20 878190
25 18 1470870
25 17 1212190
