0 4 241050
0 2 69720
1 2 1129800
1 5 2667550
1 3 504250
2 1 1129800
2 0 69720
2 4 2135250
3 4 518370
3 1 504250
3 5 101640
4 0 241050
4 3 518370
4 2 2135250
4 11 2970520
5 1 2667550
5 3 101640
5 7 1089180
5 6 1790020
6 8 604140
6 7 723360
6 5 1790020
6 11 154270
6 16 1804840
7 6 723360
7 21 2032130
7 5 1089180
8 6 604140
8 10 133080
8 15 664000
9 12 138430
9 10 102630
10 15 2649380
10 8 133080
10 11 2834680
10 9 102630
11 4 2970520
11 6 154270
11 10 2834680
12 9 138430
12 14 462490
12 13 389990
12 15 1528480
13 12 389990
13 15 1817320
13 17 1865900
13 16 1011080
14 17 692060
14 12 462490
15 10 2649380
15 13 1817320
15 12 1528480
15 8 664000
16 23 1584460
16 20 1215880
16 6 1804840
16 13 1011080
17 14 692060
17 13 1865900
17 19 285410
17 25 1802730
18 22 118340
18 25 3180800
18 19 118510
19 17 285410
19 18 118510
19 22 181040
20 16 1215880
20 25 3108720
20 23 1872350
21 24 678150
21 23 1408010
21 7 2032130
22 18 118340
22 19 181040
23 21 1408010
23 24 1018930
23 16 1584460
23 20 1872350
24 21 678150
24 23 1018930
25 20 3108720
25 18 3180800
25 17 1802730
