0 4 127450
0 2 40
1 2 617330
1 5 877340
1 3 186120
2 1 617330
2 0 40
2 4 602320
3 4 282650
3 1 186120
3 5 127960
4 0 127450
4 3 282650
4 2 602320
4 11 1117750
5 1 877340
5 3 127960
5 7 356050
5 6 652550
6 8 290240
6 7 285600
6 5 652550
6 11 67720
6 16 607980
7 6 285600
7 21 538950
7 5 356050
8 6 290240
8 10 160420
8 15 272070
9 12 64730
9 10 78080
10 15 1104620
10 8 160420
10 11 1171760
10 9 78080
11 4 1117750
11 6 67720
11 10 1171760
12 9 64730
12 14 298300
12 13 176540
12 15 539080
13 12 176540
13 15 888330
13 17 833310
13 16 331420
14 17 254690
14 12 298300
15 10 1104620
15 13 888330
15 12 539080
15 8 272070
16 23 614780
16 20 276450
16 6 607980
16 13 331420
17 14 254690
17 13 833310
17 19 119580
17 25 846870
18 22 43690
18 25 1149540
18 19 11670
19 17 119580
19 18 11670
19 22 83400
20 16 276450
20 25 796630
20 23 561200
21 24 290570
21 23 348300
21 7 538950
22 18 43690
22 19 83400
23 21 348300
23 24 301270
23 16 614780
23 20 561200
24 21 290570
24 23 301270
25 20 796630
25 18 1149540
25 17 846870
