0 4 84530
0 2 51100
1 2 808150
1 5 1305510
1 3 117870
2 1 808150
2 0 51100
2 4 804290
3 4 110690
3 1 117870
3 5 84540
4 0 84530
4 3 110690
4 2 804290
4 11 1036920
5 1 1305510
5 3 84540
5 7 583550
5 6 850460
6 8 234780
6 7 236510
6 5 850460
6 11 126060
6 16 837310
7 6 236510
7 21 1028670
7 5 583550
8 6 234780
8 10 39610
8 15 230090
9 12 145030
9 10 112790
10 15 877790
10 8 39610
10 11 981820
10 9 112790
11 4 1036920
11 6 126060
11 10 981820
12 9 145030
12 14 296500
12 13 158620
12 15 416740
13 12 158620
13 15 625520
13 17 643930
13 16 426220
14 17 388270
14 12 296500
15 10 877790
15 13 625520
15 12 416740
15 8 230090
16 23 651310
16 20 511200
16 6 837310
16 13 426220
17 14 388270
17 13 643930
17 19 136730
17 25 720450
18 22 83520
18 25 2027410
18 19 33480
19 17 136730
19 18 33480
19 22 110590
20 16 511200
20 25 1677860
20 23 1212600
21 24 535750
21 23 601850
21 7 1028670
22 18 83520
22 19 110590
23 21 601850
23 24 546970
23 16 651310
23 20 1212600
24 21 535750
24 23 546970
25 20 1677860
25 18 2027410
25 17 720450
