0 4 830740
0 2 251860
1 2 3384000
1 5 4831270
1 3 1158240
2 1 3384000
2 0 251860
2 4 4238750
3 4 1407940
3 1 1158240
3 5 289280
4 0 830740
4 3 1407940
4 2 4238750
4 11 6587100
5 1 4831270
5 3 289280
5 7 2219090
5 6 2945980
6 8 1450380
6 7 2125070
6 5 2945980
6 11 763080
6 16 3095170
7 6 2125070
7 21 5306610
7 5 2219090
8 6 1450380
8 10 482910
8 15 1310960
9 12 657190
9 10 255790
10 15 6024770
10 8 482910
10 11 6262110
10 9 255790
11 4 6587100
11 6 763080
11 10 6262110
12 9 657190
12 14 2043890
12 13 446630
12 15 2907720
13 12 446630
13 15 4585480
13 17 3895280
13 16 1713400
14 17 2231380
14 12 2043890
15 10 6024770
15 13 4585480
15 12 2907720
15 8 1310960
16 23 2584270
16 20 2210690
16 6 3095170
16 13 1713400
17 14 2231380
17 13 3895280
17 19 570830
17 25 4855920
18 22 553360
18 25 8259100
18 19 875610
19 17 570830
19 18 875610
19 22 310760
20 16 2210690
20 25 6723370
20 23 4949180
21 24 2297400
21 23 3176750
21 7 5306610
22 18 553360
22 19 310760
23 21 3176750
23 24 2526620
23 16 2584270
23 20 4949180
24 21 2297400
24 23 2526620
25 20 6723370
25 18 8259100
25 17 4855920
