0 4 149480
0 2 1
1 2 1142210
1 5 1686290
1 3 389820
2 1 1142210
2 0 1
2 4 1153070
3 4 497850
3 1 389820
3 5 85780
4 0 149480
4 3 497850
4 2 1153070
4 11 1922740
5 1 1686290
5 3 85780
5 7 801990
5 6 994820
6 8 268350
6 7 438020
6 5 994820
6 11 225720
6 16 1023830
7 6 438020
7 21 1282430
7 5 801990
8 6 268350
8 10 56410
8 15 291100
9 12 219210
9 10 100010
10 15 1698060
10 8 56410
10 11 1766810
10 9 100010
11 4 1922740
11 6 225720
11 10 1766810
12 9 219210
12 14 524220
12 13 290180
12 15 665800
13 12 290180
13 15 1478240
13 17 1389930
13 16 653150
14 17 534410
14 12 524220
15 10 1698060
15 13 1478240
15 12 665800
15 8 291100
16 23 1110880
16 20 539420
16 6 1023830
16 13 653150
17 14 534410
17 13 1389930
17 19 294640
17 25 1395680
18 22 142340
18 25 2132130
18 19 163300
19 17 294640
19 18 163300
19 22 163840
20 16 539420
20 25 1645780
20 23 1224530
21 24 598560
21 23 734490
21 7 1282430
22 18 142340
22 19 163840
23 21 734490
23 24 729320
23 16 1110880
23 20 1224530
24 21 598560
24 23 729320
25 20 1645780
25 18 2132130
25 17 1395680
