0 4 225590
0 2 900
1 2 1198180
1 5 2074900
1 3 555430
2 1 1198180
2 0 900
2 4 1777010
3 4 621010
3 1 555430
3 5 216330
4 0 225590
4 3 621010
4 2 1777010
4 11 2704670
5 1 2074900
5 3 216330
5 7 887090
5 6 1601840
6 8 399050
6 7 557290
6 5 1601840
6 11 317910
6 16 1312580
7 6 557290
7 21 2273790
7 5 887090
8 6 399050
8 10 72480
8 15 324390
9 12 168560
9 10 258010
10 15 2463230
10 8 72480
10 11 2607430
10 9 258010
11 4 2704670
11 6 317910
11 10 2607430
12 9 168560
12 14 487700
12 13 812340
12 15 993520
13 12 812340
13 15 1939590
13 17 1972410
13 16 1248090
14 17 619740
14 12 487700
15 10 2463230
15 13 1939590
15 12 993520
15 8 324390
16 23 1492140
16 20 961950
16 6 1312580
16 13 1248090
17 14 619740
17 13 1972410
17 19 288580
17 25 1827650
18 22 248240
18 25 2829840
18 19 132710
19 17 288580
19 18 132710
19 22 145090
20 16 961950
20 25 2482850
20 23 1780160
21 24 1044810
21 23 1214740
21 7 2273790
22 18 248240
22 19 145090
23 21 1214740
23 24 1063790
23 16 1492140
23 20 1780160
24 21 1044810
24 23 1063790
25 20 2482850
25 18 2829840
25 17 1827650
