0 4 419670
0 2 44420
1 2 1361430
1 5 1889260
1 3 520350
2 1 1361430
2 0 44420
2 4 1440040
3 4 597800
3 1 520350
3 5 148340
4 0 419670
4 3 597800
4 2 1440040
4 11 2686170
5 1 1889260
5 3 148340
5 7 742610
5 6 1503310
6 8 297590
6 7 480820
6 5 1503310
6 11 238610
6 16 1436430
7 6 480820
7 21 1069570
7 5 742610
8 6 297590
8 10 63390
8 15 283330
9 12 204100
9 10 194350
10 15 2463210
10 8 63390
10 11 2585360
10 9 194350
11 4 2686170
11 6 238610
11 10 2585360
12 9 204100
12 14 510000
12 13 403530
12 15 1088680
13 12 403530
13 15 1780240
13 17 1587880
13 16 839660
14 17 633370
14 12 510000
15 10 2463210
15 13 1780240
15 12 1088680
15 8 283330
16 23 1697710
16 20 624180
16 6 1436430
16 13 839660
17 14 633370
17 13 1587880
17 19 331870
17 25 1551270
18 22 136340
18 25 2833680
18 19 52190
19 17 331870
19 18 52190
19 22 225670
20 16 624180
20 25 1445160
20 23 823550
21 24 648390
21 23 425740
21 7 1069570
22 18 136340
22 19 225670
23 21 425740
23 24 865030
23 16 1697710
23 20 823550
24 21 648390
24 23 865030
25 20 1445160
25 18 2833680
25 17 1551270
