0 4 440800
0 2 122460
1 2 3126390
1 5 3673950
1 3 438870
2 1 3126390
2 0 122460
2 4 3068130
3 4 606840
3 1 438870
3 5 341000
4 0 440800
4 3 606840
4 2 3068130
4 11 4305510
5 1 3673950
5 3 341000
5 7 1531020
5 6 2633490
6 8 408170
6 7 936020
6 5 2633490
6 11 655810
6 16 2534490
7 6 936020
7 21 3323460
7 5 1531020
8 6 408170
8 10 268750
8 15 391610
9 12 272240
9 10 324510
10 15 3832410
10 8 268750
10 11 4076970
10 9 324510
11 4 4305510
11 6 655810
11 10 4076970
12 9 272240
12 14 777370
12 13 657450
12 15 814510
13 12 657450
13 15 3624840
13 17 3099210
13 16 1576240
14 17 751920
14 12 777370
15 10 3832410
15 13 3624840
15 12 814510
15 8 391610
16 23 2558340
16 20 1569710
16 6 2534490
16 13 1576240
17 14 751920
17 13 3099210
17 19 560760
17 25 3022440
18 22 500250
18 25 5004800
18 19 286330
19 17 560760
19 18 286330
19 22 301250
20 16 1569710
20 25 3986040
20 23 2551060
21 24 1443540
21 23 2049320
21 7 3323460
22 18 500250
22 19 301250
23 21 2049320
23 24 1805050
23 16 2558340
23 20 2551060
24 21 1443540
24 23 1805050
25 20 3986040
25 18 5004800
25 17 3022440
