0 4 137040
0 2 23850
1 2 548820
1 5 993880
1 3 332350
2 1 548820
2 0 23850
2 4 951700
3 4 413940
3 1 332350
3 5 53110
4 0 137040
4 3 413940
4 2 951700
4 11 1523260
5 1 993880
5 3 53110
5 7 211770
5 6 795830
6 8 490260
6 7 583030
6 5 795830
6 11 87440
6 16 770200
7 6 583030
7 21 719980
7 5 211770
8 6 490260
8 10 80750
8 15 393710
9 12 41660
9 10 82430
10 15 1368240
10 8 80750
10 11 1474480
10 9 82430
11 4 1523260
11 6 87440
11 10 1474480
12 9 41660
12 14 266700
12 13 190660
12 15 796070
13 12 190660
13 15 1059110
13 17 1063630
13 16 404630
14 17 302720
14 12 266700
15 10 1368240
15 13 1059110
15 12 796070
15 8 393710
16 23 923540
16 20 313860
16 6 770200
16 13 404630
17 14 302720
17 13 1063630
17 19 125660
17 25 1072830
18 22 52760
18 25 1577020
18 19 133130
19 17 125660
19 18 133130
19 22 64290
20 16 313860
20 25 981650
20 23 767080
21 24 350650
21 23 386450
21 7 719980
22 18 52760
22 19 64290
23 21 386450
23 24 557620
23 16 923540
23 20 767080
24 21 350650
24 23 557620
25 20 981650
25 18 1577020
25 17 1072830
