0 4 546620
0 2 109510
1 2 2989300
1 5 4070950
1 3 883850
2 1 2989300
2 0 109510
2 4 2708790
3 4 1121600
3 1 883850
3 5 118200
4 0 546620
4 3 1121600
4 2 2708790
4 11 4776340
5 1 4070950
5 3 118200
5 7 1672080
5 6 2734330
6 8 749380
6 7 1363430
6 5 2734330
6 11 624060
6 16 2710700
7 6 1363430
7 21 2134120
7 5 1672080
8 6 749380
8 10 108440
8 15 740890
9 12 321220
9 10 182570
10 15 4514730
10 8 108440
10 11 4294340
10 9 182570
11 4 4776340
11 6 624060
11 10 4294340
12 9 321220
12 14 1299390
12 13 797940
12 15 2068860
13 12 797940
13 15 3493910
13 17 3293270
13 16 1501340
14 17 1298160
14 12 1299390
15 10 4514730
15 13 3493910
15 12 2068860
15 8 740890
16 23 2470960
16 20 1652800
16 6 2710700
16 13 1501340
17 14 1298160
17 13 3293270
17 19 603360
17 25 3545360
18 22 326980
18 25 5203150
18 19 257980
19 17 603360
19 18 257980
19 22 316090
20 16 1652800
20 25 3642120
20 23 2242230
21 24 1181460
21 23 1007770
21 7 2134120
22 18 326980
22 19 316090
23 21 1007770
23 24 1221160
23 16 2470960
23 20 2242230
24 21 1181460
24 23 1221160
25 20 3642120
25 18 5203150
25 17 3545360
