0 4 380380
0 2 58300
1 2 2660740
1 5 4036570
1 3 536680
2 1 2660740
2 0 58300
2 4 2446200
3 4 552490
3 1 536680
3 5 172260
4 0 380380
4 3 552490
4 2 2446200
4 11 3599850
5 1 4036570
5 3 172260
5 7 1528340
5 6 2910900
6 8 911520
6 7 1385950
6 5 2910900
6 11 528840
6 16 2628830
7 6 1385950
7 21 2960330
7 5 1528340
8 6 911520
8 10 283430
8 15 895440
9 12 298340
9 10 154600
10 15 3654550
10 8 283430
10 11 3545220
10 9 154600
11 4 3599850
11 6 528840
11 10 3545220
12 9 298340
12 14 1601410
12 13 613700
12 15 1532770
13 12 613700
13 15 3101240
13 17 2791490
13 16 1656390
14 17 1526210
14 12 1601410
15 10 3654550
15 13 3101240
15 12 1532770
15 8 895440
16 23 2971350
16 20 1391490
16 6 2628830
16 13 1656390
17 14 1526210
17 13 2791490
17 19 382920
17 25 3378540
18 22 144460
18 25 5437530
18 19 358240
19 17 382920
19 18 358240
19 22 272500
20 16 1391490
20 25 4170870
20 23 2979510
21 24 1553170
21 23 1603770
21 7 2960330
22 18 144460
22 19 272500
23 21 1603770
23 24 1782200
23 16 2971350
23 20 2979510
24 21 1553170
24 23 1782200
25 20 4170870
25 18 5437530
25 17 3378540
