0 4 365670
0 2 41380
1 2 1949590
1 5 3052590
1 3 370520
2 1 1949590
2 0 41380
2 4 2690300
3 4 421230
3 1 370520
3 5 120980
4 0 365670
4 3 421230
4 2 2690300
4 11 3656250
5 1 3052590
5 3 120980
5 7 1326740
5 6 2668230
6 8 1049550
6 7 1174940
6 5 2668230
6 11 416590
6 16 2286070
7 6 1174940
7 21 2506930
7 5 1326740
8 6 1049550
8 10 415750
8 15 1134020
9 12 335770
9 10 116560
10 15 3370830
10 8 415750
10 11 3563470
10 9 116560
11 4 3656250
11 6 416590
11 10 3563470
12 9 335770
12 14 1129020
12 13 542810
12 15 1461870
13 12 542810
13 15 3231650
13 17 3062920
13 16 1500880
14 17 1154150
14 12 1129020
15 10 3370830
15 13 3231650
15 12 1461870
15 8 1134020
16 23 2324420
16 20 1605210
16 6 2286070
16 13 1500880
17 14 1154150
17 13 3062920
17 19 657540
17 25 3030290
18 22 314340
18 25 5419250
18 19 284370
19 17 657540
19 18 284370
19 22 273150
20 16 1605210
20 25 3740510
20 23 2451840
21 24 1209730
21 23 1415160
21 7 2506930
22 18 314340
22 19 273150
23 21 1415160
23 24 1747480
23 16 2324420
23 20 2451840
24 21 1209730
24 23 1747480
25 20 3740510
25 18 5419250
25 17 3030290
