0 4 601970
0 2 160010
1 2 3211570
1 5 4668090
1 3 1374170
2 1 3211570
2 0 160010
2 4 3518760
3 4 1713020
3 1 1374170
3 5 329690
4 0 601970
4 3 1713020
4 2 3518760
4 11 6076660
5 1 4668090
5 3 329690
5 7 2202220
5 6 3049950
6 8 708920
6 7 1119060
6 5 3049950
6 11 456330
6 16 2958450
7 6 1119060
7 21 3189970
7 5 2202220
8 6 708920
8 10 157130
8 15 864720
9 12 284910
9 10 371490
10 15 5508970
10 8 157130
10 11 5932790
10 9 371490
11 4 6076660
11 6 456330
11 10 5932790
12 9 284910
12 14 1180990
12 13 969590
12 15 2390190
13 12 969590
13 15 4237890
13 17 4027220
13 16 2007930
14 17 1186790
14 12 1180990
15 10 5508970
15 13 4237890
15 12 2390190
15 8 864720
16 23 3482630
16 20 1491170
16 6 2958450
16 13 2007930
17 14 1186790
17 13 4027220
17 19 573630
17 25 3625200
18 22 440350
18 25 5445800
18 19 180770
19 17 573630
19 18 180770
19 22 246380
20 16 1491170
20 25 5001820
20 23 3852650
21 24 1687140
21 23 1763890
21 7 3189970
22 18 440350
22 19 246380
23 21 1763890
23 24 1985160
23 16 3482630
23 20 3852650
24 21 1687140
24 23 1985160
25 20 5001820
25 18 5445800
25 17 3625200
