0 4 245380
0 2 27360
1 2 878230
1 5 1202770
1 3 54030
2 1 878230
2 0 27360
2 4 1127290
3 4 142940
3 1 54030
3 5 96520
4 0 245380
4 3 142940
4 2 1127290
4 11 1609040
5 1 1202770
5 3 96520
5 7 526920
5 6 834730
6 8 420460
6 7 627660
6 5 834730
6 11 235420
6 16 817310
7 6 627660
7 21 963480
7 5 526920
8 6 420460
8 10 27100
8 15 428160
9 12 84260
9 10 76560
10 15 1448310
10 8 27100
10 11 1488150
10 9 76560
11 4 1609040
11 6 235420
11 10 1488150
12 9 84260
12 14 382450
12 13 248320
12 15 706700
13 12 248320
13 15 1211960
13 17 1102540
13 16 502730
14 17 316470
14 12 382450
15 10 1448310
15 13 1211960
15 12 706700
15 8 428160
16 23 730920
16 20 621800
16 6 817310
16 13 502730
17 14 316470
17 13 1102540
17 19 174630
17 25 1179950
18 22 109880
18 25 1952490
18 19 139960
19 17 174630
19 18 139960
19 22 45360
20 16 621800
20 25 1253340
20 23 699180
21 24 572090
21 23 364580
21 7 963480
22 18 109880
22 19 45360
23 21 364580
23 24 493580
23 16 730920
23 20 699180
24 21 572090
24 23 493580
25 20 1253340
25 18 1952490
25 17 1179950
