0 4 470090
0 2 36280
1 2 2293940
1 5 3597700
1 3 765430
2 1 2293940
2 0 36280
2 4 2629710
3 4 823180
3 1 765430
3 5 47060
4 0 470090
4 3 823180
4 2 2629710
4 11 4276230
5 1 3597700
5 3 47060
5 7 1618360
5 6 2182690
6 8 654260
6 7 954980
6 5 2182690
6 11 407130
6 16 2059410
7 6 954980
7 21 2450900
7 5 1618360
8 6 654260
8 10 558660
8 15 457210
9 12 437570
9 10 375110
10 15 4192870
10 8 558660
10 11 4020310
10 9 375110
11 4 4276230
11 6 407130
11 10 4020310
12 9 437570
12 14 1156610
12 13 859250
12 15 1464500
13 12 859250
13 15 3357370
13 17 3167310
13 16 1932950
14 17 1087170
14 12 1156610
15 10 4192870
15 13 3357370
15 12 1464500
15 8 457210
16 23 2451530
16 20 1320190
16 6 2059410
16 13 1932950
17 14 1087170
17 13 3167310
17 19 421860
17 25 3393070
18 22 232750
18 25 4804920
18 19 275010
19 17 421860
19 18 275010
19 22 267790
20 16 1320190
20 25 3932300
20 23 3025910
21 24 990530
21 23 1684560
21 7 2450900
22 18 232750
22 19 267790
23 21 1684560
23 24 1746680
23 16 2451530
23 20 3025910
24 21 990530
24 23 1746680
25 20 3932300
25 18 4804920
25 17 3393070
