0 4 497450
0 2 75360
1 2 2291210
1 5 3788020
1 3 603350
2 1 2291210
2 0 75360
2 4 2207810
3 4 793820
3 1 603350
3 5 100470
4 0 497450
4 3 793820
4 2 2207810
4 11 3822660
5 1 3788020
5 3 100470
5 7 1994750
5 6 2088200
6 8 745500
6 7 1302660
6 5 2088200
6 11 484550
6 16 2005760
7 6 1302660
7 21 3008610
7 5 1994750
8 6 745500
8 10 221360
8 15 589310
9 12 373260
9 10 227550
10 15 3332340
10 8 221360
10 11 3554690
10 9 227550
11 4 3822660
11 6 484550
11 10 3554690
12 9 373260
12 14 1500350
12 13 579750
12 15 1489550
13 12 579750
13 15 2470470
13 17 2189840
13 16 1340360
14 17 1329650
14 12 1500350
15 10 3332340
15 13 2470470
15 12 1489550
15 8 589310
16 23 2307840
16 20 993080
16 6 2005760
16 13 1340360
17 14 1329650
17 13 2189840
17 19 325630
17 25 2805070
18 22 259310
18 25 4431050
18 19 163980
19 17 325630
19 18 163980
19 22 200300
20 16 993080
20 25 2884970
20 23 2128820
21 24 1497080
21 23 1530680
21 7 3008610
22 18 259310
22 19 200300
23 21 1530680
23 24 1321830
23 16 2307840
23 20 2128820
24 21 1497080
24 23 1321830
25 20 2884970
25 18 4431050
25 17 2805070
