0 4 132940
0 2 14090
1 2 808830
1 5 1023120
1 3 144080
2 1 808830
2 0 14090
2 4 702600
3 4 177960
3 1 144080
3 5 64400
4 0 132940
4 3 177960
4 2 702600
4 11 1108820
5 1 1023120
5 3 64400
5 7 532870
5 6 556930
6 8 165160
6 7 293060
6 5 556930
6 11 166910
6 16 588460
7 6 293060
7 21 731100
7 5 532870
8 6 165160
8 10 38200
8 15 250110
9 12 68250
9 10 28150
10 15 933450
10 8 38200
10 11 1011600
10 9 28150
11 4 1108820
11 6 166910
11 10 1011600
12 9 68250
12 14 214080
12 13 204460
12 15 346220
13 12 204460
13 15 896210
13 17 755360
13 16 480840
14 17 269170
14 12 214080
15 10 933450
15 13 896210
15 12 346220
15 8 250110
16 23 698850
16 20 384420
16 6 588460
16 13 480840
17 14 269170
17 13 755360
17 19 65050
17 25 810150
18 22 58010
18 25 1514690
18 19 127830
19 17 65050
19 18 127830
19 22 43620
20 16 384420
20 25 909980
20 23 492700
21 24 339690
21 23 371640
21 7 731100
22 18 58010
22 19 43620
23 21 371640
23 24 390350
23 16 698850
23 20 492700
24 21 339690
24 23 390350
25 20 909980
25 18 1514690
25 17 810150
