0 4 23630
0 2 37480
1 2 712930
1 5 1121550
1 3 66680
2 1 712930
2 0 37480
2 4 544370
3 4 115080
3 1 66680
3 5 45540
4 0 23630
4 3 115080
4 2 544370
4 11 744730
5 1 1121550
5 3 45540
5 7 455600
5 6 742700
6 8 94210
6 7 180270
6 5 742700
6 11 86790
6 16 738760
7 6 180270
7 21 463360
7 5 455600
8 6 94210
8 10 6930
8 15 149870
9 12 98780
9 10 1
10 15 674020
10 8 6930
10 11 726330
10 9 1
11 4 744730
11 6 86790
11 10 726330
12 9 98780
12 14 332100
12 13 280110
12 15 172140
13 12 280110
13 15 712920
13 17 672600
13 16 469900
14 17 290840
14 12 332100
15 10 674020
15 13 712920
15 12 172140
15 8 149870
16 23 812880
16 20 421270
16 6 738760
16 13 469900
17 14 290840
17 13 672600
17 19 149480
17 25 772690
18 22 83670
18 25 1361040
18 19 76750
19 17 149480
19 18 76750
19 22 68950
20 16 421270
20 25 940940
20 23 548940
21 24 259050
21 23 252070
21 7 463360
22 18 83670
22 19 68950
23 21 252070
23 24 416060
23 16 812880
23 20 548940
24 21 259050
24 23 416060
25 20 940940
25 18 1361040
25 17 772690
