0 4 145490
0 2 36180
1 2 904500
1 5 1314440
1 3 174350
2 1 904500
2 0 36180
2 4 925640
3 4 249630
3 1 174350
3 5 52250
4 0 145490
4 3 249630
4 2 925640
4 11 1419210
5 1 1314440
5 3 52250
5 7 731830
5 6 657080
6 8 221070
6 7 304320
6 5 657080
6 11 155950
6 16 670220
7 6 304320
7 21 966370
7 5 731830
8 6 221070
8 10 84770
8 15 248300
9 12 88880
9 10 15080
10 15 1304030
10 8 84770
10 11 1329010
10 9 15080
11 4 1419210
11 6 155950
11 10 1329010
12 9 88880
12 14 411710
12 13 123330
12 15 567420
13 12 123330
13 15 1103630
13 17 981560
13 16 337270
14 17 315470
14 12 411710
15 10 1304030
15 13 1103630
15 12 567420
15 8 248300
16 23 595830
16 20 432460
16 6 670220
16 13 337270
17 14 315470
17 13 981560
17 19 208310
17 25 929140
18 22 26520
18 25 1462380
18 19 66960
19 17 208310
19 18 66960
19 22 99270
20 16 432460
20 25 892670
20 23 552190
21 24 471400
21 23 474740
21 7 966370
22 18 26520
22 19 99270
23 21 474740
23 24 470820
23 16 595830
23 20 552190
24 21 471400
24 23 470820
25 20 892670
25 18 1462380
25 17 929140
