0 4 210450
0 2 13830
1 2 1230640
1 5 1573410
1 3 158050
2 1 1230640
2 0 13830
2 4 1306860
3 4 164470
3 1 158050
3 5 176910
4 0 210450
4 3 164470
4 2 1306860
4 11 1775010
5 1 1573410
5 3 176910
5 7 535230
5 6 1235810
6 8 241440
6 7 264850
6 5 1235810
6 11 130450
6 16 1085950
7 6 264850
7 21 1272860
7 5 535230
8 6 241440
8 10 119700
8 15 153880
9 12 184300
9 10 29220
10 15 1671000
10 8 119700
10 11 1746730
10 9 29220
11 4 1775010
11 6 130450
11 10 1746730
12 9 184300
12 14 540290
12 13 175030
12 15 578960
13 12 175030
13 15 1304010
13 17 1167050
13 16 380420
14 17 562180
14 12 540290
15 10 1671000
15 13 1304010
15 12 578960
15 8 153880
16 23 1123580
16 20 359930
16 6 1085950
16 13 380420
17 14 562180
17 13 1167050
17 19 227850
17 25 1291410
18 22 50950
18 25 1674250
18 19 111140
19 17 227850
19 18 111140
19 22 137460
20 16 359930
20 25 1456160
20 23 1326800
21 24 342170
21 23 845750
21 7 1272860
22 18 50950
22 19 137460
23 21 845750
23 24 510750
23 16 1123580
23 20 1326800
24 21 342170
24 23 510750
25 20 1456160
25 18 1674250
25 17 1291410
