0 4 158890
0 2 91700
1 2 553990
1 5 1010540
1 3 432690
2 1 553990
2 0 91700
2 4 886330
3 4 399180
3 1 432690
3 5 101120
4 0 158890
4 3 399180
4 2 886330
4 11 1519090
5 1 1010540
5 3 101120
5 7 392880
5 6 746270
6 8 167170
6 7 285160
6 5 746270
6 11 124490
6 16 710240
7 6 285160
7 21 643350
7 5 392880
8 6 167170
8 10 96180
8 15 114490
9 12 97850
9 10 101880
10 15 1354510
10 8 96180
10 11 1424400
10 9 101880
11 4 1519090
11 6 124490
11 10 1424400
12 9 97850
12 14 356230
12 13 104030
12 15 527650
13 12 104030
13 15 910010
13 17 955390
13 16 319610
14 17 384220
14 12 356230
15 10 1354510
15 13 910010
15 12 527650
15 8 114490
16 23 613200
16 20 397410
16 6 710240
16 13 319610
17 14 384220
17 13 955390
17 19 173200
17 25 1047470
18 22 30030
18 25 1109250
18 19 50420
19 17 173200
19 18 50420
19 22 50760
20 16 397410
20 25 758200
20 23 408190
21 24 374110
21 23 230750
21 7 643350
22 18 30030
22 19 50760
23 21 230750
23 24 310230
23 16 613200
23 20 408190
24 21 374110
24 23 310230
25 20 758200
25 18 1109250
25 17 1047470
