0 4 111100
0 2 72510
1 2 760310
1 5 1320940
1 3 119700
2 1 760310
2 0 72510
2 4 1545540
3 4 238760
3 1 119700
3 5 75580
4 0 111100
4 3 238760
4 2 1545540
4 11 1911540
5 1 1320940
5 3 75580
5 7 533340
5 6 947830
6 8 215030
6 7 372260
6 5 947830
6 11 148880
6 16 1036490
7 6 372260
7 21 1370630
7 5 533340
8 6 215030
8 10 141350
8 15 282760
9 12 79150
9 10 48610
10 15 1909140
10 8 141350
10 11 1860480
10 9 48610
11 4 1911540
11 6 148880
11 10 1860480
12 9 79150
12 14 605490
12 13 601800
12 15 488250
13 12 601800
13 15 1869730
13 17 1845780
13 16 1058230
14 17 596000
14 12 605490
15 10 1909140
15 13 1869730
15 12 488250
15 8 282760
16 23 1358580
16 20 741570
16 6 1036490
16 13 1058230
17 14 596000
17 13 1845780
17 19 164720
17 25 1944430
18 22 89610
18 25 2644570
18 19 113920
19 17 164720
19 18 113920
19 22 87610
20 16 741570
20 25 2055340
20 23 1518030
21 24 535210
21 23 923380
21 7 1370630
22 18 89610
22 19 87610
23 21 923380
23 24 890070
23 16 1358580
23 20 1518030
24 21 535210
24 23 890070
25 20 2055340
25 18 2644570
25 17 1944430
