0 4 60980
0 2 85170
1 2 451180
1 5 1247460
1 3 132480
2 1 451180
2 0 85170
2 4 670190
3 4 195790
3 1 132480
3 5 29780
4 0 60980
4 3 195790
4 2 670190
4 11 985410
5 1 1247460
5 3 29780
5 7 341380
5 6 1050220
6 8 131440
6 7 167890
6 5 1050220
6 11 107110
6 16 1032270
7 6 167890
7 21 783550
7 5 341380
8 6 131440
8 10 107190
8 15 130620
9 12 109880
9 10 22720
10 15 970920
10 8 107190
10 11 1020930
10 9 22720
11 4 985410
11 6 107110
11 10 1020930
12 9 109880
12 14 354060
12 13 316820
12 15 265620
13 12 316820
13 15 853060
13 17 803510
13 16 542890
14 17 381870
14 12 354060
15 10 970920
15 13 853060
15 12 265620
15 8 130620
16 23 834660
16 20 748870
16 6 1032270
16 13 542890
17 14 381870
17 13 803510
17 19 124150
17 25 908110
18 22 31510
18 25 1507960
18 19 77540
19 17 124150
19 18 77540
19 22 71500
20 16 748870
20 25 1314730
20 23 651780
21 24 301000
21 23 492180
21 7 783550
22 18 31510
22 19 71500
23 21 492180
23 24 536410
23 16 834660
23 20 651780
24 21 301000
24 23 536410
25 20 1314730
25 18 1507960
25 17 908110
