0 4 352540
0 2 117590
1 2 2295310
1 5 3291550
1 3 442160
2 1 2295310
2 0 117590
2 4 2077140
3 4 616210
3 1 442160
3 5 370610
4 0 352540
4 3 616210
4 2 2077140
4 11 3013690
5 1 3291550
5 3 370610
5 7 1944110
5 6 2090780
6 8 946560
6 7 1139310
6 5 2090780
6 11 267930
6 16 2118140
7 6 1139310
7 21 3505660
7 5 1944110
8 6 946560
8 10 261200
8 15 712570
9 12 241680
9 10 346790
10 15 2971960
10 8 261200
10 11 2991990
10 9 346790
11 4 3013690
11 6 267930
11 10 2991990
12 9 241680
12 14 2039760
12 13 863410
12 15 1335670
13 12 863410
13 15 2514480
13 17 2247580
13 16 1727690
14 17 2030770
14 12 2039760
15 10 2971960
15 13 2514480
15 12 1335670
15 8 712570
16 23 2599600
16 20 1330950
16 6 2118140
16 13 1727690
17 14 2030770
17 13 2247580
17 19 348460
17 25 3446040
18 22 479740
18 25 5409670
18 19 235600
19 17 348460
19 18 235600
19 22 187510
20 16 1330950
20 25 3356090
20 23 2496100
21 24 1840990
21 23 1789060
21 7 3505660
22 18 479740
22 19 187510
23 21 1789060
23 24 1563630
23 16 2599600
23 20 2496100
24 21 1840990
24 23 1563630
25 20 3356090
25 18 5409670
25 17 3446040
