0 4 163000
0 2 59000
1 2 565980
1 5 1036080
1 3 94980
2 1 565980
2 0 59000
2 4 890710
3 4 105370
3 1 94980
3 5 58370
4 0 163000
4 3 105370
4 2 890710
4 11 1199250
5 1 1036080
5 3 58370
5 7 614050
5 6 501230
6 8 205360
6 7 327970
6 5 501230
6 11 144410
6 16 499630
7 6 327970
7 21 598990
7 5 614050
8 6 205360
8 10 68820
8 15 196770
9 12 66700
9 10 93070
10 15 1031930
10 8 68820
10 11 1134710
10 9 93070
11 4 1199250
11 6 144410
11 10 1134710
12 9 66700
12 14 523760
12 13 294840
12 15 221270
13 12 294840
13 15 1054200
13 17 955200
13 16 503360
14 17 589340
14 12 523760
15 10 1031930
15 13 1054200
15 12 221270
15 8 196770
16 23 734440
16 20 292800
16 6 499630
16 13 503360
17 14 589340
17 13 955200
17 19 77800
17 25 1340080
18 22 119860
18 25 1563460
18 19 49460
19 17 77800
19 18 49460
19 22 48540
20 16 292800
20 25 936890
20 23 680910
21 24 336470
21 23 312450
21 7 598990
22 18 119860
22 19 48540
23 21 312450
23 24 518770
23 16 734440
23 20 680910
24 21 336470
24 23 518770
25 20 936890
25 18 1563460
25 17 1340080
