0 4 79250
0 2 32170
1 2 685610
1 5 945600
1 3 206390
2 1 685610
2 0 32170
2 4 931220
3 4 207350
3 1 206390
3 5 113740
4 0 79250
4 3 207350
4 2 931220
4 11 1447990
5 1 945600
5 3 113740
5 7 349090
5 6 762500
6 8 97450
6 7 326840
6 5 762500
6 11 193140
6 16 791090
7 6 326840
7 21 1189400
7 5 349090
8 6 97450
8 10 2880
8 15 87770
9 12 63220
9 10 65300
10 15 1252770
10 8 2880
10 11 1291510
10 9 65300
11 4 1447990
11 6 193140
11 10 1291510
12 9 63220
12 14 729440
12 13 252060
12 15 546080
13 12 252060
13 15 769270
13 17 677010
13 16 533760
14 17 677150
14 12 729440
15 10 1252770
15 13 769270
15 12 546080
15 8 87770
16 23 714020
16 20 529280
16 6 791090
16 13 533760
17 14 677150
17 13 677010
17 19 170240
17 25 979070
18 22 82560
18 25 1296140
18 19 58400
19 17 170240
19 18 58400
19 22 76310
20 16 529280
20 25 1280620
20 23 884760
21 24 459680
21 23 770000
21 7 1189400
22 18 82560
22 19 76310
23 21 770000
23 24 596230
23 16 714020
23 20 884760
24 21 459680
24 23 596230
25 20 1280620
25 18 1296140
25 17 979070
