0 4 650580
0 2 103910
1 2 2748060
1 5 4481430
1 3 882940
2 1 2748060
2 0 103910
2 4 3514500
3 4 873280
3 1 882940
3 5 375440
4 0 650580
4 3 873280
4 2 3514500
4 11 5412590
5 1 4481430
5 3 375440
5 7 1910650
5 6 3032270
6 8 1020970
6 7 1464860
6 5 3032270
6 11 560510
6 16 2692490
7 6 1464860
7 21 4417090
7 5 1910650
8 6 1020970
8 10 281800
8 15 930010
9 12 231200
9 10 242640
10 15 4653650
10 8 281800
10 11 5076790
10 9 242640
11 4 5412590
11 6 560510
11 10 5076790
12 9 231200
12 14 964120
12 13 1085230
12 15 1673260
13 12 1085230
13 15 3967400
13 17 3901570
13 16 2098740
14 17 1065080
14 12 964120
15 10 4653650
15 13 3967400
15 12 1673260
15 8 930010
16 23 3361630
16 20 1566340
16 6 2692490
16 13 2098740
17 14 1065080
17 13 3901570
17 19 543500
17 25 3681940
18 22 256460
18 25 6086140
18 19 232190
19 17 543500
19 18 232190
19 22 275020
20 16 1566340
20 25 4965910
20 23 3607850
21 24 1675150
21 23 2971800
21 7 4417090
22 18 256460
22 19 275020
23 21 2971800
23 24 1681080
23 16 3361630
23 20 3607850
24 21 1675150
24 23 1681080
25 20 4965910
25 18 6086140
25 17 3681940
