0 4 271920
0 2 75080
1 2 1818200
1 5 2796930
1 3 415460
2 1 1818200
2 0 75080
2 4 2117370
3 4 478380
3 1 415460
3 5 140660
4 0 271920
4 3 478380
4 2 2117370
4 11 3037000
5 1 2796930
5 3 140660
5 7 1423320
5 6 1676460
6 8 540040
6 7 685260
6 5 1676460
6 11 211920
6 16 1732330
7 6 685260
7 21 1700250
7 5 1423320
8 6 540040
8 10 225370
8 15 456430
9 12 363730
9 10 201320
10 15 2598230
10 8 225370
10 11 2822960
10 9 201320
11 4 3037000
11 6 211920
11 10 2822960
12 9 363730
12 14 726940
12 13 440320
12 15 809240
13 12 440320
13 15 2416500
13 17 2105090
13 16 1164710
14 17 717610
14 12 726940
15 10 2598230
15 13 2416500
15 12 809240
15 8 456430
16 23 1747270
16 20 1069760
16 6 1732330
16 13 1164710
17 14 717610
17 13 2105090
17 19 359030
17 25 2201520
18 22 223500
18 25 4310140
18 19 352800
19 17 359030
19 18 352800
19 22 208850
20 16 1069760
20 25 2640090
20 23 1656080
21 24 796780
21 23 948850
21 7 1700250
22 18 223500
22 19 208850
23 21 948850
23 24 1282590
23 16 1747270
23 20 1656080
24 21 796780
24 23 1282590
25 20 2640090
25 18 4310140
25 17 2201520
