0 4 117700
0 2 5080
1 2 686870
1 5 789650
1 3 120660
2 1 686870
2 0 5080
2 4 707000
3 4 141470
3 1 120660
3 5 89500
4 0 117700
4 3 141470
4 2 707000
4 11 988070
5 1 789650
5 3 89500
5 7 549820
5 6 398850
6 8 217230
6 7 191440
6 5 398850
6 11 88060
6 16 257370
7 6 191440
7 21 507040
7 5 549820
8 6 217230
8 10 17820
8 15 200630
9 12 72610
9 10 3810
10 15 986220
10 8 17820
10 11 965530
10 9 3810
11 4 988070
11 6 88060
11 10 965530
12 9 72610
12 14 344230
12 13 75630
12 15 453970
13 12 75630
13 15 736500
13 17 715520
13 16 349100
14 17 345780
14 12 344230
15 10 986220
15 13 736500
15 12 453970
15 8 200630
16 23 440660
16 20 127930
16 6 257370
16 13 349100
17 14 345780
17 13 715520
17 19 124660
17 25 794320
18 22 44640
18 25 1168880
18 19 118020
19 17 124660
19 18 118020
19 22 99350
20 16 127930
20 25 591360
20 23 500140
21 24 262570
21 23 283490
21 7 507040
22 18 44640
22 19 99350
23 21 283490
23 24 593890
23 16 440660
23 20 500140
24 21 262570
24 23 593890
25 20 591360
25 18 1168880
25 17 794320
