0 4 605950
0 2 53210
1 2 2455140
1 5 4342770
1 3 629730
2 1 2455140
2 0 53210
2 4 2369400
3 4 763070
3 1 629730
3 5 168380
4 0 605950
4 3 763070
4 2 2369400
4 11 3893480
5 1 4342770
5 3 168380
5 7 1700960
5 6 3104520
6 8 535130
6 7 694280
6 5 3104520
6 11 336850
6 16 2916100
7 6 694280
7 21 3071430
7 5 1700960
8 6 535130
8 10 261020
8 15 662980
9 12 332240
9 10 149330
10 15 3402780
10 8 261020
10 11 3664550
10 9 149330
11 4 3893480
11 6 336850
11 10 3664550
12 9 332240
12 14 1080550
12 13 388440
12 15 1333850
13 12 388440
13 15 2874660
13 17 2579250
13 16 1240910
14 17 1296070
14 12 1080550
15 10 3402780
15 13 2874660
15 12 1333850
15 8 662980
16 23 1926120
16 20 2129170
16 6 2916100
16 13 1240910
17 14 1296070
17 13 2579250
17 19 421030
17 25 2963150
18 22 205890
18 25 6091210
18 19 365350
19 17 421030
19 18 365350
19 22 146430
20 16 2129170
20 25 4890840
20 23 3110980
21 24 1543110
21 23 1858190
21 7 3071430
22 18 205890
22 19 146430
23 21 1858190
23 24 1413200
23 16 1926120
23 20 3110980
24 21 1543110
24 23 1413200
25 20 4890840
25 18 6091210
25 17 2963150
