0 4 200420
0 2 9180
1 2 1979470
1 5 2677720
1 3 230260
2 1 1979470
2 0 9180
2 4 1488850
3 4 293890
3 1 230260
3 5 107560
4 0 200420
4 3 293890
4 2 1488850
4 11 2088400
5 1 2677720
5 3 107560
5 7 1199880
5 6 1750410
6 8 414130
6 7 495160
6 5 1750410
6 11 182290
6 16 1771790
7 6 495160
7 21 1671110
7 5 1199880
8 6 414130
8 10 205120
8 15 388940
9 12 346100
9 10 148470
10 15 2092900
10 8 205120
10 11 2105560
10 9 148470
11 4 2088400
11 6 182290
11 10 2105560
12 9 346100
12 14 844810
12 13 506270
12 15 1140460
13 12 506270
13 15 1443520
13 17 1319570
13 16 1242280
14 17 944770
14 12 844810
15 10 2092900
15 13 1443520
15 12 1140460
15 8 388940
16 23 1778850
16 20 1076300
16 6 1771790
16 13 1242280
17 14 944770
17 13 1319570
17 19 211290
17 25 1749430
18 22 213750
18 25 3107250
18 19 97540
19 17 211290
19 18 97540
19 22 54280
20 16 1076300
20 25 2519590
20 23 1532740
21 24 701610
21 23 1022470
21 7 1671110
22 18 213750
22 19 54280
23 21 1022470
23 24 1271600
23 16 1778850
23 20 1532740
24 21 701610
24 23 1271600
25 20 2519590
25 18 3107250
25 17 1749430
