0 4 301630
0 2 77410
1 2 1276450
1 5 2024300
1 3 184220
2 1 1276450
2 0 77410
2 4 2184830
3 4 285390
3 1 184220
3 5 104960
4 0 301630
4 3 285390
4 2 2184830
4 11 2705090
5 1 2024300
5 3 104960
5 7 593410
5 6 1677290
6 8 268540
6 7 353360
6 5 1677290
6 11 172140
6 16 1591020
7 6 353360
7 21 1665110
7 5 593410
8 6 268540
8 10 104680
8 15 305850
9 12 123220
9 10 107750
10 15 2630640
10 8 104680
10 11 2760160
10 9 107750
11 4 2705090
11 6 172140
11 10 2760160
12 9 123220
12 14 882930
12 13 379850
12 15 954500
13 12 379850
13 15 1885660
13 17 1612320
13 16 838000
14 17 758010
14 12 882930
15 10 2630640
15 13 1885660
15 12 954500
15 8 305850
16 23 1745000
16 20 658020
16 6 1591020
16 13 838000
17 14 758010
17 13 1612320
17 19 336080
17 25 1856840
18 22 162360
18 25 2755960
18 19 219900
19 17 336080
19 18 219900
19 22 124310
20 16 658020
20 25 2090040
20 23 1645800
21 24 544210
21 23 1225240
21 7 1665110
22 18 162360
22 19 124310
23 21 1225240
23 24 967120
23 16 1745000
23 20 1645800
24 21 544210
24 23 967120
25 20 2090040
25 18 2755960
25 17 1856840
