0 4 170770
0 2 39840
1 2 663000
1 5 1380950
1 3 127260
2 1 663000
2 0 39840
2 4 1069670
3 4 154380
3 1 127260
3 5 52710
4 0 170770
4 3 154380
4 2 1069670
4 11 1416690
5 1 1380950
5 3 52710
5 7 501030
5 6 1027460
6 8 118780
6 7 289840
6 5 1027460
6 11 183280
6 16 1034560
7 6 289840
7 21 893700
7 5 501030
8 6 118780
8 10 50520
8 15 138670
9 12 98840
9 10 16020
10 15 1285170
10 8 50520
10 11 1343700
10 9 16020
11 4 1416690
11 6 183280
11 10 1343700
12 9 98840
12 14 360170
12 13 362410
12 15 553120
13 12 362410
13 15 907130
13 17 893870
13 16 527820
14 17 378360
14 12 360170
15 10 1285170
15 13 907130
15 12 553120
15 8 138670
16 23 703820
16 20 881940
16 6 1034560
16 13 527820
17 14 378360
17 13 893870
17 19 120160
17 25 1034310
18 22 86010
18 25 1470990
18 19 94800
19 17 120160
19 18 94800
19 22 44470
20 16 881940
20 25 1370150
20 23 588890
21 24 555020
21 23 347710
21 7 893700
22 18 86010
22 19 44470
23 21 347710
23 24 371940
23 16 703820
23 20 588890
24 21 555020
24 23 371940
25 20 1370150
25 18 1470990
25 17 1034310
