0 4 183540
0 2 32260
1 2 656260
1 5 898360
1 3 220920
2 1 656260
2 0 32260
2 4 856550
3 4 237050
3 1 220920
3 5 64140
4 0 183540
4 3 237050
4 2 856550
4 11 1309020
5 1 898360
5 3 64140
5 7 475390
5 6 520690
6 8 106760
6 7 242880
6 5 520690
6 11 144810
6 16 477500
7 6 242880
7 21 647570
7 5 475390
8 6 106760
8 10 62880
8 15 108770
9 12 71070
9 10 80710
10 15 1213740
10 8 62880
10 11 1249570
10 9 80710
11 4 1309020
11 6 144810
11 10 1249570
12 9 71070
12 14 419490
12 13 220940
12 15 549060
13 12 220940
13 15 770690
13 17 801060
13 16 458860
14 17 479270
14 12 419490
15 10 1213740
15 13 770690
15 12 549060
15 8 108770
16 23 529220
16 20 395570
16 6 477500
16 13 458860
17 14 479270
17 13 801060
17 19 183700
17 25 798020
18 22 134680
18 25 1235110
18 19 20350
19 17 183700
19 18 20350
19 22 22440
20 16 395570
20 25 655550
20 23 346980
21 24 413430
21 23 269290
21 7 647570
22 18 134680
22 19 22440
23 21 269290
23 24 364230
23 16 529220
23 20 346980
24 21 413430
24 23 364230
25 20 655550
25 18 1235110
25 17 798020
