0 4 83050
0 2 49020
1 2 840620
1 5 1343030
1 3 354030
2 1 840620
2 0 49020
2 4 1447410
3 4 466590
3 1 354030
3 5 104890
4 0 83050
4 3 466590
4 2 1447410
4 11 2026740
5 1 1343030
5 3 104890
5 7 754190
5 6 631520
6 8 311760
6 7 443530
6 5 631520
6 11 156900
6 16 582450
7 6 443530
7 21 1043120
7 5 754190
8 6 311760
8 10 58610
8 15 270780
9 12 173540
9 10 99130
10 15 2162830
10 8 58610
10 11 2141340
10 9 99130
11 4 2026740
11 6 156900
11 10 2141340
12 9 173540
12 14 488610
12 13 142130
12 15 793320
13 12 142130
13 15 1565850
13 17 1469210
13 16 359950
14 17 590270
14 12 488610
15 10 2162830
15 13 1565850
15 12 793320
15 8 270780
16 23 585430
16 20 303430
16 6 582450
16 13 359950
17 14 590270
17 13 1469210
17 19 316910
17 25 1548590
18 22 68220
18 25 2085560
18 19 153790
19 17 316910
19 18 153790
19 22 185620
20 16 303430
20 25 843590
20 23 614980
21 24 495410
21 23 672730
21 7 1043120
22 18 68220
22 19 185620
23 21 672730
23 24 537260
23 16 585430
23 20 614980
24 21 495410
24 23 537260
25 20 843590
25 18 2085560
25 17 1548590
