0 4 319950
0 2 109350
1 2 1079060
1 5 1996260
1 3 351910
2 1 1079060
2 0 109350
2 4 1843220
3 4 318980
3 1 351910
3 5 180350
4 0 319950
4 3 318980
4 2 1843220
4 11 2460060
5 1 1996260
5 3 180350
5 7 598600
5 6 1746070
6 8 283260
6 7 596560
6 5 1746070
6 11 398270
6 16 1586480
7 6 596560
7 21 2210310
7 5 598600
8 6 283260
8 10 105850
8 15 281180
9 12 149390
9 10 129690
10 15 2449410
10 8 105850
10 11 2406980
10 9 129690
11 4 2460060
11 6 398270
11 10 2406980
12 9 149390
12 14 495050
12 13 898020
12 15 866760
13 12 898020
13 15 2048850
13 17 1843720
13 16 1399330
14 17 502090
14 12 495050
15 10 2449410
15 13 2048850
15 12 866760
15 8 281180
16 23 1802640
16 20 1136900
16 6 1586480
16 13 1399330
17 14 502090
17 13 1843720
17 19 244380
17 25 1796890
18 22 251100
18 25 3182750
18 19 141990
19 17 244380
19 18 141990
19 22 159460
20 16 1136900
20 25 2817790
20 23 1916180
21 24 1119260
21 23 1149800
21 7 2210310
22 18 251100
22 19 159460
23 21 1149800
23 24 990630
23 16 1802640
23 20 1916180
24 21 1119260
24 23 990630
25 20 2817790
25 18 3182750
25 17 1796890
