0 4 133670
0 2 52760
1 2 698150
1 5 1250100
1 3 170430
2 1 698150
2 0 52760
2 4 1009760
3 4 176730
3 1 170430
3 5 82110
4 0 133670
4 3 176730
4 2 1009760
4 11 1333210
5 1 1250100
5 3 82110
5 7 493990
5 6 903590
6 8 124400
6 7 251350
6 5 903590
6 11 167010
6 16 888390
7 6 251350
7 21 647360
7 5 493990
8 6 124400
8 10 23310
8 15 182170
9 12 104590
9 10 20820
10 15 1250180
10 8 23310
10 11 1319180
10 9 20820
11 4 1333210
11 6 167010
11 10 1319180
12 9 104590
12 14 387750
12 13 324250
12 15 747060
13 12 324250
13 15 732180
13 17 680800
13 16 436560
14 17 374840
14 12 387750
15 10 1250180
15 13 732180
15 12 747060
15 8 182170
16 23 753510
16 20 572500
16 6 888390
16 13 436560
17 14 374840
17 13 680800
17 19 80260
17 25 873400
18 22 87990
18 25 1205990
18 19 82070
19 17 80260
19 18 82070
19 22 58870
20 16 572500
20 25 1071720
20 23 551310
21 24 412820
21 23 209870
21 7 647360
22 18 87990
22 19 58870
23 21 209870
23 24 320090
23 16 753510
23 20 551310
24 21 412820
24 23 320090
25 20 1071720
25 18 1205990
25 17 873400
