0 4 196550
0 2 58110
1 2 859700
1 5 1357770
1 3 339390
2 1 859700
2 0 58110
2 4 1604920
3 4 565230
3 1 339390
3 5 162750
4 0 196550
4 3 565230
4 2 1604920
4 11 2373560
5 1 1357770
5 3 162750
5 7 494150
5 6 1028110
6 8 182750
6 7 338120
6 5 1028110
6 11 105680
6 16 918170
7 6 338120
7 21 1414860
7 5 494150
8 6 182750
8 10 190050
8 15 197510
9 12 115530
9 10 67980
10 15 2300210
10 8 190050
10 11 2344540
10 9 67980
11 4 2373560
11 6 105680
11 10 2344540
12 9 115530
12 14 668130
12 13 530690
12 15 640540
13 12 530690
13 15 1998060
13 17 1933600
13 16 969850
14 17 645680
14 12 668130
15 10 2300210
15 13 1998060
15 12 640540
15 8 197510
16 23 1257790
16 20 548490
16 6 918170
16 13 969850
17 14 645680
17 13 1933600
17 19 222820
17 25 1991350
18 22 94230
18 25 2897900
18 19 85920
19 17 222820
19 18 85920
19 22 86850
20 16 548490
20 25 2115960
20 23 1749410
21 24 534650
21 23 943750
21 7 1414860
22 18 94230
22 19 86850
23 21 943750
23 24 917780
23 16 1257790
23 20 1749410
24 21 534650
24 23 917780
25 20 2115960
25 18 2897900
25 17 1991350
