0 4 195330
0 2 35270
1 2 1302390
1 5 1436090
1 3 192700
2 1 1302390
2 0 35270
2 4 1388810
3 4 270920
3 1 192700
3 5 64200
4 0 195330
4 3 270920
4 2 1388810
4 11 1912550
5 1 1436090
5 3 64200
5 7 803810
5 6 729820
6 8 234930
6 7 622860
6 5 729820
6 11 308560
6 16 663210
7 6 622860
7 21 1003830
7 5 803810
8 6 234930
8 10 96280
8 15 211920
9 12 66000
9 10 77220
10 15 1766590
10 8 96280
10 11 1745770
10 9 77220
11 4 1912550
11 6 308560
11 10 1745770
12 9 66000
12 14 646200
12 13 204110
12 15 578000
13 12 204110
13 15 1485840
13 17 1423360
13 16 546070
14 17 790960
14 12 646200
15 10 1766590
15 13 1485840
15 12 578000
15 8 211920
16 23 827940
16 20 445380
16 6 663210
16 13 546070
17 14 790960
17 13 1423360
17 19 396780
17 25 1660780
18 22 76920
18 25 2267100
18 19 167120
19 17 396780
19 18 167120
19 22 169560
20 16 445380
20 25 1203560
20 23 704050
21 24 759360
21 23 384320
21 7 1003830
22 18 76920
22 19 169560
23 21 384320
23 24 544000
23 16 827940
23 20 704050
24 21 759360
24 23 544000
25 20 1203560
25 18 2267100
25 17 1660780
