0 4 109940
0 2 77300
1 2 677040
1 5 850900
1 3 77010
2 1 677040
2 0 77300
2 4 835210
3 4 163250
3 1 77010
3 5 39020
4 0 109940
4 3 163250
4 2 835210
4 11 1128270
5 1 850900
5 3 39020
5 7 256510
5 6 641090
6 8 359050
6 7 399080
6 5 641090
6 11 98680
6 16 500720
7 6 399080
7 21 755700
7 5 256510
8 6 359050
8 10 88860
8 15 215710
9 12 124630
9 10 108850
10 15 1026490
10 8 88860
10 11 1085150
10 9 108850
11 4 1128270
11 6 98680
11 10 1085150
12 9 124630
12 14 320290
12 13 320940
12 15 492860
13 12 320940
13 15 756890
13 17 800970
13 16 386410
14 17 405910
14 12 320290
15 10 1026490
15 13 756890
15 12 492860
15 8 215710
16 23 663080
16 20 290410
16 6 500720
16 13 386410
17 14 405910
17 13 800970
17 19 175860
17 25 809250
18 22 45420
18 25 1417200
18 19 21710
19 17 175860
19 18 21710
19 22 60140
20 16 290410
20 25 943890
20 23 679800
21 24 332950
21 23 420220
21 7 755700
22 18 45420
22 19 60140
23 21 420220
23 24 384790
23 16 663080
23 20 679800
24 21 332950
24 23 384790
25 20 943890
25 18 1417200
25 17 809250
