0 4 120490
0 2 49740
1 2 1172350
1 5 1565800
1 3 329270
2 1 1172350
2 0 49740
2 4 632220
3 4 412900
3 1 329270
3 5 60800
4 0 120490
4 3 412900
4 2 632220
4 11 1149500
5 1 1565800
5 3 60800
5 7 978560
5 6 795040
6 8 475230
6 7 553270
6 5 795040
6 11 115450
6 16 821440
7 6 553270
7 21 918310
7 5 978560
8 6 475230
8 10 109710
8 15 358730
9 12 95270
9 10 59710
10 15 1184160
10 8 109710
10 11 1218660
10 9 59710
11 4 1149500
11 6 115450
11 10 1218660
12 9 95270
12 14 596870
12 13 195500
12 15 653450
13 12 195500
13 15 976740
13 17 983520
13 16 460540
14 17 599640
14 12 596870
15 10 1184160
15 13 976740
15 12 653450
15 8 358730
16 23 704710
16 20 524860
16 6 821440
16 13 460540
17 14 599640
17 13 983520
17 19 172050
17 25 1124830
18 22 138270
18 25 1575680
18 19 123240
19 17 172050
19 18 123240
19 22 102010
20 16 524860
20 25 1110170
20 23 647200
21 24 437350
21 23 399650
21 7 918310
22 18 138270
22 19 102010
23 21 399650
23 24 434080
23 16 704710
23 20 647200
24 21 437350
24 23 434080
25 20 1110170
25 18 1575680
25 17 1124830
