0 4 567420
0 2 173750
1 2 2452050
1 5 3560330
1 3 869700
2 1 2452050
2 0 173750
2 4 2856210
3 4 836160
3 1 869700
3 5 275520
4 0 567420
4 3 836160
4 2 2856210
4 11 4551630
5 1 3560330
5 3 275520
5 7 1861040
5 6 2123970
6 8 848910
6 7 987290
6 5 2123970
6 11 339520
6 16 1900850
7 6 987290
7 21 2197740
7 5 1861040
8 6 848910
8 10 325410
8 15 782030
9 12 175080
9 10 189940
10 15 4261230
10 8 325410
10 11 4315890
10 9 189940
11 4 4551630
11 6 339520
11 10 4315890
12 9 175080
12 14 1171610
12 13 310180
12 15 2045230
13 12 310180
13 15 3123480
13 17 2767130
13 16 770740
14 17 1076370
14 12 1171610
15 10 4261230
15 13 3123480
15 12 2045230
15 8 782030
16 23 1421890
16 20 1473110
16 6 1900850
16 13 770740
17 14 1076370
17 13 2767130
17 19 360690
17 25 3104400
18 22 271060
18 25 4329830
18 19 144200
19 17 360690
19 18 144200
19 22 215420
20 16 1473110
20 25 2999780
20 23 1840390
21 24 1384330
21 23 1117220
21 7 2197740
22 18 271060
22 19 215420
23 21 1117220
23 24 1088400
23 16 1421890
23 20 1840390
24 21 1384330
24 23 1088400
25 20 2999780
25 18 4329830
25 17 3104400
