0 4 306490
0 2 134520
1 2 2101190
1 5 3625030
1 3 374370
2 1 2101190
2 0 134520
2 4 2372690
3 4 764680
3 1 374370
3 5 148970
4 0 306490
4 3 764680
4 2 2372690
4 11 3537390
5 1 3625030
5 3 148970
5 7 2029820
5 6 2091850
6 8 705450
6 7 1064210
6 5 2091850
6 11 506900
6 16 2186520
7 6 1064210
7 21 2686290
7 5 2029820
8 6 705450
8 10 231060
8 15 498040
9 12 222330
9 10 282540
10 15 3327100
10 8 231060
10 11 3416420
10 9 282540
11 4 3537390
11 6 506900
11 10 3416420
12 9 222330
12 14 2435820
12 13 1238790
12 15 1297080
13 12 1238790
13 15 2636770
13 17 2762520
13 16 2108730
14 17 2526210
14 12 2435820
15 10 3327100
15 13 2636770
15 12 1297080
15 8 498040
16 23 2940540
16 20 1599290
16 6 2186520
16 13 2108730
17 14 2526210
17 13 2762520
17 19 680300
17 25 3974870
18 22 227270
18 25 6891640
18 19 375970
19 17 680300
19 18 375970
19 22 507610
20 16 1599290
20 25 4429080
20 23 2987430
21 24 1527480
21 23 1196980
21 7 2686290
22 18 227270
22 19 507610
23 21 1196980
23 24 2011460
23 16 2940540
23 20 2987430
24 21 1527480
24 23 2011460
25 20 4429080
25 18 6891640
25 17 3974870
