0 4 472880
0 2 122940
1 2 3676040
1 5 4925990
1 3 482100
2 1 3676040
2 0 122940
2 4 2549800
3 4 701580
3 1 482100
3 5 507970
4 0 472880
4 3 701580
4 2 2549800
4 11 4237220
5 1 4925990
5 3 507970
5 7 2051790
5 6 4043360
6 8 2053780
6 7 1954390
6 5 4043360
6 11 669610
6 16 3674770
7 6 1954390
7 21 3232390
7 5 2051790
8 6 2053780
8 10 335130
8 15 1584970
9 12 888230
9 10 373500
10 15 3316630
10 8 335130
10 11 3859740
10 9 373500
11 4 4237220
11 6 669610
11 10 3859740
12 9 888230
12 14 1277780
12 13 1163330
12 15 1773010
13 12 1163330
13 15 3329810
13 17 3403410
13 16 2213490
14 17 1468070
14 12 1277780
15 10 3316630
15 13 3329810
15 12 1773010
15 8 1584970
16 23 3612010
16 20 2062040
16 6 3674770
16 13 2213490
17 14 1468070
17 13 3403410
17 19 576670
17 25 3536580
18 22 209090
18 25 7088400
18 19 200420
19 17 576670
19 18 200420
19 22 365810
20 16 2062040
20 25 5013740
20 23 2811010
21 24 1650300
21 23 1945200
21 7 3232390
22 18 209090
22 19 365810
23 21 1945200
23 24 1804180
23 16 3612010
23 20 2811010
24 21 1650300
24 23 1804180
25 20 5013740
25 18 7088400
25 17 3536580
