0 4 120060
0 2 83090
1 2 1034620
1 5 1053840
1 3 264290
2 1 1034620
2 0 83090
2 4 1069370
3 4 304750
3 1 264290
3 5 134770
4 0 120060
4 3 304750
4 2 1069370
4 11 1580740
5 1 1053840
5 3 134770
5 7 592100
5 6 608400
6 8 285480
6 7 335900
6 5 608400
6 11 112550
6 16 588060
7 6 335900
7 21 988040
7 5 592100
8 6 285480
8 10 38760
8 15 346420
9 12 140190
9 10 66660
10 15 1481780
10 8 38760
10 11 1559790
10 9 66660
11 4 1580740
11 6 112550
11 10 1559790
12 9 140190
12 14 278510
12 13 510900
12 15 703150
13 12 510900
13 15 1355540
13 17 1232520
13 16 936300
14 17 326410
14 12 278510
15 10 1481780
15 13 1355540
15 12 703150
15 8 346420
16 23 1082740
16 20 298390
16 6 588060
16 13 936300
17 14 326410
17 13 1232520
17 19 98570
17 25 1143080
18 22 184310
18 25 2231550
18 19 157070
19 17 98570
19 18 157070
19 22 72750
20 16 298390
20 25 1371580
20 23 1229600
21 24 489400
21 23 731870
21 7 988040
22 18 184310
22 19 72750
23 21 731870
23 24 744350
23 16 1082740
23 20 1229600
24 21 489400
24 23 744350
25 20 1371580
25 18 2231550
25 17 1143080
