0 4 341640
0 2 174550
1 2 2150500
1 5 3674660
1 3 198440
2 1 2150500
2 0 174550
2 4 2218700
3 4 182710
3 1 198440
3 5 275240
4 0 341640
4 3 182710
4 2 2218700
4 11 2766190
5 1 3674660
5 3 275240
5 7 1210270
5 6 2922410
6 8 497710
6 7 899780
6 5 2922410
6 11 346570
6 16 2813600
7 6 899780
7 21 1624640
7 5 1210270
8 6 497710
8 10 228520
8 15 442920
9 12 305120
9 10 168340
10 15 2642320
10 8 228520
10 11 2764470
10 9 168340
11 4 2766190
11 6 346570
11 10 2764470
12 9 305120
12 14 868210
12 13 544930
12 15 955830
13 12 544930
13 15 2254440
13 17 2097990
13 16 1097160
14 17 724180
14 12 868210
15 10 2642320
15 13 2254440
15 12 955830
15 8 442920
16 23 2010410
16 20 2077780
16 6 2813600
16 13 1097160
17 14 724180
17 13 2097990
17 19 340190
17 25 2069510
18 22 228990
18 25 3910140
18 19 125270
19 17 340190
19 18 125270
19 22 79620
20 16 2077780
20 25 3266610
20 23 1521710
21 24 934430
21 23 586420
21 7 1624640
22 18 228990
22 19 79620
23 21 586420
23 24 1187560
23 16 2010410
23 20 1521710
24 21 934430
24 23 1187560
25 20 3266610
25 18 3910140
25 17 2069510
