0 4 215820
0 2 75720
1 2 1172740
1 5 1886450
1 3 267000
2 1 1172740
2 0 75720
2 4 1219940
3 4 335900
3 1 267000
3 5 152160
4 0 215820
4 3 335900
4 2 1219940
4 11 1960020
5 1 1886450
5 3 152160
5 7 958780
5 6 1239510
6 8 316210
6 7 601410
6 5 1239510
6 11 379040
6 16 1098430
7 6 601410
7 21 1862730
7 5 958780
8 6 316210
8 10 27380
8 15 347250
9 12 83700
9 10 125580
10 15 1709400
10 8 27380
10 11 1741820
10 9 125580
11 4 1960020
11 6 379040
11 10 1741820
12 9 83700
12 14 460420
12 13 244190
12 15 497600
13 12 244190
13 15 1485890
13 17 1373190
13 16 659600
14 17 426590
14 12 460420
15 10 1709400
15 13 1485890
15 12 497600
15 8 347250
16 23 1067390
16 20 634000
16 6 1098430
16 13 659600
17 14 426590
17 13 1373190
17 19 227870
17 25 1433240
18 22 120240
18 25 3040990
18 19 125960
19 17 227870
19 18 125960
19 22 76260
20 16 634000
20 25 2011030
20 23 1524750
21 24 965260
21 23 955550
21 7 1862730
22 18 120240
22 19 76260
23 21 955550
23 24 739000
23 16 1067390
23 20 1524750
24 21 965260
24 23 739000
25 20 2011030
25 18 3040990
25 17 1433240
