0 4 603950
0 2 232750
1 2 3237560
1 5 3522200
1 3 783860
2 1 3237560
2 0 232750
2 4 3737470
3 4 952560
3 1 783860
3 5 356090
4 0 603950
4 3 952560
4 2 3737470
4 11 5571920
5 1 3522200
5 3 356090
5 7 1700280
5 6 2441250
6 8 1272760
6 7 1607640
6 5 2441250
6 11 591220
6 16 2425490
7 6 1607640
7 21 3621670
7 5 1700280
8 6 1272760
8 10 216390
8 15 1280980
9 12 512840
9 10 137790
10 15 5184860
10 8 216390
10 11 5269820
10 9 137790
11 4 5571920
11 6 591220
11 10 5269820
12 9 512840
12 14 1879200
12 13 477590
12 15 2706750
13 12 477590
13 15 3701220
13 17 3753910
13 16 1376360
14 17 1943390
14 12 1879200
15 10 5184860
15 13 3701220
15 12 2706750
15 8 1280980
16 23 2483120
16 20 1399730
16 6 2425490
16 13 1376360
17 14 1943390
17 13 3753910
17 19 503430
17 25 4434520
18 22 633980
18 25 7042750
18 19 406130
19 17 503430
19 18 406130
19 22 278410
20 16 1399730
20 25 4268140
20 23 3079830
21 24 1820160
21 23 2300510
21 7 3621670
22 18 633980
22 19 278410
23 21 2300510
23 24 2255770
23 16 2483120
23 20 3079830
24 21 1820160
24 23 2255770
25 20 4268140
25 18 7042750
25 17 4434520
