0 4 97830
0 2 25250
1 2 773830
1 5 1145920
1 3 64720
2 1 773830
2 0 25250
2 4 923560
3 4 73990
3 1 64720
3 5 16730
4 0 97830
4 3 73990
4 2 923560
4 11 1292620
5 1 1145920
5 3 16730
5 7 642210
5 6 619210
6 8 159750
6 7 330910
6 5 619210
6 11 190070
6 16 561250
7 6 330910
7 21 819080
7 5 642210
8 6 159750
8 10 52470
8 15 139020
9 12 174860
9 10 29700
10 15 1305670
10 8 52470
10 11 1301980
10 9 29700
11 4 1292620
11 6 190070
11 10 1301980
12 9 174860
12 14 300550
12 13 360920
12 15 258310
13 12 360920
13 15 1103560
13 17 1100320
13 16 575250
14 17 275400
14 12 300550
15 10 1305670
15 13 1103560
15 12 258310
15 8 139020
16 23 703640
16 20 436170
16 6 561250
16 13 575250
17 14 275400
17 13 1100320
17 19 208660
17 25 1075800
18 22 23170
18 25 1363200
18 19 52730
19 17 208660
19 18 52730
19 22 99880
20 16 436170
20 25 1056980
20 23 737260
21 24 512870
21 23 266160
21 7 819080
22 18 23170
22 19 99880
23 21 266160
23 24 567430
23 16 703640
23 20 737260
24 21 512870
24 23 567430
25 20 1056980
25 18 1363200
25 17 1075800
