0 4 403460
0 2 88690
1 2 3287220
1 5 3671240
1 3 941300
2 1 3287220
2 0 88690
2 4 3495900
3 4 1045100
3 1 941300
3 5 351930
4 0 403460
4 3 1045100
4 2 3495900
4 11 5066520
5 1 3671240
5 3 351930
5 7 1771010
5 6 2569950
6 8 1017750
6 7 1096670
6 5 2569950
6 11 475350
6 16 2447700
7 6 1096670
7 21 3118720
7 5 1771010
8 6 1017750
8 10 493460
8 15 777730
9 12 331730
9 10 252460
10 15 4691520
10 8 493460
10 11 4819680
10 9 252460
11 4 5066520
11 6 475350
11 10 4819680
12 9 331730
12 14 1110570
12 13 618520
12 15 1607920
13 12 618520
13 15 3940520
13 17 3824770
13 16 1446570
14 17 1184380
14 12 1110570
15 10 4691520
15 13 3940520
15 12 1607920
15 8 777730
16 23 2147380
16 20 1809250
16 6 2447700
16 13 1446570
17 14 1184380
17 13 3824770
17 19 751530
17 25 3448510
18 22 193350
18 25 5810340
18 19 509180
19 17 751530
19 18 509180
19 22 437390
20 16 1809250
20 25 4765540
20 23 3185990
21 24 1331930
21 23 1687330
21 7 3118720
22 18 193350
22 19 437390
23 21 1687330
23 24 2117910
23 16 2147380
23 20 3185990
24 21 1331930
24 23 2117910
25 20 4765540
25 18 5810340
25 17 3448510
