0 4 454900
0 2 60000
1 2 2943870
1 5 4274010
1 3 357940
2 1 2943870
2 0 60000
2 4 3389920
3 4 536280
3 1 357940
3 5 326400
4 0 454900
4 3 536280
4 2 3389920
4 11 4551040
5 1 4274010
5 3 326400
5 7 2364410
5 6 2695690
6 8 907310
6 7 1154360
6 5 2695690
6 11 592850
6 16 2383070
7 6 1154360
7 21 3531580
7 5 2364410
8 6 907310
8 10 224630
8 15 739710
9 12 260380
9 10 217400
10 15 4855840
10 8 224630
10 11 4578830
10 9 217400
11 4 4551040
11 6 592850
11 10 4578830
12 9 260380
12 14 2002430
12 13 302790
12 15 1280950
13 12 302790
13 15 4623590
13 17 4185590
13 16 1269340
14 17 2250310
14 12 2002430
15 10 4855840
15 13 4623590
15 12 1280950
15 8 739710
16 23 2074350
16 20 1355480
16 6 2383070
16 13 1269340
17 14 2250310
17 13 4185590
17 19 836880
17 25 5182230
18 22 314660
18 25 7011990
18 19 275420
19 17 836880
19 18 275420
19 22 426930
20 16 1355480
20 25 3801820
20 23 2524090
21 24 2065630
21 23 1640350
21 7 3531580
22 18 314660
22 19 426930
23 21 1640350
23 24 1650570
23 16 2074350
23 20 2524090
24 21 2065630
24 23 1650570
25 20 3801820
25 18 7011990
25 17 5182230
