0 4 91830
0 2 57420
1 2 683470
1 5 1153910
1 3 67600
2 1 683470
2 0 57420
2 4 850530
3 4 74680
3 1 67600
3 5 29820
4 0 91830
4 3 74680
4 2 850530
4 11 1105520
5 1 1153910
5 3 29820
5 7 458770
5 6 875480
6 8 310550
6 7 381360
6 5 875480
6 11 98840
6 16 873600
7 6 381360
7 21 648640
7 5 458770
8 6 310550
8 10 116220
8 15 333820
9 12 91120
9 10 65860
10 15 1077400
10 8 116220
10 11 1135340
10 9 65860
11 4 1105520
11 6 98840
11 10 1135340
12 9 91120
12 14 462330
12 13 172830
12 15 409150
13 12 172830
13 15 1038760
13 17 1055200
13 16 419620
14 17 493830
14 12 462330
15 10 1077400
15 13 1038760
15 12 409150
15 8 333820
16 23 730360
16 20 440610
16 6 873600
16 13 419620
17 14 493830
17 13 1055200
17 19 181430
17 25 1185900
18 22 77610
18 25 1496610
18 19 50880
19 17 181430
19 18 50880
19 22 48550
20 16 440610
20 25 997400
20 23 625140
21 24 430800
21 23 358920
21 7 648640
22 18 77610
22 19 48550
23 21 358920
23 24 343740
23 16 730360
23 20 625140
24 21 430800
24 23 343740
25 20 997400
25 18 1496610
25 17 1185900
