0 4 292300
0 2 47720
1 2 1204830
1 5 1452280
1 3 426820
2 1 1204830
2 0 47720
2 4 1673900
3 4 526920
3 1 426820
3 5 143810
4 0 292300
4 3 526920
4 2 1673900
4 11 2515950
5 1 1452280
5 3 143810
5 7 670020
5 6 1176070
6 8 429390
6 7 564500
6 5 1176070
6 11 229540
6 16 1059880
7 6 564500
7 21 980470
7 5 670020
8 6 429390
8 10 153630
8 15 408810
9 12 205690
9 10 134520
10 15 2285860
10 8 153630
10 11 2342070
10 9 134520
11 4 2515950
11 6 229540
11 10 2342070
12 9 205690
12 14 826820
12 13 419040
12 15 1176270
13 12 419040
13 15 1519340
13 17 1339610
13 16 983370
14 17 965690
14 12 826820
15 10 2285860
15 13 1519340
15 12 1176270
15 8 408810
16 23 1525930
16 20 668880
16 6 1059880
16 13 983370
17 14 965690
17 13 1339610
17 19 248820
17 25 1794770
18 22 264160
18 25 2419990
18 19 134760
19 17 248820
19 18 134760
19 22 122480
20 16 668880
20 25 1619950
20 23 1205780
21 24 615110
21 23 526910
21 7 980470
22 18 264160
22 19 122480
23 21 526910
23 24 701500
23 16 1525930
23 20 1205780
24 21 615110
24 23 701500
25 20 1619950
25 18 2419990
25 17 1794770
