0 4 246030
0 2 173200
1 2 1796050
1 5 3011660
1 3 565360
2 1 1796050
2 0 173200
2 4 2585220
3 4 594210
3 1 565360
3 5 189980
4 0 246030
4 3 594210
4 2 2585220
4 11 3486210
5 1 3011660
5 3 189980
5 7 1095240
5 6 2101230
6 8 528670
6 7 693430
6 5 2101230
6 11 312990
6 16 1989210
7 6 693430
7 21 2286800
7 5 1095240
8 6 528670
8 10 207970
8 15 564640
9 12 265010
9 10 94270
10 15 2920600
10 8 207970
10 11 3157230
10 9 94270
11 4 3486210
11 6 312990
11 10 3157230
12 9 265010
12 14 649680
12 13 509520
12 15 773420
13 12 509520
13 15 2700500
13 17 2489120
13 16 1037360
14 17 603930
14 12 649680
15 10 2920600
15 13 2700500
15 12 773420
15 8 564640
16 23 1778580
16 20 1164620
16 6 1989210
16 13 1037360
17 14 603930
17 13 2489120
17 19 364880
17 25 2297690
18 22 300450
18 25 3858550
18 19 142700
19 17 364880
19 18 142700
19 22 107630
20 16 1164620
20 25 3111680
20 23 2222640
21 24 915360
21 23 1449310
21 7 2286800
22 18 300450
22 19 107630
23 21 1449310
23 24 1112360
23 16 1778580
23 20 2222640
24 21 915360
24 23 1112360
25 20 3111680
25 18 3858550
25 17 2297690
