0 4 57810
0 2 21380
1 2 796490
1 5 1434710
1 3 107860
2 1 796490
2 0 21380
2 4 919660
3 4 162970
3 1 107860
3 5 39320
4 0 57810
4 3 162970
4 2 919660
4 11 1134500
5 1 1434710
5 3 39320
5 7 765550
5 6 835300
6 8 78260
6 7 239610
6 5 835300
6 11 197940
6 16 889100
7 6 239610
7 21 1099280
7 5 765550
8 6 78260
8 10 68750
8 15 67410
9 12 149560
9 10 39400
10 15 972970
10 8 68750
10 11 1016250
10 9 39400
11 4 1134500
11 6 197940
11 10 1016250
12 9 149560
12 14 427610
12 13 178180
12 15 354990
13 12 178180
13 15 695630
13 17 663810
13 16 393140
14 17 461810
14 12 427610
15 10 972970
15 13 695630
15 12 354990
15 8 67410
16 23 626120
16 20 671510
16 6 889100
16 13 393140
17 14 461810
17 13 663810
17 19 179310
17 25 856800
18 22 101380
18 25 1829700
18 19 53700
19 17 179310
19 18 53700
19 22 50540
20 16 671510
20 25 1498430
20 23 888610
21 24 560490
21 23 595850
21 7 1099280
22 18 101380
22 19 50540
23 21 595850
23 24 457580
23 16 626120
23 20 888610
24 21 560490
24 23 457580
25 20 1498430
25 18 1829700
25 17 856800
