0 4 205740
0 2 111520
1 2 977530
1 5 1258940
1 3 383660
2 1 977530
2 0 111520
2 4 1192940
3 4 437290
3 1 383660
3 5 119980
4 0 205740
4 3 437290
4 2 1192940
4 11 2041970
5 1 1258940
5 3 119980
5 7 679550
5 6 834560
6 8 449500
6 7 628830
6 5 834560
6 11 317030
6 16 788170
7 6 628830
7 21 973210
7 5 679550
8 6 449500
8 10 115300
8 15 399550
9 12 128770
9 10 78870
10 15 1755190
10 8 115300
10 11 1797030
10 9 78870
11 4 2041970
11 6 317030
11 10 1797030
12 9 128770
12 14 365360
12 13 276270
12 15 724740
13 12 276270
13 15 1447640
13 17 1397020
13 16 709850
14 17 385200
14 12 365360
15 10 1755190
15 13 1447640
15 12 724740
15 8 399550
16 23 987070
16 20 569130
16 6 788170
16 13 709850
17 14 385200
17 13 1397020
17 19 266060
17 25 1134610
18 22 74790
18 25 2377380
18 19 113090
19 17 266060
19 18 113090
19 22 142080
20 16 569130
20 25 1300680
20 23 876790
21 24 713050
21 23 390130
21 7 973210
22 18 74790
22 19 142080
23 21 390130
23 24 844570
23 16 987070
23 20 876790
24 21 713050
24 23 844570
25 20 1300680
25 18 2377380
25 17 1134610
