0 4 599610
0 2 122830
1 2 2436460
1 5 3759890
1 3 509330
2 1 2436460
2 0 122830
2 4 2151480
3 4 461130
3 1 509330
3 5 205250
4 0 599610
4 3 461130
4 2 2151480
4 11 3369590
5 1 3759890
5 3 205250
5 7 1070420
5 6 2983670
6 8 313160
6 7 923080
6 5 2983670
6 11 681990
6 16 2907730
7 6 923080
7 21 3226620
7 5 1070420
8 6 313160
8 10 155570
8 15 335310
9 12 170510
9 10 194580
10 15 3106980
10 8 155570
10 11 3156070
10 9 194580
11 4 3369590
11 6 681990
11 10 3156070
12 9 170510
12 14 472480
12 13 591990
12 15 881860
13 12 591990
13 15 2874930
13 17 2473620
13 16 1292560
14 17 559600
14 12 472480
15 10 3106980
15 13 2874930
15 12 881860
15 8 335310
16 23 2619950
16 20 1539550
16 6 2907730
16 13 1292560
17 14 559600
17 13 2473620
17 19 427560
17 25 2419140
18 22 326160
18 25 5291460
18 19 213990
19 17 427560
19 18 213990
19 22 301930
20 16 1539550
20 25 4397580
20 23 3093760
21 24 1410850
21 23 1929490
21 7 3226620
22 18 326160
22 19 301930
23 21 1929490
23 24 1308200
23 16 2619950
23 20 3093760
24 21 1410850
24 23 1308200
25 20 4397580
25 18 5291460
25 17 2419140
