0 4 155510
0 2 74060
1 2 1164080
1 5 1311300
1 3 282530
2 1 1164080
2 0 74060
2 4 2315960
3 4 327180
3 1 282530
3 5 21630
4 0 155510
4 3 327180
4 2 2315960
4 11 2915640
5 1 1311300
5 3 21630
5 7 589010
5 6 899960
6 8 383640
6 7 597600
6 5 899960
6 11 276060
6 16 874810
7 6 597600
7 21 1997540
7 5 589010
8 6 383640
8 10 81250
8 15 411740
9 12 177490
9 10 55500
10 15 2660170
10 8 81250
10 11 2791820
10 9 55500
11 4 2915640
11 6 276060
11 10 2791820
12 9 177490
12 14 1245160
12 13 538480
12 15 1167220
13 12 538480
13 15 2049990
13 17 1968340
13 16 868540
14 17 1211400
14 12 1245160
15 10 2660170
15 13 2049990
15 12 1167220
15 8 411740
16 23 1446450
16 20 362770
16 6 874810
16 13 868540
17 14 1211400
17 13 1968340
17 19 315100
17 25 2785220
18 22 102460
18 25 3605440
18 19 173340
19 17 315100
19 18 173340
19 22 165450
20 16 362770
20 25 1989630
20 23 1528970
21 24 643200
21 23 1297490
21 7 1997540
22 18 102460
22 19 165450
23 21 1297490
23 24 1031670
23 16 1446450
23 20 1528970
24 21 643200
24 23 1031670
25 20 1989630
25 18 3605440
25 17 2785220
