0 4 161580
0 2 49900
1 2 1280870
1 5 1936980
1 3 323530
2 1 1280870
2 0 49900
2 4 1325410
3 4 360650
3 1 323530
3 5 202430
4 0 161580
4 3 360650
4 2 1325410
4 11 1939100
5 1 1936980
5 3 202430
5 7 917690
5 6 1394680
6 8 448230
6 7 489390
6 5 1394680
6 11 259660
6 16 1291770
7 6 489390
7 21 1543890
7 5 917690
8 6 448230
8 10 76690
8 15 364460
9 12 323480
9 10 61520
10 15 1899330
10 8 76690
10 11 1954600
10 9 61520
11 4 1939100
11 6 259660
11 10 1954600
12 9 323480
12 14 964110
12 13 287630
12 15 659760
13 12 287630
13 15 1627750
13 17 1640290
13 16 700310
14 17 931120
14 12 964110
15 10 1899330
15 13 1627750
15 12 659760
15 8 364460
16 23 1322700
16 20 743960
16 6 1291770
16 13 700310
17 14 931120
17 13 1640290
17 19 374000
17 25 1923710
18 22 104360
18 25 2743830
18 19 175870
19 17 374000
19 18 175870
19 22 223380
20 16 743960
20 25 1758120
20 23 1170600
21 24 830130
21 23 720720
21 7 1543890
22 18 104360
22 19 223380
23 21 720720
23 24 959720
23 16 1322700
23 20 1170600
24 21 830130
24 23 959720
25 20 1758120
25 18 2743830
25 17 1923710
