0 4 547620
0 2 9760
1 2 1630340
1 5 3299260
1 3 741690
2 1 1630340
2 0 9760
2 4 1947860
3 4 764580
3 1 741690
3 5 292170
4 0 547620
4 3 764580
4 2 1947860
4 11 3749330
5 1 3299260
5 3 292170
5 7 1440620
5 6 2470040
6 8 604780
6 7 1125410
6 5 2470040
6 11 619790
6 16 2377430
7 6 1125410
7 21 3167330
7 5 1440620
8 6 604780
8 10 136110
8 15 496560
9 12 324730
9 10 123230
10 15 3503340
10 8 136110
10 11 3377720
10 9 123230
11 4 3749330
11 6 619790
11 10 3377720
12 9 324730
12 14 735820
12 13 645290
12 15 1353350
13 12 645290
13 15 2863210
13 17 2499120
13 16 1500170
14 17 785440
14 12 735820
15 10 3503340
15 13 2863210
15 12 1353350
15 8 496560
16 23 2409970
16 20 1485760
16 6 2377430
16 13 1500170
17 14 785440
17 13 2499120
17 19 284080
17 25 2500290
18 22 198370
18 25 4452140
18 19 198040
19 17 284080
19 18 198040
19 22 74500
20 16 1485760
20 25 3628160
20 23 2310390
21 24 1262530
21 23 2012280
21 7 3167330
22 18 198370
22 19 74500
23 21 2012280
23 24 1259150
23 16 2409970
23 20 2310390
24 21 1262530
24 23 1259150
25 20 3628160
25 18 4452140
25 17 2500290
