0 4 140240
0 2 27360
1 2 1011350
1 5 1344050
1 3 62980
2 1 1011350
2 0 27360
2 4 831130
3 4 113110
3 1 62980
3 5 33970
4 0 140240
4 3 113110
4 2 831130
4 11 1178370
5 1 1344050
5 3 33970
5 7 460350
5 6 1022200
6 8 284710
6 7 389060
6 5 1022200
6 11 114300
6 16 987760
7 6 389060
7 21 943570
7 5 460350
8 6 284710
8 10 111390
8 15 270750
9 12 75940
9 10 54950
10 15 1064700
10 8 111390
10 11 1163050
10 9 54950
11 4 1178370
11 6 114300
11 10 1163050
12 9 75940
12 14 470240
12 13 372130
12 15 367060
13 12 372130
13 15 1153590
13 17 1060180
13 16 675550
14 17 462160
14 12 470240
15 10 1064700
15 13 1153590
15 12 367060
15 8 270750
16 23 959230
16 20 553240
16 6 987760
16 13 675550
17 14 462160
17 13 1060180
17 19 95710
17 25 1164030
18 22 79240
18 25 1790960
18 19 74130
19 17 95710
19 18 74130
19 22 41350
20 16 553240
20 25 1617080
20 23 1049800
21 24 502340
21 23 535210
21 7 943570
22 18 79240
22 19 41350
23 21 535210
23 24 506070
23 16 959230
23 20 1049800
24 21 502340
24 23 506070
25 20 1617080
25 18 1790960
25 17 1164030
