0 4 508890
0 2 83360
1 2 3425230
1 5 5299350
1 3 514150
2 1 3425230
2 0 83360
2 4 3570880
3 4 611630
3 1 514150
3 5 281570
4 0 508890
4 3 611630
4 2 3570880
4 11 4662160
5 1 5299350
5 3 281570
5 7 2094660
5 6 3480030
6 8 1076860
6 7 1901310
6 5 3480030
6 11 737510
6 16 3248630
7 6 1901310
7 21 3362540
7 5 2094660
8 6 1076860
8 10 271220
8 15 957080
9 12 595140
9 10 324370
10 15 4039700
10 8 271220
10 11 4351360
10 9 324370
11 4 4662160
11 6 737510
11 10 4351360
12 9 595140
12 14 1532890
12 13 628580
12 15 1326440
13 12 628580
13 15 3964460
13 17 3742310
13 16 1666100
14 17 1462840
14 12 1532890
15 10 4039700
15 13 3964460
15 12 1326440
15 8 957080
16 23 2521750
16 20 1942250
16 6 3248630
16 13 1666100
17 14 1462840
17 13 3742310
17 19 536440
17 25 4050020
18 22 367030
18 25 6242560
18 19 255630
19 17 536440
19 18 255630
19 22 230910
20 16 1942250
20 25 4943120
20 23 3217340
21 24 1918530
21 23 1638050
21 7 3362540
22 18 367030
22 19 230910
23 21 1638050
23 24 2057790
23 16 2521750
23 20 3217340
24 21 1918530
24 23 2057790
25 20 4943120
25 18 6242560
25 17 4050020
