0 4 66850
0 2 72820
1 2 808270
1 5 963060
1 3 232510
2 1 808270
2 0 72820
2 4 628220
3 4 254010
3 1 232510
3 5 79720
4 0 66850
4 3 254010
4 2 628220
4 11 985080
5 1 963060
5 3 79720
5 7 583600
5 6 463040
6 8 138190
6 7 289060
6 5 463040
6 11 77880
6 16 478180
7 6 289060
7 21 802070
7 5 583600
8 6 138190
8 10 39080
8 15 63910
9 12 43110
9 10 35480
10 15 932160
10 8 39080
10 11 956780
10 9 35480
11 4 985080
11 6 77880
11 10 956780
12 9 43110
12 14 273050
12 13 200960
12 15 303680
13 12 200960
13 15 741970
13 17 982760
13 16 489870
14 17 416940
14 12 273050
15 10 932160
15 13 741970
15 12 303680
15 8 63910
16 23 600510
16 20 275650
16 6 478180
16 13 489870
17 14 416940
17 13 982760
17 19 88330
17 25 1013100
18 22 51980
18 25 1475160
18 19 86360
19 17 88330
19 18 86360
19 22 30660
20 16 275650
20 25 975190
20 23 733150
21 24 390540
21 23 350190
21 7 802070
22 18 51980
22 19 30660
23 21 350190
23 24 437240
23 16 600510
23 20 733150
24 21 390540
24 23 437240
25 20 975190
25 18 1475160
25 17 1013100
