0 4 164470
0 2 8960
1 2 529950
1 5 600820
1 3 189310
2 1 529950
2 0 8960
2 4 570240
3 4 210410
3 1 189310
3 5 41930
4 0 164470
4 3 210410
4 2 570240
4 11 940350
5 1 600820
5 3 41930
5 7 261620
5 6 481900
6 8 131540
6 7 245570
6 5 481900
6 11 134020
6 16 432000
7 6 245570
7 21 678000
7 5 261620
8 6 131540
8 10 51580
8 15 102500
9 12 33780
9 10 90580
10 15 773080
10 8 51580
10 11 847720
10 9 90580
11 4 940350
11 6 134020
11 10 847720
12 9 33780
12 14 302860
12 13 241530
12 15 399650
13 12 241530
13 15 464950
13 17 457860
13 16 428150
14 17 313080
14 12 302860
15 10 773080
15 13 464950
15 12 399650
15 8 102500
16 23 554510
16 20 328510
16 6 432000
16 13 428150
17 14 313080
17 13 457860
17 19 34570
17 25 590810
18 22 28510
18 25 1105610
18 19 34770
19 17 34570
19 18 34770
19 22 18280
20 16 328510
20 25 1038430
20 23 704220
21 24 299910
21 23 378270
21 7 678000
22 18 28510
22 19 18280
23 21 378270
23 24 355520
23 16 554510
23 20 704220
24 21 299910
24 23 355520
25 20 1038430
25 18 1105610
25 17 590810
