0 4 124170
0 2 26870
1 2 550140
1 5 661190
1 3 185850
2 1 550140
2 0 26870
2 4 666790
3 4 200740
3 1 185850
3 5 82460
4 0 124170
4 3 200740
4 2 666790
4 11 1040150
5 1 661190
5 3 82460
5 7 326900
5 6 487240
6 8 200680
6 7 229650
6 5 487240
6 11 113550
6 16 457520
7 6 229650
7 21 491030
7 5 326900
8 6 200680
8 10 7800
8 15 273280
9 12 81730
9 10 39540
10 15 1077310
10 8 7800
10 11 1049280
10 9 39540
11 4 1040150
11 6 113550
11 10 1049280
12 9 81730
12 14 244030
12 13 229230
12 15 367010
13 12 229230
13 15 897520
13 17 876030
13 16 416150
14 17 309840
14 12 244030
15 10 1077310
15 13 897520
15 12 367010
15 8 273280
16 23 543790
16 20 321210
16 6 457520
16 13 416150
17 14 309840
17 13 876030
17 19 146980
17 25 830810
18 22 87240
18 25 1092820
18 19 33910
19 17 146980
19 18 33910
19 22 110060
20 16 321210
20 25 791400
20 23 508060
21 24 284570
21 23 226190
21 7 491030
22 18 87240
22 19 110060
23 21 226190
23 24 394220
23 16 543790
23 20 508060
24 21 284570
24 23 394220
25 20 791400
25 18 1092820
25 17 830810
