0 4 166430
0 2 34350
1 2 553220
1 5 608660
1 3 195220
2 1 553220
2 0 34350
2 4 998980
3 4 219620
3 1 195220
3 5 80320
4 0 166430
4 3 219620
4 2 998980
4 11 1466780
5 1 608660
5 3 80320
5 7 256260
5 6 447510
6 8 72620
6 7 271600
6 5 447510
6 11 208140
6 16 395440
7 6 271600
7 21 703520
7 5 256260
8 6 72620
8 10 56110
8 15 61970
9 12 101000
9 10 27250
10 15 1386170
10 8 56110
10 11 1285210
10 9 27250
11 4 1466780
11 6 208140
11 10 1285210
12 9 101000
12 14 375850
12 13 357750
12 15 412600
13 12 357750
13 15 1055570
13 17 1019840
13 16 582650
14 17 427230
14 12 375850
15 10 1386170
15 13 1055570
15 12 412600
15 8 61970
16 23 694610
16 20 297760
16 6 395440
16 13 582650
17 14 427230
17 13 1019840
17 19 213930
17 25 1096900
18 22 78690
18 25 1574980
18 19 46370
19 17 213930
19 18 46370
19 22 106220
20 16 297760
20 25 814900
20 23 601420
21 24 322980
21 23 412410
21 7 703520
22 18 78690
22 19 106220
23 21 412410
23 24 404300
23 16 694610
23 20 601420
24 21 322980
24 23 404300
25 20 814900
25 18 1574980
25 17 1096900
