0 4 99400
0 2 24640
1 2 619780
1 5 965660
1 3 159830
2 1 619780
2 0 24640
2 4 775220
3 4 180500
3 1 159830
3 5 72180
4 0 99400
4 3 180500
4 2 775220
4 11 1182360
5 1 965660
5 3 72180
5 7 386440
5 6 744120
6 8 200580
6 7 307430
6 5 744120
6 11 106590
6 16 785760
7 6 307430
7 21 710470
7 5 386440
8 6 200580
8 10 58660
8 15 217390
9 12 204580
9 10 69800
10 15 1093990
10 8 58660
10 11 1151540
10 9 69800
11 4 1182360
11 6 106590
11 10 1151540
12 9 204580
12 14 403720
12 13 257700
12 15 533400
13 12 257700
13 15 886140
13 17 824300
13 16 486980
14 17 393630
14 12 403720
15 10 1093990
15 13 886140
15 12 533400
15 8 217390
16 23 693870
16 20 592800
16 6 785760
16 13 486980
17 14 393630
17 13 824300
17 19 246340
17 25 730300
18 22 54400
18 25 1130520
18 19 59660
19 17 246340
19 18 59660
19 22 116570
20 16 592800
20 25 1230480
20 23 628810
21 24 562110
21 23 231350
21 7 710470
22 18 54400
22 19 116570
23 21 231350
23 24 539980
23 16 693870
23 20 628810
24 21 562110
24 23 539980
25 20 1230480
25 18 1130520
25 17 730300
