0 4 113020
0 2 53610
1 2 831140
1 5 1117850
1 3 127030
2 1 831140
2 0 53610
2 4 699960
3 4 176070
3 1 127030
3 5 52920
4 0 113020
4 3 176070
4 2 699960
4 11 1071890
5 1 1117850
5 3 52920
5 7 521100
5 6 751240
6 8 383370
6 7 441240
6 5 751240
6 11 102070
6 16 706070
7 6 441240
7 21 990340
7 5 521100
8 6 383370
8 10 136930
8 15 292300
9 12 112330
9 10 30250
10 15 902230
10 8 136930
10 11 1012960
10 9 30250
11 4 1071890
11 6 102070
11 10 1012960
12 9 112330
12 14 549610
12 13 73260
12 15 445230
13 12 73260
13 15 869660
13 17 838690
13 16 271000
14 17 513960
14 12 549610
15 10 902230
15 13 869660
15 12 445230
15 8 292300
16 23 576060
16 20 279950
16 6 706070
16 13 271000
17 14 513960
17 13 838690
17 19 206960
17 25 972530
18 22 83900
18 25 1562520
18 19 71680
19 17 206960
19 18 71680
19 22 124890
20 16 279950
20 25 1031780
20 23 758750
21 24 469140
21 23 480330
21 7 990340
22 18 83900
22 19 124890
23 21 480330
23 24 353010
23 16 576060
23 20 758750
24 21 469140
24 23 353010
25 20 1031780
25 18 1562520
25 17 972530
