0 4 317490
0 2 128670
1 2 1885450
1 5 3765440
1 3 336790
2 1 1885450
2 0 128670
2 4 2160200
3 4 623860
3 1 336790
3 5 230940
4 0 317490
4 3 623860
4 2 2160200
4 11 3205090
5 1 3765440
5 3 230940
5 7 1855980
5 6 2450900
6 8 757760
6 7 1066590
6 5 2450900
6 11 381570
6 16 2648370
7 6 1066590
7 21 2842140
7 5 1855980
8 6 757760
8 10 214700
8 15 531670
9 12 190200
9 10 348280
10 15 3089920
10 8 214700
10 11 3120320
10 9 348280
11 4 3205090
11 6 381570
11 10 3120320
12 9 190200
12 14 2295110
12 13 1016860
12 15 1345670
13 12 1016860
13 15 2511440
13 17 2589130
13 16 1750760
14 17 2374800
14 12 2295110
15 10 3089920
15 13 2511440
15 12 1345670
15 8 531670
16 23 2866980
16 20 1778410
16 6 2648370
16 13 1750760
17 14 2374800
17 13 2589130
17 19 678710
17 25 3713140
18 22 294410
18 25 6905990
18 19 384990
19 17 678710
19 18 384990
19 22 406160
20 16 1778410
20 25 4503150
20 23 3054410
21 24 1547740
21 23 1348830
21 7 2842140
22 18 294410
22 19 406160
23 21 1348830
23 24 1843250
23 16 2866980
23 20 3054410
24 21 1547740
24 23 1843250
25 20 4503150
25 18 6905990
25 17 3713140
