0 4 150560
0 2 21320
1 2 559220
1 5 949300
1 3 193940
2 1 559220
2 0 21320
2 4 580280
3 4 192090
3 1 193940
3 5 32260
4 0 150560
4 3 192090
4 2 580280
4 11 984920
5 1 949300
5 3 32260
5 7 321300
5 6 737610
6 8 227400
6 7 352240
6 5 737610
6 11 179130
6 16 649620
7 6 352240
7 21 686530
7 5 321300
8 6 227400
8 10 99380
8 15 213870
9 12 65690
9 10 93770
10 15 878610
10 8 99380
10 11 864500
10 9 93770
11 4 984920
11 6 179130
11 10 864500
12 9 65690
12 14 244140
12 13 110330
12 15 341570
13 12 110330
13 15 787110
13 17 798980
13 16 350000
14 17 332540
14 12 244140
15 10 878610
15 13 787110
15 12 341570
15 8 213870
16 23 649770
16 20 329880
16 6 649620
16 13 350000
17 14 332540
17 13 798980
17 19 115340
17 25 812900
18 22 28760
18 25 1286870
18 19 61300
19 17 115340
19 18 61300
19 22 74760
20 16 329880
20 25 1036670
20 23 756820
21 24 349900
21 23 407100
21 7 686530
22 18 28760
22 19 74760
23 21 407100
23 24 389140
23 16 649770
23 20 756820
24 21 349900
24 23 389140
25 20 1036670
25 18 1286870
25 17 812900
