0 4 161720
0 2 1860
1 2 332060
1 5 749910
1 3 163770
2 1 332060
2 0 1860
2 4 663450
3 4 203270
3 1 163770
3 5 34350
4 0 161720
4 3 203270
4 2 663450
4 11 1110650
5 1 749910
5 3 34350
5 7 313650
5 6 562660
6 8 110760
6 7 232660
6 5 562660
6 11 166910
6 16 590790
7 6 232660
7 21 898450
7 5 313650
8 6 110760
8 10 43370
8 15 114860
9 12 28740
9 10 57330
10 15 1058020
10 8 43370
10 11 1055440
10 9 57330
11 4 1110650
11 6 166910
11 10 1055440
12 9 28740
12 14 260540
12 13 206420
12 15 341200
13 12 206420
13 15 886170
13 17 854500
13 16 469910
14 17 291690
14 12 260540
15 10 1058020
15 13 886170
15 12 341200
15 8 114860
16 23 569050
16 20 547730
16 6 590790
16 13 469910
17 14 291690
17 13 854500
17 19 71090
17 25 938080
18 22 86960
18 25 1487540
18 19 63280
19 17 71090
19 18 63280
19 22 70510
20 16 547730
20 25 1019430
20 23 594110
21 24 341460
21 23 575600
21 7 898450
22 18 86960
22 19 70510
23 21 575600
23 24 445070
23 16 569050
23 20 594110
24 21 341460
24 23 445070
25 20 1019430
25 18 1487540
25 17 938080
