0 4 87810
0 2 17150
1 2 559350
1 5 911610
1 3 344960
2 1 559350
2 0 17150
2 4 580460
3 4 358500
3 1 344960
3 5 88350
4 0 87810
4 3 358500
4 2 580460
4 11 1109000
5 1 911610
5 3 88350
5 7 466010
5 6 545650
6 8 92100
6 7 244580
6 5 545650
6 11 167200
6 16 523540
7 6 244580
7 21 620360
7 5 466010
8 6 92100
8 10 30230
8 15 150950
9 12 99490
9 10 36200
10 15 1051860
10 8 30230
10 11 1071510
10 9 36200
11 4 1109000
11 6 167200
11 10 1071510
12 9 99490
12 14 258460
12 13 64550
12 15 364190
13 12 64550
13 15 855710
13 17 822240
13 16 379790
14 17 284110
14 12 258460
15 10 1051860
15 13 855710
15 12 364190
15 8 150950
16 23 583140
16 20 353370
16 6 523540
16 13 379790
17 14 284110
17 13 822240
17 19 203080
17 25 793610
18 22 43560
18 25 998890
18 19 86820
19 17 203080
19 18 86820
19 22 104210
20 16 353370
20 25 760540
20 23 445450
21 24 432810
21 23 259900
21 7 620360
22 18 43560
22 19 104210
23 21 259900
23 24 450670
23 16 583140
23 20 445450
24 21 432810
24 23 450670
25 20 760540
25 18 998890
25 17 793610
