0 4 118370
0 2 56600
1 2 427160
1 5 830180
1 3 76550
2 1 427160
2 0 56600
2 4 555080
3 4 99180
3 1 76550
3 5 119700
4 0 118370
4 3 99180
4 2 555080
4 11 848960
5 1 830180
5 3 119700
5 7 479600
5 6 551270
6 8 242490
6 7 310440
6 5 551270
6 11 70100
6 16 506700
7 6 310440
7 21 854610
7 5 479600
8 6 242490
8 10 49250
8 15 255210
9 12 105260
9 10 85740
10 15 755960
10 8 49250
10 11 772570
10 9 85740
11 4 848960
11 6 70100
11 10 772570
12 9 105260
12 14 179770
12 13 203300
12 15 413770
13 12 203300
13 15 673020
13 17 637600
13 16 399370
14 17 158190
14 12 179770
15 10 755960
15 13 673020
15 12 413770
15 8 255210
16 23 616560
16 20 370230
16 6 506700
16 13 399370
17 14 158190
17 13 637600
17 19 157210
17 25 543530
18 22 63290
18 25 1218270
18 19 16540
19 17 157210
19 18 16540
19 22 114440
20 16 370230
20 25 782690
20 23 499850
21 24 473530
21 23 419300
21 7 854610
22 18 63290
22 19 114440
23 21 419300
23 24 357650
23 16 616560
23 20 499850
24 21 473530
24 23 357650
25 20 782690
25 18 1218270
25 17 543530
