0 4 202280
0 2 50110
1 2 2287330
1 5 3385890
1 3 421140
2 1 2287330
2 0 50110
2 4 2801100
3 4 587480
3 1 421140
3 5 146320
4 0 202280
4 3 587480
4 2 2801100
4 11 3835370
5 1 3385890
5 3 146320
5 7 1730300
5 6 2353300
6 8 480800
6 7 519710
6 5 2353300
6 11 197130
6 16 2252060
7 6 519710
7 21 3085820
7 5 1730300
8 6 480800
8 10 302020
8 15 397010
9 12 409420
9 10 291580
10 15 3907830
10 8 302020
10 11 3859260
10 9 291580
11 4 3835370
11 6 197130
11 10 3859260
12 9 409420
12 14 947800
12 13 582880
12 15 1305830
13 12 582880
13 15 3009310
13 17 3045380
13 16 1427720
14 17 1011550
14 12 947800
15 10 3907830
15 13 3009310
15 12 1305830
15 8 397010
16 23 1990940
16 20 1645140
16 6 2252060
16 13 1427720
17 14 1011550
17 13 3045380
17 19 487940
17 25 2992480
18 22 205040
18 25 6295930
18 19 189300
19 17 487940
19 18 189300
19 22 243120
20 16 1645140
20 25 4605190
20 23 2937630
21 24 1269030
21 23 2012270
21 7 3085820
22 18 205040
22 19 243120
23 21 2012270
23 24 1319510
23 16 1990940
23 20 2937630
24 21 1269030
24 23 1319510
25 20 4605190
25 18 6295930
25 17 2992480
