0 4 179250
0 2 1920
1 2 878710
1 5 1325290
1 3 182290
2 1 878710
2 0 1920
2 4 671780
3 4 254020
3 1 182290
3 5 57820
4 0 179250
4 3 254020
4 2 671780
4 11 1186500
5 1 1325290
5 3 57820
5 7 733600
5 6 735050
6 8 237900
6 7 411270
6 5 735050
6 11 166330
6 16 716090
7 6 411270
7 21 994290
7 5 733600
8 6 237900
8 10 57500
8 15 231860
9 12 83540
9 10 34080
10 15 1113220
10 8 57500
10 11 1160810
10 9 34080
11 4 1186500
11 6 166330
11 10 1160810
12 9 83540
12 14 197540
12 13 117090
12 15 536580
13 12 117090
13 15 820910
13 17 821070
13 16 338820
14 17 196120
14 12 197540
15 10 1113220
15 13 820910
15 12 536580
15 8 231860
16 23 597790
16 20 548020
16 6 716090
16 13 338820
17 14 196120
17 13 821070
17 19 115140
17 25 806860
18 22 28500
18 25 1703350
18 19 36350
19 17 115140
19 18 36350
19 22 43260
20 16 548020
20 25 1260840
20 23 730190
21 24 700020
21 23 359160
21 7 994290
22 18 28500
22 19 43260
23 21 359160
23 24 376370
23 16 597790
23 20 730190
24 21 700020
24 23 376370
25 20 1260840
25 18 1703350
25 17 806860
