0 4 163740
0 2 43860
1 2 808510
1 5 1365600
1 3 150400
2 1 808510
2 0 43860
2 4 969420
3 4 181560
3 1 150400
3 5 40600
4 0 163740
4 3 181560
4 2 969420
4 11 1374470
5 1 1365600
5 3 40600
5 7 583480
5 6 875130
6 8 90120
6 7 170610
6 5 875130
6 11 140450
6 16 852050
7 6 170610
7 21 837860
7 5 583480
8 6 90120
8 10 66660
8 15 153100
9 12 165250
9 10 43290
10 15 1352490
10 8 66660
10 11 1384850
10 9 43290
11 4 1374470
11 6 140450
11 10 1384850
12 9 165250
12 14 439630
12 13 188810
12 15 513640
13 12 188810
13 15 1106040
13 17 960520
13 16 458690
14 17 496180
14 12 439630
15 10 1352490
15 13 1106040
15 12 513640
15 8 153100
16 23 705480
16 20 583470
16 6 852050
16 13 458690
17 14 496180
17 13 960520
17 19 135070
17 25 1176510
18 22 107990
18 25 2120280
18 19 127180
19 17 135070
19 18 127180
19 22 84130
20 16 583470
20 25 1387410
20 23 799410
21 24 258860
21 23 549950
21 7 837860
22 18 107990
22 19 84130
23 21 549950
23 24 483200
23 16 705480
23 20 799410
24 21 258860
24 23 483200
25 20 1387410
25 18 2120280
25 17 1176510
