0 4 555840
0 2 61260
1 2 2366930
1 5 4698730
1 3 1168770
2 1 2366930
2 0 61260
2 4 3175840
3 4 1355720
3 1 1168770
3 5 232320
4 0 555840
4 3 1355720
4 2 3175840
4 11 4999620
5 1 4698730
5 3 232320
5 7 2199580
5 6 3109590
6 8 705570
6 7 1005840
6 5 3109590
6 11 395010
6 16 2978680
7 6 1005840
7 21 2648140
7 5 2199580
8 6 705570
8 10 176530
8 15 762900
9 12 421190
9 10 142110
10 15 4615990
10 8 176530
10 11 4684180
10 9 142110
11 4 4999620
11 6 395010
11 10 4684180
12 9 421190
12 14 1093770
12 13 1238970
12 15 2649250
13 12 1238970
13 15 2907530
13 17 2392820
13 16 2344890
14 17 1007940
14 12 1093770
15 10 4615990
15 13 2907530
15 12 2649250
15 8 762900
16 23 3225870
16 20 2132590
16 6 2978680
16 13 2344890
17 14 1007940
17 13 2392820
17 19 618280
17 25 2536490
18 22 427530
18 25 4857860
18 19 221650
19 17 618280
19 18 221650
19 22 88490
20 16 2132590
20 25 5026870
20 23 2955390
21 24 1649070
21 23 1258330
21 7 2648140
22 18 427530
22 19 88490
23 21 1258330
23 24 2231580
23 16 3225870
23 20 2955390
24 21 1649070
24 23 2231580
25 20 5026870
25 18 4857860
25 17 2536490
