0 4 549200
0 2 112800
1 2 3611810
1 5 4371730
1 3 706470
2 1 3611810
2 0 112800
2 4 3597990
3 4 764320
3 1 706470
3 5 277710
4 0 549200
4 3 764320
4 2 3597990
4 11 5017920
5 1 4371730
5 3 277710
5 7 1630250
5 6 3037530
6 8 1072870
6 7 1594830
6 5 3037530
6 11 606480
6 16 2801150
7 6 1594830
7 21 2944850
7 5 1630250
8 6 1072870
8 10 270160
8 15 1024780
9 12 448500
9 10 184000
10 15 4713830
10 8 270160
10 11 4830160
10 9 184000
11 4 5017920
11 6 606480
11 10 4830160
12 9 448500
12 14 1421870
12 13 645880
12 15 2117550
13 12 645880
13 15 4141680
13 17 3893590
13 16 1456820
14 17 1261140
14 12 1421870
15 10 4713830
15 13 4141680
15 12 2117550
15 8 1024780
16 23 2689120
16 20 1420630
16 6 2801150
16 13 1456820
17 14 1261140
17 13 3893590
17 19 770490
17 25 3746790
18 22 267260
18 25 5851190
18 19 218000
19 17 770490
19 18 218000
19 22 382420
20 16 1420630
20 25 4148660
20 23 2665290
21 24 1713880
21 23 1324360
21 7 2944850
22 18 267260
22 19 382420
23 21 1324360
23 24 1702370
23 16 2689120
23 20 2665290
24 21 1713880
24 23 1702370
25 20 4148660
25 18 5851190
25 17 3746790
