0 4 152620
0 2 74500
1 2 1380780
1 5 1531790
1 3 269040
2 1 1380780
2 0 74500
2 4 1190040
3 4 208650
3 1 269040
3 5 218590
4 0 152620
4 3 208650
4 2 1190040
4 11 1717530
5 1 1531790
5 3 218590
5 7 953330
5 6 1001550
6 8 594070
6 7 768260
6 5 1001550
6 11 214930
6 16 964920
7 6 768260
7 21 1520020
7 5 953330
8 6 594070
8 10 83700
8 15 637560
9 12 95190
9 10 102700
10 15 1742850
10 8 83700
10 11 1725280
10 9 102700
11 4 1717530
11 6 214930
11 10 1725280
12 9 95190
12 14 337450
12 13 439290
12 15 942250
13 12 439290
13 15 1553630
13 17 1293600
13 16 823850
14 17 376650
14 12 337450
15 10 1742850
15 13 1553630
15 12 942250
15 8 637560
16 23 1179060
16 20 523190
16 6 964920
16 13 823850
17 14 376650
17 13 1293600
17 19 226950
17 25 1156740
18 22 52160
18 25 1892200
18 19 146720
19 17 226950
19 18 146720
19 22 74570
20 16 523190
20 25 1490430
20 23 998400
21 24 798300
21 23 765660
21 7 1520020
22 18 52160
22 19 74570
23 21 765660
23 24 576300
23 16 1179060
23 20 998400
24 21 798300
24 23 576300
25 20 1490430
25 18 1892200
25 17 1156740
