0 4 155250
0 2 38090
1 2 774320
1 5 1065040
1 3 327700
2 1 774320
2 0 38090
2 4 1541950
3 4 361310
3 1 327700
3 5 103820
4 0 155250
4 3 361310
4 2 1541950
4 11 2120480
5 1 1065040
5 3 103820
5 7 490530
5 6 797080
6 8 464700
6 7 598290
6 5 797080
6 11 153140
6 16 877040
7 6 598290
7 21 818800
7 5 490530
8 6 464700
8 10 43980
8 15 461980
9 12 108610
9 10 28760
10 15 2054260
10 8 43980
10 11 2012870
10 9 28760
11 4 2120480
11 6 153140
11 10 2012870
12 9 108610
12 14 921440
12 13 357230
12 15 1200050
13 12 357230
13 15 1309780
13 17 1220220
13 16 762160
14 17 1017910
14 12 921440
15 10 2054260
15 13 1309780
15 12 1200050
15 8 461980
16 23 973150
16 20 664050
16 6 877040
16 13 762160
17 14 1017910
17 13 1220220
17 19 232370
17 25 1653970
18 22 147750
18 25 2414070
18 19 139440
19 17 232370
19 18 139440
19 22 181740
20 16 664050
20 25 1619520
20 23 1007720
21 24 683370
21 23 314670
21 7 818800
22 18 147750
22 19 181740
23 21 314670
23 24 836080
23 16 973150
23 20 1007720
24 21 683370
24 23 836080
25 20 1619520
25 18 2414070
25 17 1653970
