0 4 203430
0 2 36300
1 2 709470
1 5 841240
1 3 101800
2 1 709470
2 0 36300
2 4 748880
3 4 213020
3 1 101800
3 5 99350
4 0 203430
4 3 213020
4 2 748880
4 11 1267540
5 1 841240
5 3 99350
5 7 515070
5 6 454260
6 8 555180
6 7 775180
6 5 454260
6 11 165300
6 16 515490
7 6 775180
7 21 1371470
7 5 515070
8 6 555180
8 10 92460
8 15 381900
9 12 215900
9 10 17710
10 15 1241170
10 8 92460
10 11 1200360
10 9 17710
11 4 1267540
11 6 165300
11 10 1200360
12 9 215900
12 14 654160
12 13 357120
12 15 563760
13 12 357120
13 15 964280
13 17 923250
13 16 857990
14 17 651990
14 12 654160
15 10 1241170
15 13 964280
15 12 563760
15 8 381900
16 23 827310
16 20 379540
16 6 515490
16 13 857990
17 14 651990
17 13 923250
17 19 209370
17 25 1031310
18 22 157520
18 25 1615980
18 19 58590
19 17 209370
19 18 58590
19 22 42500
20 16 379540
20 25 1684430
20 23 1349520
21 24 678130
21 23 678520
21 7 1371470
22 18 157520
22 19 42500
23 21 678520
23 24 802930
23 16 827310
23 20 1349520
24 21 678130
24 23 802930
25 20 1684430
25 18 1615980
25 17 1031310
