0 4 671050
0 2 191500
1 2 3207090
1 5 4562200
1 3 1808320
2 1 3207090
2 0 191500
2 4 6152130
3 4 1978530
3 1 1808320
3 5 366620
4 0 671050
4 3 1978530
4 2 6152130
4 11 9529580
5 1 4562200
5 3 366620
5 7 2476470
5 6 2962910
6 8 1920500
6 7 2700310
6 5 2962910
6 11 957610
6 16 2629130
7 6 2700310
7 21 5345400
7 5 2476470
8 6 1920500
8 10 339700
8 15 2202760
9 12 498030
9 10 467560
10 15 9128610
10 8 339700
10 11 9068770
10 9 467560
11 4 9529580
11 6 957610
11 10 9068770
12 9 498030
12 14 2914050
12 13 1149360
12 15 4264660
13 12 1149360
13 15 7588230
13 17 7379390
13 16 3653600
14 17 3307380
14 12 2914050
15 10 9128610
15 13 7588230
15 12 4264660
15 8 2202760
16 23 4605690
16 20 1798580
16 6 2629130
16 13 3653600
17 14 3307380
17 13 7379390
17 19 1036460
17 25 7880090
18 22 737680
18 25 10927470
18 19 414110
19 17 1036460
19 18 414110
19 22 508960
20 16 1798580
20 25 8028890
20 23 6530020
21 24 2690180
21 23 3226310
21 7 5345400
22 18 737680
22 19 508960
23 21 3226310
23 24 3944890
23 16 4605690
23 20 6530020
24 21 2690180
24 23 3944890
25 20 8028890
25 18 10927470
25 17 7880090
