0 4 519020
0 2 138830
1 2 2209690
1 5 3695570
1 3 788190
2 1 2209690
2 0 138830
2 4 2559770
3 4 887180
3 1 788190
3 5 278170
4 0 519020
4 3 887180
4 2 2559770
4 11 4238450
5 1 3695570
5 3 278170
5 7 1884250
5 6 2502620
6 8 1523240
6 7 1701270
6 5 2502620
6 11 392160
6 16 2192760
7 6 1701270
7 21 2599150
7 5 1884250
8 6 1523240
8 10 268280
8 15 1570970
9 12 225690
9 10 216880
10 15 3947910
10 8 268280
10 11 4020960
10 9 216880
11 4 4238450
11 6 392160
11 10 4020960
12 9 225690
12 14 1093240
12 13 992070
12 15 2222210
13 12 992070
13 15 3432560
13 17 3047760
13 16 1960370
14 17 1051320
14 12 1093240
15 10 3947910
15 13 3432560
15 12 2222210
15 8 1570970
16 23 2810090
16 20 1327260
16 6 2192760
16 13 1960370
17 14 1051320
17 13 3047760
17 19 370010
17 25 3337660
18 22 284280
18 25 6654330
18 19 160340
19 17 370010
19 18 160340
19 22 159780
20 16 1327260
20 25 4441240
20 23 3223980
21 24 1180280
21 23 1514430
21 7 2599150
22 18 284280
22 19 159780
23 21 1514430
23 24 2217810
23 16 2810090
23 20 3223980
24 21 1180280
24 23 2217810
25 20 4441240
25 18 6654330
25 17 3337660
