0 4 786470
0 2 217330
1 2 4454000
1 5 7409020
1 3 693530
2 1 4454000
2 0 217330
2 4 3916040
3 4 884270
3 1 693530
3 5 410010
4 0 786470
4 3 884270
4 2 3916040
4 11 6005110
5 1 7409020
5 3 410010
5 7 3712920
5 6 4623270
6 8 1279700
6 7 1703710
6 5 4623270
6 11 726200
6 16 4438190
7 6 1703710
7 21 5570110
7 5 3712920
8 6 1279700
8 10 218620
8 15 1452380
9 12 633070
9 10 291420
10 15 5601180
10 8 218620
10 11 5394650
10 9 291420
11 4 6005110
11 6 726200
11 10 5394650
12 9 633070
12 14 2615520
12 13 1280970
12 15 1905360
13 12 1280970
13 15 5650780
13 17 5101980
13 16 2973020
14 17 2647630
14 12 2615520
15 10 5601180
15 13 5650780
15 12 1905360
15 8 1452380
16 23 4763020
16 20 2468470
16 6 4438190
16 13 2973020
17 14 2647630
17 13 5101980
17 19 1064520
17 25 5929770
18 22 416830
18 25 10182800
18 19 321950
19 17 1064520
19 18 321950
19 22 747020
20 16 2468470
20 25 7026710
20 23 5027230
21 24 2482670
21 23 3071540
21 7 5570110
22 18 416830
22 19 747020
23 21 3071540
23 24 2725200
23 16 4763020
23 20 5027230
24 21 2482670
24 23 2725200
25 20 7026710
25 18 10182800
25 17 5929770
