0 4 443990
0 2 116830
1 2 2499040
1 5 3752890
1 3 902890
2 1 2499040
2 0 116830
2 4 2439990
3 4 1131980
3 1 902890
3 5 179630
4 0 443990
4 3 1131980
4 2 2439990
4 11 4100020
5 1 3752890
5 3 179630
5 7 1550650
5 6 2468880
6 8 496920
6 7 910120
6 5 2468880
6 11 378000
6 16 2405900
7 6 910120
7 21 2123950
7 5 1550650
8 6 496920
8 10 210790
8 15 565430
9 12 209750
9 10 261300
10 15 3540920
10 8 210790
10 11 3997910
10 9 261300
11 4 4100020
11 6 378000
11 10 3997910
12 9 209750
12 14 836600
12 13 399110
12 15 1424260
13 12 399110
13 15 2868200
13 17 2706000
13 16 1330970
14 17 973240
14 12 836600
15 10 3540920
15 13 2868200
15 12 1424260
15 8 565430
16 23 2128600
16 20 1447520
16 6 2405900
16 13 1330970
17 14 973240
17 13 2706000
17 19 468050
17 25 2427290
18 22 294660
18 25 4821220
18 19 267390
19 17 468050
19 18 267390
19 22 193010
20 16 1447520
20 25 3559970
20 23 2280470
21 24 1113500
21 23 1194500
21 7 2123950
22 18 294660
22 19 193010
23 21 1194500
23 24 1761290
23 16 2128600
23 20 2280470
24 21 1113500
24 23 1761290
25 20 3559970
25 18 4821220
25 17 2427290
