0 4 124010
0 2 65860
1 2 591780
1 5 857080
1 3 91150
2 1 591780
2 0 65860
2 4 685420
3 4 166370
3 1 91150
3 5 35090
4 0 124010
4 3 166370
4 2 685420
4 11 998880
5 1 857080
5 3 35090
5 7 462740
5 6 584320
6 8 558880
6 7 520330
6 5 584320
6 11 114980
6 16 471210
7 6 520330
7 21 605990
7 5 462740
8 6 558880
8 10 49160
8 15 533640
9 12 101450
9 10 85920
10 15 953170
10 8 49160
10 11 993070
10 9 85920
11 4 998880
11 6 114980
11 10 993070
12 9 101450
12 14 420580
12 13 296250
12 15 521850
13 12 296250
13 15 985130
13 17 786500
13 16 582490
14 17 407230
14 12 420580
15 10 953170
15 13 985130
15 12 521850
15 8 533640
16 23 699320
16 20 320590
16 6 471210
16 13 582490
17 14 407230
17 13 786500
17 19 128120
17 25 921240
18 22 42590
18 25 1178370
18 19 61200
19 17 128120
19 18 61200
19 22 57240
20 16 320590
20 25 701210
20 23 409700
21 24 412590
21 23 196760
21 7 605990
22 18 42590
22 19 57240
23 21 196760
23 24 506110
23 16 699320
23 20 409700
24 21 412590
24 23 506110
25 20 701210
25 18 1178370
25 17 921240
