0 4 86980
0 2 42480
1 2 686900
1 5 891310
1 3 153390
2 1 686900
2 0 42480
2 4 455140
3 4 189130
3 1 153390
3 5 92100
4 0 86980
4 3 189130
4 2 455140
4 11 769540
5 1 891310
5 3 92100
5 7 506860
5 6 459910
6 8 201550
6 7 283200
6 5 459910
6 11 107510
6 16 419690
7 6 283200
7 21 808770
7 5 506860
8 6 201550
8 10 67350
8 15 224990
9 12 138750
9 10 33530
10 15 804640
10 8 67350
10 11 779940
10 9 33530
11 4 769540
11 6 107510
11 10 779940
12 9 138750
12 14 434850
12 13 106560
12 15 341970
13 12 106560
13 15 814610
13 17 706010
13 16 316380
14 17 411480
14 12 434850
15 10 804640
15 13 814610
15 12 341970
15 8 224990
16 23 515530
16 20 148400
16 6 419690
16 13 316380
17 14 411480
17 13 706010
17 19 114570
17 25 869330
18 22 90370
18 25 954500
18 19 37720
19 17 114570
19 18 37720
19 22 80330
20 16 148400
20 25 892690
20 23 732710
21 24 378680
21 23 504360
21 7 808770
22 18 90370
22 19 80330
23 21 504360
23 24 398350
23 16 515530
23 20 732710
24 21 378680
24 23 398350
25 20 892690
25 18 954500
25 17 869330
