0 4 383500
0 2 67260
1 2 1891110
1 5 2705420
1 3 736370
2 1 1891110
2 0 67260
2 4 2214550
3 4 860680
3 1 736370
3 5 133130
4 0 383500
4 3 860680
4 2 2214550
4 11 3534190
5 1 2705420
5 3 133130
5 7 1199510
5 6 1918870
6 8 703450
6 7 983320
6 5 1918870
6 11 312840
6 16 1752230
7 6 983320
7 21 1909900
7 5 1199510
8 6 703450
8 10 284480
8 15 810280
9 12 338550
9 10 319300
10 15 3286620
10 8 284480
10 11 3432360
10 9 319300
11 4 3534190
11 6 312840
11 10 3432360
12 9 338550
12 14 1221830
12 13 368470
12 15 1880220
13 12 368470
13 15 2368600
13 17 2109710
13 16 994720
14 17 1129100
14 12 1221830
15 10 3286620
15 13 2368600
15 12 1880220
15 8 810280
16 23 1622940
16 20 1097230
16 6 1752230
16 13 994720
17 14 1129100
17 13 2109710
17 19 477910
17 25 2392860
18 22 209930
18 25 3804600
18 19 514270
19 17 477910
19 18 514270
19 22 276210
20 16 1097230
20 25 2730380
20 23 1955230
21 24 1030290
21 23 1095600
21 7 1909900
22 18 209930
22 19 276210
23 21 1095600
23 24 1665500
23 16 1622940
23 20 1955230
24 21 1030290
24 23 1665500
25 20 2730380
25 18 3804600
25 17 2392860
