0 4 244190
0 2 48220
1 2 1565640
1 5 1786430
1 3 295060
2 1 1565640
2 0 48220
2 4 1201760
3 4 363490
3 1 295060
3 5 99140
4 0 244190
4 3 363490
4 2 1201760
4 11 1835670
5 1 1786430
5 3 99140
5 7 944050
5 6 1083890
6 8 350580
6 7 360660
6 5 1083890
6 11 104220
6 16 947500
7 6 360660
7 21 1399200
7 5 944050
8 6 350580
8 10 58870
8 15 326060
9 12 33080
9 10 104950
10 15 1789260
10 8 58870
10 11 1874250
10 9 104950
11 4 1835670
11 6 104220
11 10 1874250
12 9 33080
12 14 402390
12 13 24790
12 15 629370
13 12 24790
13 15 1550630
13 17 1583690
13 16 390910
14 17 373900
14 12 402390
15 10 1789260
15 13 1550630
15 12 629370
15 8 326060
16 23 829760
16 20 493520
16 6 947500
16 13 390910
17 14 373900
17 13 1583690
17 19 383780
17 25 1339620
18 22 122030
18 25 2533760
18 19 130760
19 17 383780
19 18 130760
19 22 192660
20 16 493520
20 25 1664730
20 23 1304320
21 24 611370
21 23 760720
21 7 1399200
22 18 122030
22 19 192660
23 21 760720
23 24 769250
23 16 829760
23 20 1304320
24 21 611370
24 23 769250
25 20 1664730
25 18 2533760
25 17 1339620
