0 4 377340
0 2 177150
1 2 2462570
1 5 2835440
1 3 389000
2 1 2462570
2 0 177150
2 4 2934190
3 4 536060
3 1 389000
3 5 285150
4 0 377340
4 3 536060
4 2 2934190
4 11 4100530
5 1 2835440
5 3 285150
5 7 1553260
5 6 1758190
6 8 712360
6 7 1191650
6 5 1758190
6 11 506330
6 16 1691770
7 6 1191650
7 21 3544110
7 5 1553260
8 6 712360
8 10 290930
8 15 630910
9 12 390440
9 10 283390
10 15 4077750
10 8 290930
10 11 4003430
10 9 283390
11 4 4100530
11 6 506330
11 10 4003430
12 9 390440
12 14 920990
12 13 595640
12 15 1249640
13 12 595640
13 15 3676190
13 17 3472370
13 16 1690490
14 17 1067360
14 12 920990
15 10 4077750
15 13 3676190
15 12 1249640
15 8 630910
16 23 2239090
16 20 1279200
16 6 1691770
16 13 1690490
17 14 1067360
17 13 3472370
17 19 645360
17 25 3341620
18 22 196850
18 25 5513300
18 19 259690
19 17 645360
19 18 259690
19 22 363190
20 16 1279200
20 25 4332680
20 23 3190810
21 24 1543020
21 23 2170440
21 7 3544110
22 18 196850
22 19 363190
23 21 2170440
23 24 1949410
23 16 2239090
23 20 3190810
24 21 1543020
24 23 1949410
25 20 4332680
25 18 5513300
25 17 3341620
