0 4 264500
0 2 98320
1 2 2161170
1 5 3526060
1 3 641130
2 1 2161170
2 0 98320
2 4 2682410
3 4 809750
3 1 641130
3 5 111480
4 0 264500
4 3 809750
4 2 2682410
4 11 4198200
5 1 3526060
5 3 111480
5 7 1522910
5 6 2262680
6 8 754560
6 7 977510
6 5 2262680
6 11 264440
6 16 2256040
7 6 977510
7 21 1664590
7 5 1522910
8 6 754560
8 10 238990
8 15 721900
9 12 337720
9 10 297030
10 15 3484590
10 8 238990
10 11 3935550
10 9 297030
11 4 4198200
11 6 264440
11 10 3935550
12 9 337720
12 14 964810
12 13 674550
12 15 1300970
13 12 674550
13 15 2898210
13 17 2766910
13 16 1052570
14 17 954420
14 12 964810
15 10 3484590
15 13 2898210
15 12 1300970
15 8 721900
16 23 1959910
16 20 1228420
16 6 2256040
16 13 1052570
17 14 954420
17 13 2766910
17 19 412790
17 25 3083130
18 22 187070
18 25 4757750
18 19 328010
19 17 412790
19 18 328010
19 22 144620
20 16 1228420
20 25 2753750
20 23 1641830
21 24 1160580
21 23 599920
21 7 1664590
22 18 187070
22 19 144620
23 21 599920
23 24 1044880
23 16 1959910
23 20 1641830
24 21 1160580
24 23 1044880
25 20 2753750
25 18 4757750
25 17 3083130
