0 4 327090
0 2 40090
1 2 1277830
1 5 1881410
1 3 517750
2 1 1277830
2 0 40090
2 4 1523130
3 4 622050
3 1 517750
3 5 50360
4 0 327090
4 3 622050
4 2 1523130
4 11 2667220
5 1 1881410
5 3 50360
5 7 809110
5 6 1121920
6 8 362600
6 7 549810
6 5 1121920
6 11 239960
6 16 1001160
7 6 549810
7 21 1585540
7 5 809110
8 6 362600
8 10 132220
8 15 453570
9 12 137510
9 10 145490
10 15 2452540
10 8 132220
10 11 2628310
10 9 145490
11 4 2667220
11 6 239960
11 10 2628310
12 9 137510
12 14 635630
12 13 273170
12 15 1006060
13 12 273170
13 15 2017920
13 17 1812100
13 16 819250
14 17 766470
14 12 635630
15 10 2452540
15 13 2017920
15 12 1006060
15 8 453570
16 23 1123840
16 20 594080
16 6 1001160
16 13 819250
17 14 766470
17 13 1812100
17 19 261710
17 25 1928100
18 22 201910
18 25 3492050
18 19 162650
19 17 261710
19 18 162650
19 22 106520
20 16 594080
20 25 2180130
20 23 1708850
21 24 661120
21 23 993990
21 7 1585540
22 18 201910
22 19 106520
23 21 993990
23 24 1167630
23 16 1123840
23 20 1708850
24 21 661120
24 23 1167630
25 20 2180130
25 18 3492050
25 17 1928100
