0 4 494080
0 2 192250
1 2 2184890
1 5 3801180
1 3 417190
2 1 2184890
2 0 192250
2 4 2922310
3 4 458300
3 1 417190
3 5 272010
4 0 494080
4 3 458300
4 2 2922310
4 11 4046320
5 1 3801180
5 3 272010
5 7 2013450
5 6 2411470
6 8 777230
6 7 1098490
6 5 2411470
6 11 414700
6 16 2346810
7 6 1098490
7 21 3252660
7 5 2013450
8 6 777230
8 10 321550
8 15 812310
9 12 438050
9 10 172890
10 15 3783190
10 8 321550
10 11 3940470
10 9 172890
11 4 4046320
11 6 414700
11 10 3940470
12 9 438050
12 14 1662910
12 13 925440
12 15 1195920
13 12 925440
13 15 3694600
13 17 3421680
13 16 1799460
14 17 1678620
14 12 1662910
15 10 3783190
15 13 3694600
15 12 1195920
15 8 812310
16 23 2269270
16 20 1734190
16 6 2346810
16 13 1799460
17 14 1678620
17 13 3421680
17 19 688700
17 25 3729020
18 22 353230
18 25 6059850
18 19 221180
19 17 688700
19 18 221180
19 22 322120
20 16 1734190
20 25 4461480
20 23 3093200
21 24 1581810
21 23 1833720
21 7 3252660
22 18 353230
22 19 322120
23 21 1833720
23 24 1817070
23 16 2269270
23 20 3093200
24 21 1581810
24 23 1817070
25 20 4461480
25 18 6059850
25 17 3729020
