0 4 169760
0 2 3360
1 2 1493580
1 5 2452090
1 3 436420
2 1 1493580
2 0 3360
2 4 1122560
3 4 623440
3 1 436420
3 5 66330
4 0 169760
4 3 623440
4 2 1122560
4 11 2085650
5 1 2452090
5 3 66330
5 7 1234700
5 6 1411350
6 8 380030
6 7 577270
6 5 1411350
6 11 242340
6 16 1448330
7 6 577270
7 21 1889910
7 5 1234700
8 6 380030
8 10 105610
8 15 387050
9 12 223530
9 10 183020
10 15 1857550
10 8 105610
10 11 2006510
10 9 183020
11 4 2085650
11 6 242340
11 10 2006510
12 9 223530
12 14 597580
12 13 252820
12 15 703530
13 12 252820
13 15 1663580
13 17 1660100
13 16 726100
14 17 666520
14 12 597580
15 10 1857550
15 13 1663580
15 12 703530
15 8 387050
16 23 1350010
16 20 835910
16 6 1448330
16 13 726100
17 14 666520
17 13 1660100
17 19 368540
17 25 1528580
18 22 131060
18 25 2787960
18 19 173140
19 17 368540
19 18 173140
19 22 197140
20 16 835910
20 25 2313890
20 23 1625350
21 24 818920
21 23 1191250
21 7 1889910
22 18 131060
22 19 197140
23 21 1191250
23 24 962260
23 16 1350010
23 20 1625350
24 21 818920
24 23 962260
25 20 2313890
25 18 2787960
25 17 1528580
