0 4 94310
0 2 44200
1 2 553050
1 5 1109460
1 3 442330
2 1 553050
2 0 44200
2 4 1048840
3 4 456070
3 1 442330
3 5 27200
4 0 94310
4 3 456070
4 2 1048840
4 11 1589940
5 1 1109460
5 3 27200
5 7 407510
5 6 729360
6 8 172800
6 7 299180
6 5 729360
6 11 60450
6 16 714880
7 6 299180
7 21 772640
7 5 407510
8 6 172800
8 10 81250
8 15 142730
9 12 61960
9 10 60720
10 15 1438720
10 8 81250
10 11 1628720
10 9 60720
11 4 1589940
11 6 60450
11 10 1628720
12 9 61960
12 14 188030
12 13 57800
12 15 839090
13 12 57800
13 15 802000
13 17 789920
13 16 218650
14 17 204160
14 12 188030
15 10 1438720
15 13 802000
15 12 839090
15 8 142730
16 23 505280
16 20 501330
16 6 714880
16 13 218650
17 14 204160
17 13 789920
17 19 60290
17 25 807210
18 22 47420
18 25 1348220
18 19 46690
19 17 60290
19 18 46690
19 22 25370
20 16 501330
20 25 1086590
20 23 625600
21 24 478090
21 23 413110
21 7 772640
22 18 47420
22 19 25370
23 21 413110
23 24 388300
23 16 505280
23 20 625600
24 21 478090
24 23 388300
25 20 1086590
25 18 1348220
25 17 807210
