0 4 433110
0 2 138860
1 2 2189030
1 5 3723550
1 3 420240
2 1 2189030
2 0 138860
2 4 2977240
3 4 537070
3 1 420240
3 5 87580
4 0 433110
4 3 537070
4 2 2977240
4 11 4193050
5 1 3723550
5 3 87580
5 7 1749440
5 6 2386230
6 8 569110
6 7 958070
6 5 2386230
6 11 571520
6 16 1968320
7 6 958070
7 21 3884210
7 5 1749440
8 6 569110
8 10 202060
8 15 622930
9 12 346170
9 10 141720
10 15 4151570
10 8 202060
10 11 4106820
10 9 141720
11 4 4193050
11 6 571520
11 10 4106820
12 9 346170
12 14 1499160
12 13 700290
12 15 1356620
13 12 700290
13 15 3350920
13 17 3218140
13 16 1397530
14 17 1509180
14 12 1499160
15 10 4151570
15 13 3350920
15 12 1356620
15 8 622930
16 23 1636200
16 20 1794220
16 6 1968320
16 13 1397530
17 14 1509180
17 13 3218140
17 19 625530
17 25 3782000
18 22 407690
18 25 6738000
18 19 128890
19 17 625530
19 18 128890
19 22 311400
20 16 1794220
20 25 5035280
20 23 3549580
21 24 1485320
21 23 2492290
21 7 3884210
22 18 407690
22 19 311400
23 21 2492290
23 24 1777520
23 16 1636200
23 20 3549580
24 21 1485320
24 23 1777520
25 20 5035280
25 18 6738000
25 17 3782000
