0 4 278080
0 2 108820
1 2 1555890
1 5 3039050
1 3 392680
2 1 1555890
2 0 108820
2 4 1522530
3 4 442700
3 1 392680
3 5 48480
4 0 278080
4 3 442700
4 2 1522530
4 11 2310490
5 1 3039050
5 3 48480
5 7 1300430
5 6 1864280
6 8 341220
6 7 487630
6 5 1864280
6 11 156600
6 16 1806540
7 6 487630
7 21 2065840
7 5 1300430
8 6 341220
8 10 135360
8 15 262800
9 12 127360
9 10 166890
10 15 2262000
10 8 135360
10 11 2320070
10 9 166890
11 4 2310490
11 6 156600
11 10 2320070
12 9 127360
12 14 713110
12 13 251660
12 15 506680
13 12 251660
13 15 2136400
13 17 1966080
13 16 715410
14 17 760840
14 12 713110
15 10 2262000
15 13 2136400
15 12 506680
15 8 262800
16 23 1092680
16 20 1379760
16 6 1806540
16 13 715410
17 14 760840
17 13 1966080
17 19 271340
17 25 2071340
18 22 198800
18 25 3271440
18 19 145060
19 17 271340
19 18 145060
19 22 130480
20 16 1379760
20 25 2603490
20 23 1495080
21 24 885450
21 23 1230540
21 7 2065840
22 18 198800
22 19 130480
23 21 1230540
23 24 918450
23 16 1092680
23 20 1495080
24 21 885450
24 23 918450
25 20 2603490
25 18 3271440
25 17 2071340
