0 4 464860
0 2 41080
1 2 1721960
1 5 2923950
1 3 506900
2 1 1721960
2 0 41080
2 4 2401540
3 4 586280
3 1 506900
3 5 65910
4 0 464860
4 3 586280
4 2 2401540
4 11 3763800
5 1 2923950
5 3 65910
5 7 1200800
5 6 2103980
6 8 604390
6 7 909700
6 5 2103980
6 11 441520
6 16 2003520
7 6 909700
7 21 2784520
7 5 1200800
8 6 604390
8 10 450710
8 15 484460
9 12 433040
9 10 264330
10 15 3449550
10 8 450710
10 11 3334730
10 9 264330
11 4 3763800
11 6 441520
11 10 3334730
12 9 433040
12 14 1004720
12 13 713600
12 15 1305870
13 12 713600
13 15 2791520
13 17 2573950
13 16 1692050
14 17 967500
14 12 1004720
15 10 3449550
15 13 2791520
15 12 1305870
15 8 484460
16 23 2173580
16 20 1365270
16 6 2003520
16 13 1692050
17 14 967500
17 13 2573950
17 19 501330
17 25 2744950
18 22 154780
18 25 4687200
18 19 250480
19 17 501330
19 18 250480
19 22 311890
20 16 1365270
20 25 4303280
20 23 3067380
21 24 1086320
21 23 1956350
21 7 2784520
22 18 154780
22 19 311890
23 21 1956350
23 24 1345840
23 16 2173580
23 20 3067380
24 21 1086320
24 23 1345840
25 20 4303280
25 18 4687200
25 17 2744950
