0 4 539780
0 2 57380
1 2 4265050
1 5 5398170
1 3 533090
2 1 4265050
2 0 57380
2 4 3981250
3 4 634280
3 1 533090
3 5 44610
4 0 539780
4 3 634280
4 2 3981250
4 11 5187360
5 1 5398170
5 3 44610
5 7 2685830
5 6 2925920
6 8 1011020
6 7 1337460
6 5 2925920
6 11 465580
6 16 2826610
7 6 1337460
7 21 3317130
7 5 2685830
8 6 1011020
8 10 331430
8 15 770200
9 12 507330
9 10 342680
10 15 4732800
10 8 331430
10 11 4963240
10 9 342680
11 4 5187360
11 6 465580
11 10 4963240
12 9 507330
12 14 1928250
12 13 499490
12 15 1861620
13 12 499490
13 15 4044850
13 17 3934480
13 16 1495000
14 17 2019130
14 12 1928250
15 10 4732800
15 13 4044850
15 12 1861620
15 8 770200
16 23 2535350
16 20 1837590
16 6 2826610
16 13 1495000
17 14 2019130
17 13 3934480
17 19 584540
17 25 4353700
18 22 412760
18 25 5528370
18 19 335460
19 17 584540
19 18 335460
19 22 112720
20 16 1837590
20 25 4369580
20 23 2930610
21 24 1629100
21 23 1794640
21 7 3317130
22 18 412760
22 19 112720
23 21 1794640
23 24 2306610
23 16 2535350
23 20 2930610
24 21 1629100
24 23 2306610
25 20 4369580
25 18 5528370
25 17 4353700
