0 4 173580
0 2 20390
1 2 1016120
1 5 1504120
1 3 200240
2 1 1016120
2 0 20390
2 4 1191890
3 4 227600
3 1 200240
3 5 28440
4 0 173580
4 3 227600
4 2 1191890
4 11 1687890
5 1 1504120
5 3 28440
5 7 674730
5 6 1048950
6 8 547250
6 7 686990
6 5 1048950
6 11 136340
6 16 971900
7 6 686990
7 21 1074160
7 5 674730
8 6 547250
8 10 28530
8 15 528550
9 12 241740
9 10 38810
10 15 1644090
10 8 28530
10 11 1680620
10 9 38810
11 4 1687890
11 6 136340
11 10 1680620
12 9 241740
12 14 383240
12 13 367310
12 15 728870
13 12 367310
13 15 1378400
13 17 1345110
13 16 631240
14 17 454520
14 12 383240
15 10 1644090
15 13 1378400
15 12 728870
15 8 528550
16 23 1053790
16 20 503580
16 6 971900
16 13 631240
17 14 454520
17 13 1345110
17 19 260260
17 25 1339600
18 22 61830
18 25 2113450
18 19 103840
19 17 260260
19 18 103840
19 22 166760
20 16 503580
20 25 1608760
20 23 1142010
21 24 488800
21 23 678500
21 7 1074160
22 18 61830
22 19 166760
23 21 678500
23 24 791740
23 16 1053790
23 20 1142010
24 21 488800
24 23 791740
25 20 1608760
25 18 2113450
25 17 1339600
