0 4 174340
0 2 66930
1 2 1393820
1 5 1977370
1 3 148750
2 1 1393820
2 0 66930
2 4 1017080
3 4 254360
3 1 148750
3 5 92450
4 0 174340
4 3 254360
4 2 1017080
4 11 1521540
5 1 1977370
5 3 92450
5 7 1082910
5 6 1107870
6 8 322310
6 7 392760
6 5 1107870
6 11 156600
6 16 1034610
7 6 392760
7 21 1483730
7 5 1082910
8 6 322310
8 10 63420
8 15 325690
9 12 151920
9 10 69890
10 15 1383090
10 8 63420
10 11 1452540
10 9 69890
11 4 1521540
11 6 156600
11 10 1452540
12 9 151920
12 14 460520
12 13 441260
12 15 663440
13 12 441260
13 15 1085180
13 17 1050840
13 16 737960
14 17 499850
14 12 460520
15 10 1383090
15 13 1085180
15 12 663440
15 8 325690
16 23 1155630
16 20 659320
16 6 1034610
16 13 737960
17 14 499850
17 13 1050840
17 19 163120
17 25 1232770
18 22 114330
18 25 2547700
18 19 59600
19 17 163120
19 18 59600
19 22 69700
20 16 659320
20 25 1950170
20 23 1417760
21 24 693220
21 23 863300
21 7 1483730
22 18 114330
22 19 69700
23 21 863300
23 24 804740
23 16 1155630
23 20 1417760
24 21 693220
24 23 804740
25 20 1950170
25 18 2547700
25 17 1232770
