0 4 85490
0 2 32940
1 2 619870
1 5 811280
1 3 149960
2 1 619870
2 0 32940
2 4 636400
3 4 194290
3 1 149960
3 5 28220
4 0 85490
4 3 194290
4 2 636400
4 11 1056860
5 1 811280
5 3 28220
5 7 254330
5 6 676300
6 8 310630
6 7 393950
6 5 676300
6 11 188420
6 16 630460
7 6 393950
7 21 851430
7 5 254330
8 6 310630
8 10 105910
8 15 259940
9 12 115950
9 10 63620
10 15 987500
10 8 105910
10 11 1049730
10 9 63620
11 4 1056860
11 6 188420
11 10 1049730
12 9 115950
12 14 378130
12 13 395400
12 15 352220
13 12 395400
13 15 816810
13 17 771620
13 16 621970
14 17 357830
14 12 378130
15 10 987500
15 13 816810
15 12 352220
15 8 259940
16 23 821630
16 20 462650
16 6 630460
16 13 621970
17 14 357830
17 13 771620
17 19 196370
17 25 748850
18 22 24020
18 25 1090320
18 19 84320
19 17 196370
19 18 84320
19 22 97700
20 16 462650
20 25 973400
20 23 611670
21 24 477900
21 23 366740
21 7 851430
22 18 24020
22 19 97700
23 21 366740
23 24 433870
23 16 821630
23 20 611670
24 21 477900
24 23 433870
25 20 973400
25 18 1090320
25 17 748850
