0 4 169310
0 2 108160
1 2 2152530
1 5 2928940
1 3 682740
2 1 2152530
2 0 108160
2 4 2400580
3 4 725890
3 1 682740
3 5 140960
4 0 169310
4 3 725890
4 2 2400580
4 11 3684170
5 1 2928940
5 3 140960
5 7 1519300
5 6 1805270
6 8 521580
6 7 660290
6 5 1805270
6 11 181630
6 16 1737380
7 6 660290
7 21 1595070
7 5 1519300
8 6 521580
8 10 176040
8 15 509220
9 12 354320
9 10 201950
10 15 3230310
10 8 176040
10 11 3503840
10 9 201950
11 4 3684170
11 6 181630
11 10 3503840
12 9 354320
12 14 692560
12 13 618240
12 15 1061380
13 12 618240
13 15 2853730
13 17 2479150
13 16 1092340
14 17 646610
14 12 692560
15 10 3230310
15 13 2853730
15 12 1061380
15 8 509220
16 23 1815930
16 20 885910
16 6 1737380
16 13 1092340
17 14 646610
17 13 2479150
17 19 382240
17 25 2594670
18 22 163580
18 25 3945000
18 19 296650
19 17 382240
19 18 296650
19 22 108670
20 16 885910
20 25 2208970
20 23 1400140
21 24 908640
21 23 727740
21 7 1595070
22 18 163580
22 19 108670
23 21 727740
23 24 1085940
23 16 1815930
23 20 1400140
24 21 908640
24 23 1085940
25 20 2208970
25 18 3945000
25 17 2594670
