0 4 566070
0 2 49440
1 2 2428540
1 5 3252120
1 3 448420
2 1 2428540
2 0 49440
2 4 2221380
3 4 518450
3 1 448420
3 5 330950
4 0 566070
4 3 518450
4 2 2221380
4 11 3614540
5 1 3252120
5 3 330950
5 7 1715420
5 6 2120870
6 8 444890
6 7 902130
6 5 2120870
6 11 576980
6 16 1919090
7 6 902130
7 21 2430430
7 5 1715420
8 6 444890
8 10 241320
8 15 350180
9 12 314450
9 10 184210
10 15 3145330
10 8 241320
10 11 3371680
10 9 184210
11 4 3614540
11 6 576980
11 10 3371680
12 9 314450
12 14 1126800
12 13 643490
12 15 902180
13 12 643490
13 15 2834190
13 17 2512900
13 16 1459010
14 17 1133250
14 12 1126800
15 10 3145330
15 13 2834190
15 12 902180
15 8 350180
16 23 1929120
16 20 1415100
16 6 1919090
16 13 1459010
17 14 1133250
17 13 2512900
17 19 532100
17 25 2709850
18 22 252620
18 25 5230000
18 19 212680
19 17 532100
19 18 212680
19 22 288950
20 16 1415100
20 25 3070460
20 23 1754630
21 24 1490880
21 23 933350
21 7 2430430
22 18 252620
22 19 288950
23 21 933350
23 24 1523210
23 16 1929120
23 20 1754630
24 21 1490880
24 23 1523210
25 20 3070460
25 18 5230000
25 17 2709850
