0 4 48960
0 2 1
1 2 879050
1 5 1026900
1 3 350020
2 1 879050
2 0 1
2 4 819240
3 4 395220
3 1 350020
3 5 14870
4 0 48960
4 3 395220
4 2 819240
4 11 1340470
5 1 1026900
5 3 14870
5 7 358590
5 6 769940
6 8 134160
6 7 145730
6 5 769940
6 11 38400
6 16 750230
7 6 145730
7 21 627170
7 5 358590
8 6 134160
8 10 71610
8 15 102530
9 12 102630
9 10 56590
10 15 1299320
10 8 71610
10 11 1341210
10 9 56590
11 4 1340470
11 6 38400
11 10 1341210
12 9 102630
12 14 529210
12 13 97750
12 15 627270
13 12 97750
13 15 788570
13 17 725210
13 16 367110
14 17 563950
14 12 529210
15 10 1299320
15 13 788570
15 12 627270
15 8 102530
16 23 661250
16 20 462510
16 6 750230
16 13 367110
17 14 563950
17 13 725210
17 19 198950
17 25 892370
18 22 17330
18 25 1660730
18 19 66270
19 17 198950
19 18 66270
19 22 79630
20 16 462510
20 25 1022730
20 23 705690
21 24 330320
21 23 409900
21 7 627170
22 18 17330
22 19 79630
23 21 409900
23 24 550290
23 16 661250
23 20 705690
24 21 330320
24 23 550290
25 20 1022730
25 18 1660730
25 17 892370
