0 4 280490
0 2 88510
1 2 1464060
1 5 2360770
1 3 140880
2 1 1464060
2 0 88510
2 4 1362610
3 4 216800
3 1 140880
3 5 68970
4 0 280490
4 3 216800
4 2 1362610
4 11 1836090
5 1 2360770
5 3 68970
5 7 729550
5 6 1735060
6 8 283150
6 7 357780
6 5 1735060
6 11 158320
6 16 1748480
7 6 357780
7 21 1077330
7 5 729550
8 6 283150
8 10 53430
8 15 360250
9 12 145780
9 10 50190
10 15 2052350
10 8 53430
10 11 1840780
10 9 50190
11 4 1836090
11 6 158320
11 10 1840780
12 9 145780
12 14 366620
12 13 272610
12 15 542090
13 12 272610
13 15 1816450
13 17 1677360
13 16 647830
14 17 396650
14 12 366620
15 10 2052350
15 13 1816450
15 12 542090
15 8 360250
16 23 1595600
16 20 808630
16 6 1748480
16 13 647830
17 14 396650
17 13 1677360
17 19 170410
17 25 1543540
18 22 174940
18 25 2409320
18 19 80460
19 17 170410
19 18 80460
19 22 130680
20 16 808630
20 25 1909120
20 23 1121560
21 24 559770
21 23 562090
21 7 1077330
22 18 174940
22 19 130680
23 21 562090
23 24 803990
23 16 1595600
23 20 1121560
24 21 559770
24 23 803990
25 20 1909120
25 18 2409320
25 17 1543540
