0 4 106710
0 2 39350
1 2 550210
1 5 745710
1 3 275610
2 1 550210
2 0 39350
2 4 869450
3 4 343860
3 1 275610
3 5 68490
4 0 106710
4 3 343860
4 2 869450
4 11 1345400
5 1 745710
5 3 68490
5 7 307880
5 6 539270
6 8 435550
6 7 485720
6 5 539270
6 11 56210
6 16 505600
7 6 485720
7 21 671910
7 5 307880
8 6 435550
8 10 83950
8 15 349680
9 12 30470
9 10 112610
10 15 1211380
10 8 83950
10 11 1339950
10 9 112610
11 4 1345400
11 6 56210
11 10 1339950
12 9 30470
12 14 305860
12 13 248850
12 15 675530
13 12 248850
13 15 882140
13 17 936890
13 16 494030
14 17 406300
14 12 305860
15 10 1211380
15 13 882140
15 12 675530
15 8 349680
16 23 827440
16 20 185720
16 6 505600
16 13 494030
17 14 406300
17 13 936890
17 19 135710
17 25 1067310
18 22 57380
18 25 1206810
18 19 112740
19 17 135710
19 18 112740
19 22 90090
20 16 185720
20 25 687520
20 23 545090
21 24 351790
21 23 299520
21 7 671910
22 18 57380
22 19 90090
23 21 299520
23 24 520390
23 16 827440
23 20 545090
24 21 351790
24 23 520390
25 20 687520
25 18 1206810
25 17 1067310
