0 4 144930
0 2 67650
1 2 603590
1 5 647290
1 3 158320
2 1 603590
2 0 67650
2 4 602720
3 4 180970
3 1 158320
3 5 60190
4 0 144930
4 3 180970
4 2 602720
4 11 997790
5 1 647290
5 3 60190
5 7 338560
5 6 412970
6 8 432890
6 7 554940
6 5 412970
6 11 115560
6 16 306910
7 6 554940
7 21 755030
7 5 338560
8 6 432890
8 10 40380
8 15 244430
9 12 133600
9 10 113240
10 15 903910
10 8 40380
10 11 980350
10 9 113240
11 4 997790
11 6 115560
11 10 980350
12 9 133600
12 14 402040
12 13 191210
12 15 581850
13 12 191210
13 15 583810
13 17 618810
13 16 289040
14 17 535200
14 12 402040
15 10 903910
15 13 583810
15 12 581850
15 8 244430
16 23 442630
16 20 181200
16 6 306910
16 13 289040
17 14 535200
17 13 618810
17 19 73860
17 25 870060
18 22 41110
18 25 1547350
18 19 18990
19 17 73860
19 18 18990
19 22 81520
20 16 181200
20 25 882770
20 23 736110
21 24 421740
21 23 305230
21 7 755030
22 18 41110
22 19 81520
23 21 305230
23 24 354110
23 16 442630
23 20 736110
24 21 421740
24 23 354110
25 20 882770
25 18 1547350
25 17 870060
