0 4 197190
0 2 91040
1 2 1142230
1 5 1235560
1 3 174010
2 1 1142230
2 0 91040
2 4 1086730
3 4 275750
3 1 174010
3 5 69980
4 0 197190
4 3 275750
4 2 1086730
4 11 1572670
5 1 1235560
5 3 69980
5 7 550250
5 6 878990
6 8 239170
6 7 264890
6 5 878990
6 11 133250
6 16 793830
7 6 264890
7 21 1150920
7 5 550250
8 6 239170
8 10 32370
8 15 274310
9 12 56230
9 10 111220
10 15 1408070
10 8 32370
10 11 1552960
10 9 111220
11 4 1572670
11 6 133250
11 10 1552960
12 9 56230
12 14 508370
12 13 61090
12 15 316220
13 12 61090
13 15 1486870
13 17 1507500
13 16 436150
14 17 618430
14 12 508370
15 10 1408070
15 13 1486870
15 12 316220
15 8 274310
16 23 875530
16 20 378870
16 6 793830
16 13 436150
17 14 618430
17 13 1507500
17 19 428120
17 25 1519640
18 22 87650
18 25 2745380
18 19 72670
19 17 428120
19 18 72670
19 22 218670
20 16 378870
20 25 1410140
20 23 1100020
21 24 459910
21 23 638440
21 7 1150920
22 18 87650
22 19 218670
23 21 638440
23 24 637790
23 16 875530
23 20 1100020
24 21 459910
24 23 637790
25 20 1410140
25 18 2745380
25 17 1519640
