0 4 82330
0 2 45780
1 2 839750
1 5 1131240
1 3 28720
2 1 839750
2 0 45780
2 4 636210
3 4 88370
3 1 28720
3 5 16580
4 0 82330
4 3 88370
4 2 636210
4 11 913120
5 1 1131240
5 3 16580
5 7 547320
5 6 666350
6 8 171460
6 7 321700
6 5 666350
6 11 191840
6 16 572930
7 6 321700
7 21 812280
7 5 547320
8 6 171460
8 10 59540
8 15 90180
9 12 150720
9 10 54250
10 15 965870
10 8 59540
10 11 907250
10 9 54250
11 4 913120
11 6 191840
11 10 907250
12 9 150720
12 14 385460
12 13 212370
12 15 94350
13 12 212370
13 15 961990
13 17 869380
13 16 491770
14 17 426820
14 12 385460
15 10 965870
15 13 961990
15 12 94350
15 8 90180
16 23 729950
16 20 375350
16 6 572930
16 13 491770
17 14 426820
17 13 869380
17 19 145620
17 25 1003140
18 22 60430
18 25 1393190
18 19 107070
19 17 145620
19 18 107070
19 22 45040
20 16 375350
20 25 953590
20 23 637440
21 24 535280
21 23 246360
21 7 812280
22 18 60430
22 19 45040
23 21 246360
23 24 581760
23 16 729950
23 20 637440
24 21 535280
24 23 581760
25 20 953590
25 18 1393190
25 17 1003140
