0 4 179050
0 2 32490
1 2 1281110
1 5 1616170
1 3 148590
2 1 1281110
2 0 32490
2 4 737720
3 4 192910
3 1 148590
3 5 108000
4 0 179050
4 3 192910
4 2 737720
4 11 1195040
5 1 1616170
5 3 108000
5 7 661750
5 6 1129380
6 8 379990
6 7 415740
6 5 1129380
6 11 141530
6 16 1113870
7 6 415740
7 21 932620
7 5 661750
8 6 379990
8 10 70070
8 15 552400
9 12 138710
9 10 40150
10 15 1213880
10 8 70070
10 11 1200950
10 9 40150
11 4 1195040
11 6 141530
11 10 1200950
12 9 138710
12 14 644300
12 13 320930
12 15 520350
13 12 320930
13 15 1296390
13 17 1044760
13 16 685370
14 17 674390
14 12 644300
15 10 1213880
15 13 1296390
15 12 520350
15 8 552400
16 23 1172800
16 20 517080
16 6 1113870
16 13 685370
17 14 674390
17 13 1044760
17 19 170620
17 25 1342840
18 22 44560
18 25 1874120
18 19 66950
19 17 170620
19 18 66950
19 22 62750
20 16 517080
20 25 1367960
20 23 978470
21 24 487960
21 23 527640
21 7 932620
22 18 44560
22 19 62750
23 21 527640
23 24 457820
23 16 1172800
23 20 978470
24 21 487960
24 23 457820
25 20 1367960
25 18 1874120
25 17 1342840
