0 4 650960
0 2 91960
1 2 2907860
1 5 3972040
1 3 813980
2 1 2907860
2 0 91960
2 4 2547230
3 4 1152700
3 1 813980
3 5 375510
4 0 650960
4 3 1152700
4 2 2547230
4 11 4506200
5 1 3972040
5 3 375510
5 7 2298930
5 6 2555230
6 8 1120630
6 7 1465090
6 5 2555230
6 11 716520
6 16 2416300
7 6 1465090
7 21 3081890
7 5 2298930
8 6 1120630
8 10 159350
8 15 1185970
9 12 213120
9 10 226160
10 15 3937820
10 8 159350
10 11 4000870
10 9 226160
11 4 4506200
11 6 716520
11 10 4000870
12 9 213120
12 14 1445610
12 13 710210
12 15 1944110
13 12 710210
13 15 3338640
13 17 3052690
13 16 1687540
14 17 1534350
14 12 1445610
15 10 3937820
15 13 3338640
15 12 1944110
15 8 1185970
16 23 2582820
16 20 1375180
16 6 2416300
16 13 1687540
17 14 1534350
17 13 3052690
17 19 753740
17 25 3587990
18 22 307130
18 25 5573590
18 19 336030
19 17 753740
19 18 336030
19 22 332900
20 16 1375180
20 25 4356550
20 23 3034960
21 24 1478650
21 23 1757440
21 7 3081890
22 18 307130
22 19 332900
23 21 1757440
23 24 1849560
23 16 2582820
23 20 3034960
24 21 1478650
24 23 1849560
25 20 4356550
25 18 5573590
25 17 3587990
