0 4 181310
0 2 53470
1 2 641340
1 5 985310
1 3 390990
2 1 641340
2 0 53470
2 4 1173490
3 4 412800
3 1 390990
3 5 45690
4 0 181310
4 3 412800
4 2 1173490
4 11 1785160
5 1 985310
5 3 45690
5 7 465740
5 6 598280
6 8 95080
6 7 169280
6 5 598280
6 11 113130
6 16 598010
7 6 169280
7 21 581020
7 5 465740
8 6 95080
8 10 37270
8 15 153800
9 12 91510
9 10 40460
10 15 1546300
10 8 37270
10 11 1616530
10 9 40460
11 4 1785160
11 6 113130
11 10 1616530
12 9 91510
12 14 475280
12 13 138380
12 15 839230
13 12 138380
13 15 884520
13 17 811320
13 16 383390
14 17 473200
14 12 475280
15 10 1546300
15 13 884520
15 12 839230
15 8 153800
16 23 621550
16 20 349480
16 6 598010
16 13 383390
17 14 473200
17 13 811320
17 19 118680
17 25 1045950
18 22 213760
18 25 1749940
18 19 86030
19 17 118680
19 18 86030
19 22 48290
20 16 349480
20 25 891540
20 23 596670
21 24 319700
21 23 393540
21 7 581020
22 18 213760
22 19 48290
23 21 393540
23 24 527020
23 16 621550
23 20 596670
24 21 319700
24 23 527020
25 20 891540
25 18 1749940
25 17 1045950
