0 4 165610
0 2 40830
1 2 1453860
1 5 1551510
1 3 194550
2 1 1453860
2 0 40830
2 4 680650
3 4 255270
3 1 194550
3 5 102000
4 0 165610
4 3 255270
4 2 680650
4 11 1208470
5 1 1551510
5 3 102000
5 7 578390
5 6 1160430
6 8 443580
6 7 508190
6 5 1160430
6 11 122090
6 16 1115860
7 6 508190
7 21 902250
7 5 578390
8 6 443580
8 10 79020
8 15 564830
9 12 155970
9 10 61160
10 15 1259060
10 8 79020
10 11 1286070
10 9 61160
11 4 1208470
11 6 122090
11 10 1286070
12 9 155970
12 14 562260
12 13 437170
12 15 576560
13 12 437170
13 15 1260080
13 17 1099740
13 16 769660
14 17 604660
14 12 562260
15 10 1259060
15 13 1260080
15 12 576560
15 8 564830
16 23 1473880
16 20 290010
16 6 1115860
16 13 769660
17 14 604660
17 13 1099740
17 19 140710
17 25 1335350
18 22 74780
18 25 1868860
18 19 93350
19 17 140710
19 18 93350
19 22 62570
20 16 290010
20 25 1186300
20 23 1012040
21 24 510550
21 23 528330
21 7 902250
22 18 74780
22 19 62570
23 21 528330
23 24 541030
23 16 1473880
23 20 1012040
24 21 510550
24 23 541030
25 20 1186300
25 18 1868860
25 17 1335350
