0 4 443070
0 2 71270
1 2 1925940
1 5 3261720
1 3 521420
2 1 1925940
2 0 71270
2 4 2624400
3 4 769100
3 1 521420
3 5 213530
4 0 443070
4 3 769100
4 2 2624400
4 11 4047330
5 1 3261720
5 3 213530
5 7 1975990
5 6 1822240
6 8 825190
6 7 958950
6 5 1822240
6 11 430440
6 16 1700660
7 6 958950
7 21 2440470
7 5 1975990
8 6 825190
8 10 193930
8 15 700770
9 12 270380
9 10 160780
10 15 3924580
10 8 193930
10 11 3844320
10 9 160780
11 4 4047330
11 6 430440
11 10 3844320
12 9 270380
12 14 843360
12 13 966610
12 15 1476370
13 12 966610
13 15 3383860
13 17 2959590
13 16 1707470
14 17 948340
14 12 843360
15 10 3924580
15 13 3383860
15 12 1476370
15 8 700770
16 23 2637340
16 20 1004980
16 6 1700660
16 13 1707470
17 14 948340
17 13 2959590
17 19 471110
17 25 2835980
18 22 294430
18 25 4647660
18 19 141480
19 17 471110
19 18 141480
19 22 364790
20 16 1004980
20 25 3180820
20 23 2342010
21 24 1343490
21 23 1370910
21 7 2440470
22 18 294430
22 19 364790
23 21 1370910
23 24 2005560
23 16 2637340
23 20 2342010
24 21 1343490
24 23 2005560
25 20 3180820
25 18 4647660
25 17 2835980
