0 4 489370
0 2 151560
1 2 1596480
1 5 2242610
1 3 525050
2 1 1596480
2 0 151560
2 4 1618600
3 4 659220
3 1 525050
3 5 241970
4 0 489370
4 3 659220
4 2 1618600
4 11 2985290
5 1 2242610
5 3 241970
5 7 1466110
5 6 1380790
6 8 529650
6 7 811220
6 5 1380790
6 11 277690
6 16 1431120
7 6 811220
7 21 2434750
7 5 1466110
8 6 529650
8 10 184300
8 15 663860
9 12 324220
9 10 82940
10 15 2987830
10 8 184300
10 11 2976470
10 9 82940
11 4 2985290
11 6 277690
11 10 2976470
12 9 324220
12 14 1003110
12 13 953320
12 15 1058060
13 12 953320
13 15 2821760
13 17 2547110
13 16 1641310
14 17 998470
14 12 1003110
15 10 2987830
15 13 2821760
15 12 1058060
15 8 663860
16 23 1837340
16 20 1163650
16 6 1431120
16 13 1641310
17 14 998470
17 13 2547110
17 19 364020
17 25 2708790
18 22 282480
18 25 4314490
18 19 79600
19 17 364020
19 18 79600
19 22 100350
20 16 1163650
20 25 3126220
20 23 2089690
21 24 1188170
21 23 1126470
21 7 2434750
22 18 282480
22 19 100350
23 21 1126470
23 24 1492610
23 16 1837340
23 20 2089690
24 21 1188170
24 23 1492610
25 20 3126220
25 18 4314490
25 17 2708790
