0 4 195270
0 2 73030
1 2 1196830
1 5 1735780
1 3 311210
2 1 1196830
2 0 73030
2 4 1187790
3 4 352410
3 1 311210
3 5 184370
4 0 195270
4 3 352410
4 2 1187790
4 11 1881970
5 1 1735780
5 3 184370
5 7 887380
5 6 1170900
6 8 398550
6 7 487330
6 5 1170900
6 11 306550
6 16 1080590
7 6 487330
7 21 1485050
7 5 887380
8 6 398550
8 10 67360
8 15 302260
9 12 277640
9 10 45920
10 15 1825380
10 8 67360
10 11 1835710
10 9 45920
11 4 1881970
11 6 306550
11 10 1835710
12 9 277640
12 14 959720
12 13 363400
12 15 533160
13 12 363400
13 15 1630820
13 17 1587690
13 16 888700
14 17 994980
14 12 959720
15 10 1825380
15 13 1630820
15 12 533160
15 8 302260
16 23 1395460
16 20 594980
16 6 1080590
16 13 888700
17 14 994980
17 13 1587690
17 19 361520
17 25 1990910
18 22 143560
18 25 2675660
18 19 141670
19 17 361520
19 18 141670
19 22 184980
20 16 594980
20 25 1465110
20 23 1019670
21 24 861380
21 23 594190
21 7 1485050
22 18 143560
22 19 184980
23 21 594190
23 24 975300
23 16 1395460
23 20 1019670
24 21 861380
24 23 975300
25 20 1465110
25 18 2675660
25 17 1990910
