0 4 438020
0 2 149650
1 2 1923230
1 5 3295410
1 3 406310
2 1 1923230
2 0 149650
2 4 3117180
3 4 601950
3 1 406310
3 5 94230
4 0 438020
4 3 601950
4 2 3117180
4 11 4256160
5 1 3295410
5 3 94230
5 7 1483250
5 6 2167450
6 8 465470
6 7 805540
6 5 2167450
6 11 474060
6 16 1878380
7 6 805540
7 21 3767990
7 5 1483250
8 6 465470
8 10 248670
8 15 537920
9 12 344640
9 10 147960
10 15 3981750
10 8 248670
10 11 4194500
10 9 147960
11 4 4256160
11 6 474060
11 10 4194500
12 9 344640
12 14 1853850
12 13 695220
12 15 1148020
13 12 695220
13 15 3496800
13 17 3192600
13 16 1326730
14 17 1736040
14 12 1853850
15 10 3981750
15 13 3496800
15 12 1148020
15 8 537920
16 23 1603150
16 20 1699750
16 6 1878380
16 13 1326730
17 14 1736040
17 13 3192600
17 19 563740
17 25 4085690
18 22 358390
18 25 7164260
18 19 137950
19 17 563740
19 18 137950
19 22 284750
20 16 1699750
20 25 4953960
20 23 3617320
21 24 1404030
21 23 2371290
21 7 3767990
22 18 358390
22 19 284750
23 21 2371290
23 24 2026130
23 16 1603150
23 20 3617320
24 21 1404030
24 23 2026130
25 20 4953960
25 18 7164260
25 17 4085690
