0 4 89850
0 2 45240
1 2 502830
1 5 669930
1 3 176520
2 1 502830
2 0 45240
2 4 688540
3 4 213470
3 1 176520
3 5 76710
4 0 89850
4 3 213470
4 2 688540
4 11 985210
5 1 669930
5 3 76710
5 7 312470
5 6 461690
6 8 117150
6 7 213240
6 5 461690
6 11 105390
6 16 415690
7 6 213240
7 21 625070
7 5 312470
8 6 117150
8 10 28260
8 15 113130
9 12 102900
9 10 34680
10 15 885460
10 8 28260
10 11 905220
10 9 34680
11 4 985210
11 6 105390
11 10 905220
12 9 102900
12 14 310450
12 13 120760
12 15 373090
13 12 120760
13 15 624970
13 17 538210
13 16 215700
14 17 338420
14 12 310450
15 10 885460
15 13 624970
15 12 373090
15 8 113130
16 23 391110
16 20 246930
16 6 415690
16 13 215700
17 14 338420
17 13 538210
17 19 140950
17 25 654890
18 22 70720
18 25 1146890
18 19 96340
19 17 140950
19 18 96340
19 22 55140
20 16 246930
20 25 732150
20 23 572330
21 24 365180
21 23 347300
21 7 625070
22 18 70720
22 19 55140
23 21 347300
23 24 267170
23 16 391110
23 20 572330
24 21 365180
24 23 267170
25 20 732150
25 18 1146890
25 17 654890
