0 4 94930
0 2 44530
1 2 666040
1 5 1390380
1 3 99180
2 1 666040
2 0 44530
2 4 884390
3 4 94280
3 1 99180
3 5 72870
4 0 94930
4 3 94280
4 2 884390
4 11 1147570
5 1 1390380
5 3 72870
5 7 683360
5 6 864500
6 8 389030
6 7 467300
6 5 864500
6 11 143470
6 16 881340
7 6 467300
7 21 796170
7 5 683360
8 6 389030
8 10 120430
8 15 397020
9 12 71340
9 10 73810
10 15 1090560
10 8 120430
10 11 1058500
10 9 73810
11 4 1147570
11 6 143470
11 10 1058500
12 9 71340
12 14 525070
12 13 321420
12 15 517970
13 12 321420
13 15 1015010
13 17 1074930
13 16 775950
14 17 497650
14 12 525070
15 10 1090560
15 13 1015010
15 12 517970
15 8 397020
16 23 1103820
16 20 698540
16 6 881340
16 13 775950
17 14 497650
17 13 1074930
17 19 196880
17 25 1007570
18 22 80910
18 25 1816920
18 19 97970
19 17 196880
19 18 97970
19 22 150070
20 16 698540
20 25 1509620
20 23 909800
21 24 494890
21 23 400530
21 7 796170
22 18 80910
22 19 150070
23 21 400530
23 24 812440
23 16 1103820
23 20 909800
24 21 494890
24 23 812440
25 20 1509620
25 18 1816920
25 17 1007570
