0 4 120740
0 2 66000
1 2 898230
1 5 1057570
1 3 86740
2 1 898230
2 0 66000
2 4 1108660
3 4 79910
3 1 86740
3 5 124600
4 0 120740
4 3 79910
4 2 1108660
4 11 1384520
5 1 1057570
5 3 124600
5 7 479340
5 6 872000
6 8 253430
6 7 245150
6 5 872000
6 11 106780
6 16 835970
7 6 245150
7 21 774480
7 5 479340
8 6 253430
8 10 125590
8 15 154580
9 12 172400
9 10 136590
10 15 1302590
10 8 125590
10 11 1334810
10 9 136590
11 4 1384520
11 6 106780
11 10 1334810
12 9 172400
12 14 367490
12 13 224310
12 15 311080
13 12 224310
13 15 1155420
13 17 1124520
13 16 382040
14 17 427360
14 12 367490
15 10 1302590
15 13 1155420
15 12 311080
15 8 154580
16 23 551010
16 20 647420
16 6 835970
16 13 382040
17 14 427360
17 13 1124520
17 19 116810
17 25 1199140
18 22 158460
18 25 1848480
18 19 80110
19 17 116810
19 18 80110
19 22 60300
20 16 647420
20 25 1331300
20 23 885990
21 24 418090
21 23 310690
21 7 774480
22 18 158460
22 19 60300
23 21 310690
23 24 455540
23 16 551010
23 20 885990
24 21 418090
24 23 455540
25 20 1331300
25 18 1848480
25 17 1199140
