0 4 374780
0 2 83350
1 2 2372410
1 5 3302080
1 3 466730
2 1 2372410
2 0 83350
2 4 2350630
3 4 389060
3 1 466730
3 5 132920
4 0 374780
4 3 389060
4 2 2350630
4 11 3167370
5 1 3302080
5 3 132920
5 7 1302170
5 6 2669500
6 8 917180
6 7 1152300
6 5 2669500
6 11 462680
6 16 2365580
7 6 1152300
7 21 2580130
7 5 1302170
8 6 917180
8 10 362990
8 15 971700
9 12 361130
9 10 115310
10 15 3039930
10 8 362990
10 11 3111020
10 9 115310
11 4 3167370
11 6 462680
11 10 3111020
12 9 361130
12 14 1132270
12 13 427180
12 15 1364590
13 12 427180
13 15 2719110
13 17 2702760
13 16 1223100
14 17 1266250
14 12 1132270
15 10 3039930
15 13 2719110
15 12 1364590
15 8 971700
16 23 2150710
16 20 1751390
16 6 2365580
16 13 1223100
17 14 1266250
17 13 2702760
17 19 488820
17 25 2870680
18 22 353100
18 25 5427190
18 19 234910
19 17 488820
19 18 234910
19 22 156350
20 16 1751390
20 25 4178920
20 23 2800570
21 24 1094450
21 23 1505730
21 7 2580130
22 18 353100
22 19 156350
23 21 1505730
23 24 1682530
23 16 2150710
23 20 2800570
24 21 1094450
24 23 1682530
25 20 4178920
25 18 5427190
25 17 2870680
