0 4 224180
0 2 71840
1 2 332500
1 5 893310
1 3 166450
2 1 332500
2 0 71840
2 4 858290
3 4 206290
3 1 166450
3 5 60140
4 0 224180
4 3 206290
4 2 858290
4 11 1320980
5 1 893310
5 3 60140
5 7 283700
5 6 661930
6 8 162620
6 7 211220
6 5 661930
6 11 142850
6 16 607380
7 6 211220
7 21 715680
7 5 283700
8 6 162620
8 10 42220
8 15 187240
9 12 118710
9 10 86880
10 15 1261190
10 8 42220
10 11 1189900
10 9 86880
11 4 1320980
11 6 142850
11 10 1189900
12 9 118710
12 14 343270
12 13 278920
12 15 312630
13 12 278920
13 15 1109480
13 17 989190
13 16 564110
14 17 380110
14 12 343270
15 10 1261190
15 13 1109480
15 12 312630
15 8 187240
16 23 716520
16 20 458370
16 6 607380
16 13 564110
17 14 380110
17 13 989190
17 19 134490
17 25 1051170
18 22 59560
18 25 1241640
18 19 90570
19 17 134490
19 18 90570
19 22 78020
20 16 458370
20 25 1076430
20 23 685730
21 24 416280
21 23 349900
21 7 715680
22 18 59560
22 19 78020
23 21 349900
23 24 405650
23 16 716520
23 20 685730
24 21 416280
24 23 405650
25 20 1076430
25 18 1241640
25 17 1051170
