0 4 132580
0 2 80020
1 2 1404770
1 5 1420810
1 3 179190
2 1 1404770
2 0 80020
2 4 1094970
3 4 155140
3 1 179190
3 5 172990
4 0 132580
4 3 155140
4 2 1094970
4 11 1544540
5 1 1420810
5 3 172990
5 7 1007170
5 6 853820
6 8 547480
6 7 701090
6 5 853820
6 11 190740
6 16 800440
7 6 701090
7 21 1539580
7 5 1007170
8 6 547480
8 10 161920
8 15 600060
9 12 244470
9 10 88700
10 15 1512610
10 8 161920
10 11 1560560
10 9 88700
11 4 1544540
11 6 190740
11 10 1560560
12 9 244470
12 14 451630
12 13 406970
12 15 798340
13 12 406970
13 15 1425070
13 17 1200840
13 16 740010
14 17 575890
14 12 451630
15 10 1512610
15 13 1425070
15 12 798340
15 8 600060
16 23 996570
16 20 434630
16 6 800440
16 13 740010
17 14 575890
17 13 1200840
17 19 220730
17 25 1257190
18 22 64200
18 25 2183540
18 19 152600
19 17 220730
19 18 152600
19 22 71950
20 16 434630
20 25 1801690
20 23 1353300
21 24 851920
21 23 720630
21 7 1539580
22 18 64200
22 19 71950
23 21 720630
23 24 647880
23 16 996570
23 20 1353300
24 21 851920
24 23 647880
25 20 1801690
25 18 2183540
25 17 1257190
