0 4 723670
0 2 123280
1 2 3060710
1 5 4513920
1 3 887710
2 1 3060710
2 0 123280
2 4 3311940
3 4 1194760
3 1 887710
3 5 274470
4 0 723670
4 3 1194760
4 2 3311940
4 11 5466510
5 1 4513920
5 3 274470
5 7 2268210
5 6 2761760
6 8 1016770
6 7 1496700
6 5 2761760
6 11 492820
6 16 2834830
7 6 1496700
7 21 4363070
7 5 2268210
8 6 1016770
8 10 401890
8 15 735960
9 12 413520
9 10 370490
10 15 4963510
10 8 401890
10 11 5118130
10 9 370490
11 4 5466510
11 6 492820
11 10 5118130
12 9 413520
12 14 2028430
12 13 491120
12 15 1782830
13 12 491120
13 15 3945520
13 17 3553440
13 16 1454790
14 17 2184340
14 12 2028430
15 10 4963510
15 13 3945520
15 12 1782830
15 8 735960
16 23 2241710
16 20 1958920
16 6 2834830
16 13 1454790
17 14 2184340
17 13 3553440
17 19 546240
17 25 4785900
18 22 380450
18 25 7484480
18 19 673980
19 17 546240
19 18 673980
19 22 255540
20 16 1958920
20 25 5548090
20 23 3908460
21 24 1988820
21 23 2535200
21 7 4363070
22 18 380450
22 19 255540
23 21 2535200
23 24 2104810
23 16 2241710
23 20 3908460
24 21 1988820
24 23 2104810
25 20 5548090
25 18 7484480
25 17 4785900
