0 4 244620
0 2 198530
1 2 2009130
1 5 1963320
1 3 422080
2 1 2009130
2 0 198530
2 4 1884890
3 4 592590
3 1 422080
3 5 221750
4 0 244620
4 3 592590
4 2 1884890
4 11 2880100
5 1 1963320
5 3 221750
5 7 856130
5 6 1561120
6 8 358700
6 7 809650
6 5 1561120
6 11 416050
6 16 1554000
7 6 809650
7 21 2478220
7 5 856130
8 6 358700
8 10 114420
8 15 354840
9 12 224420
9 10 73870
10 15 2697430
10 8 114420
10 11 2725570
10 9 73870
11 4 2880100
11 6 416050
11 10 2725570
12 9 224420
12 14 1089730
12 13 453480
12 15 582470
13 12 453480
13 15 2504740
13 17 2438600
13 16 825000
14 17 1211160
14 12 1089730
15 10 2697430
15 13 2504740
15 12 582470
15 8 354840
16 23 1446420
16 20 1059640
16 6 1554000
16 13 825000
17 14 1211160
17 13 2438600
17 19 410860
17 25 2876630
18 22 319840
18 25 4568710
18 19 251440
19 17 410860
19 18 251440
19 22 109260
20 16 1059640
20 25 2885030
20 23 1927190
21 24 998890
21 23 1453510
21 7 2478220
22 18 319840
22 19 109260
23 21 1453510
23 24 1158870
23 16 1446420
23 20 1927190
24 21 998890
24 23 1158870
25 20 2885030
25 18 4568710
25 17 2876630
