0 4 769200
0 2 115630
1 2 3760680
1 5 6183930
1 3 474020
2 1 3760680
2 0 115630
2 4 4113070
3 4 676190
3 1 474020
3 5 367850
4 0 769200
4 3 676190
4 2 4113070
4 11 5723840
5 1 6183930
5 3 367850
5 7 2798830
5 6 4067620
6 8 1044080
6 7 1323130
6 5 4067620
6 11 546030
6 16 3934480
7 6 1323130
7 21 5012660
7 5 2798830
8 6 1044080
8 10 261300
8 15 1002950
9 12 555720
9 10 266850
10 15 5412650
10 8 261300
10 11 5320930
10 9 266850
11 4 5723840
11 6 546030
11 10 5320930
12 9 555720
12 14 2151300
12 13 1037100
12 15 1498590
13 12 1037100
13 15 5135500
13 17 4883360
13 16 2218340
14 17 1992120
14 12 2151300
15 10 5412650
15 13 5135500
15 12 1498590
15 8 1002950
16 23 3369290
16 20 2591240
16 6 3934480
16 13 2218340
17 14 1992120
17 13 4883360
17 19 904890
17 25 5391580
18 22 340470
18 25 9267450
18 19 291020
19 17 904890
19 18 291020
19 22 647710
20 16 2591240
20 25 6078920
20 23 3976160
21 24 2062390
21 23 2954050
21 7 5012660
22 18 340470
22 19 647710
23 21 2954050
23 24 2056150
23 16 3369290
23 20 3976160
24 21 2062390
24 23 2056150
25 20 6078920
25 18 9267450
25 17 5391580
