0 4 126070
0 2 9540
1 2 456100
1 5 1242680
1 3 232390
2 1 456100
2 0 9540
2 4 1245670
3 4 182450
3 1 232390
3 5 29520
4 0 126070
4 3 182450
4 2 1245670
4 11 1592800
5 1 1242680
5 3 29520
5 7 611740
5 6 767430
6 8 253150
6 7 403710
6 5 767430
6 11 177900
6 16 715050
7 6 403710
7 21 945420
7 5 611740
8 6 253150
8 10 90190
8 15 259330
9 12 143630
9 10 64000
10 15 1355640
10 8 90190
10 11 1506400
10 9 64000
11 4 1592800
11 6 177900
11 10 1506400
12 9 143630
12 14 285020
12 13 154720
12 15 549470
13 12 154720
13 15 998900
13 17 871250
13 16 375540
14 17 278880
14 12 285020
15 10 1355640
15 13 998900
15 12 549470
15 8 259330
16 23 619660
16 20 502840
16 6 715050
16 13 375540
17 14 278880
17 13 871250
17 19 195780
17 25 773550
18 22 41240
18 25 1284330
18 19 74840
19 17 195780
19 18 74840
19 22 56810
20 16 502840
20 25 1418550
20 23 999390
21 24 279670
21 23 624400
21 7 945420
22 18 41240
22 19 56810
23 21 624400
23 24 525720
23 16 619660
23 20 999390
24 21 279670
24 23 525720
25 20 1418550
25 18 1284330
25 17 773550
