0 4 126570
0 2 5260
1 2 540490
1 5 875900
1 3 116300
2 1 540490
2 0 5260
2 4 674000
3 4 144400
3 1 116300
3 5 115960
4 0 126570
4 3 144400
4 2 674000
4 11 1032330
5 1 875900
5 3 115960
5 7 401820
5 6 745640
6 8 216240
6 7 246050
6 5 745640
6 11 98510
6 16 647940
7 6 246050
7 21 771710
7 5 401820
8 6 216240
8 10 74160
8 15 181250
9 12 109700
9 10 53220
10 15 906180
10 8 74160
10 11 959620
10 9 53220
11 4 1032330
11 6 98510
11 10 959620
12 9 109700
12 14 382230
12 13 198940
12 15 296320
13 12 198940
13 15 807140
13 17 751160
13 16 341410
14 17 381500
14 12 382230
15 10 906180
15 13 807140
15 12 296320
15 8 181250
16 23 573390
16 20 413820
16 6 647940
16 13 341410
17 14 381500
17 13 751160
17 19 123000
17 25 985620
18 22 73750
18 25 1487000
18 19 89130
19 17 123000
19 18 89130
19 22 58210
20 16 413820
20 25 1156400
20 23 834860
21 24 440710
21 23 405990
21 7 771710
22 18 73750
22 19 58210
23 21 405990
23 24 469800
23 16 573390
23 20 834860
24 21 440710
24 23 469800
25 20 1156400
25 18 1487000
25 17 985620
