0 4 384850
0 2 84840
1 2 1713320
1 5 2248140
1 3 566080
2 1 1713320
2 0 84840
2 4 2281580
3 4 610250
3 1 566080
3 5 134060
4 0 384850
4 3 610250
4 2 2281580
4 11 3470990
5 1 2248140
5 3 134060
5 7 1025840
5 6 1468060
6 8 377620
6 7 645600
6 5 1468060
6 11 374350
6 16 1461880
7 6 645600
7 21 2023220
7 5 1025840
8 6 377620
8 10 152500
8 15 344490
9 12 150170
9 10 98760
10 15 3256340
10 8 152500
10 11 3285250
10 9 98760
11 4 3470990
11 6 374350
11 10 3285250
12 9 150170
12 14 554460
12 13 454690
12 15 1602670
13 12 454690
13 15 2065270
13 17 1872410
13 16 851470
14 17 562080
14 12 554460
15 10 3256340
15 13 2065270
15 12 1602670
15 8 344490
16 23 1316970
16 20 903610
16 6 1461880
16 13 851470
17 14 562080
17 13 1872410
17 19 168530
17 25 2119840
18 22 281430
18 25 3726380
18 19 268260
19 17 168530
19 18 268260
19 22 111820
20 16 903610
20 25 3055350
20 23 2395140
21 24 928070
21 23 1025050
21 7 2023220
22 18 281430
22 19 111820
23 21 1025050
23 24 847840
23 16 1316970
23 20 2395140
24 21 928070
24 23 847840
25 20 3055350
25 18 3726380
25 17 2119840
