0 4 960060
0 2 227100
1 2 5096190
1 5 7993940
1 3 994110
2 1 5096190
2 0 227100
2 4 4685130
3 4 1195500
3 1 994110
3 5 194150
4 0 960060
4 3 1195500
4 2 4685130
4 11 7295050
5 1 7993940
5 3 194150
5 7 3596760
5 6 4952980
6 8 1860480
6 7 2445760
6 5 4952980
6 11 920510
6 16 4871990
7 6 2445760
7 21 5969210
7 5 3596760
8 6 1860480
8 10 357750
8 15 2156210
9 12 632340
9 10 412120
10 15 6592360
10 8 357750
10 11 6529900
10 9 412120
11 4 7295050
11 6 920510
11 10 6529900
12 9 632340
12 14 2499570
12 13 1236540
12 15 2980920
13 12 1236540
13 15 6040460
13 17 5228890
13 16 2956960
14 17 2542190
14 12 2499570
15 10 6592360
15 13 6040460
15 12 2980920
15 8 2156210
16 23 4955350
16 20 2784840
16 6 4871990
16 13 2956960
17 14 2542190
17 13 5228890
17 19 1217360
17 25 5603230
18 22 707210
18 25 10383490
18 19 449960
19 17 1217360
19 18 449960
19 22 909220
20 16 2784840
20 25 7720820
20 23 5888230
21 24 2932770
21 23 3038630
21 7 5969210
22 18 707210
22 19 909220
23 21 3038630
23 24 2999000
23 16 4955350
23 20 5888230
24 21 2932770
24 23 2999000
25 20 7720820
25 18 10383490
25 17 5603230
