0 4 500060
0 2 50740
1 2 2173440
1 5 3754010
1 3 1080390
2 1 2173440
2 0 50740
2 4 3810060
3 4 1363930
3 1 1080390
3 5 177630
4 0 500060
4 3 1363930
4 2 3810060
4 11 5745550
5 1 3754010
5 3 177630
5 7 1215200
5 6 2864550
6 8 996530
6 7 1434030
6 5 2864550
6 11 580990
6 16 2826860
7 6 1434030
7 21 2491730
7 5 1215200
8 6 996530
8 10 126040
8 15 1074300
9 12 246620
9 10 437640
10 15 5160990
10 8 126040
10 11 5708930
10 9 437640
11 4 5745550
11 6 580990
11 10 5708930
12 9 246620
12 14 1756810
12 13 747590
12 15 2642870
13 12 747590
13 15 3719190
13 17 3503320
13 16 1359560
14 17 1370870
14 12 1756810
15 10 5160990
15 13 3719190
15 12 2642870
15 8 1074300
16 23 2487980
16 20 1787430
16 6 2826860
16 13 1359560
17 14 1370870
17 13 3503320
17 19 491150
17 25 4187840
18 22 306070
18 25 6972350
18 19 173010
19 17 491150
19 18 173010
19 22 272070
20 16 1787430
20 25 5167240
20 23 3629980
21 24 1578080
21 23 1229700
21 7 2491730
22 18 306070
22 19 272070
23 21 1229700
23 24 1876540
23 16 2487980
23 20 3629980
24 21 1578080
24 23 1876540
25 20 5167240
25 18 6972350
25 17 4187840
