0 4 137800
0 2 21090
1 2 444470
1 5 1272330
1 3 54640
2 1 444470
2 0 21090
2 4 788770
3 4 126740
3 1 54640
3 5 71530
4 0 137800
4 3 126740
4 2 788770
4 11 1229970
5 1 1272330
5 3 71530
5 7 733150
5 6 761480
6 8 415310
6 7 489240
6 5 761480
6 11 164000
6 16 710320
7 6 489240
7 21 795690
7 5 733150
8 6 415310
8 10 59420
8 15 398590
9 12 53400
9 10 66240
10 15 945190
10 8 59420
10 11 1006500
10 9 66240
11 4 1229970
11 6 164000
11 10 1006500
12 9 53400
12 14 350260
12 13 151760
12 15 358450
13 12 151760
13 15 983220
13 17 909560
13 16 471370
14 17 354680
14 12 350260
15 10 945190
15 13 983220
15 12 358450
15 8 398590
16 23 529220
16 20 644600
16 6 710320
16 13 471370
17 14 354680
17 13 909560
17 19 78120
17 25 1065910
18 22 41070
18 25 1405910
18 19 122700
19 17 78120
19 18 122700
19 22 50800
20 16 644600
20 25 1119170
20 23 469540
21 24 479630
21 23 327530
21 7 795690
22 18 41070
22 19 50800
23 21 327530
23 24 451000
23 16 529220
23 20 469540
24 21 479630
24 23 451000
25 20 1119170
25 18 1405910
25 17 1065910
