0 4 104580
0 2 69800
1 2 803040
1 5 707500
1 3 199290
2 1 803040
2 0 69800
2 4 918460
3 4 161970
3 1 199290
3 5 59280
4 0 104580
4 3 161970
4 2 918460
4 11 1281850
5 1 707500
5 3 59280
5 7 403950
5 6 431190
6 8 176040
6 7 216900
6 5 431190
6 11 109160
6 16 403320
7 6 216900
7 21 328860
7 5 403950
8 6 176040
8 10 58030
8 15 191590
9 12 37520
9 10 47850
10 15 1215660
10 8 58030
10 11 1214300
10 9 47850
11 4 1281850
11 6 109160
11 10 1214300
12 9 37520
12 14 205530
12 13 120760
12 15 341680
13 12 120760
13 15 1032270
13 17 932170
13 16 276910
14 17 250610
14 12 205530
15 10 1215660
15 13 1032270
15 12 341680
15 8 191590
16 23 331780
16 20 337500
16 6 403320
16 13 276910
17 14 250610
17 13 932170
17 19 190250
17 25 893490
18 22 86380
18 25 880500
18 19 29530
19 17 190250
19 18 29530
19 22 106220
20 16 337500
20 25 874330
20 23 725360
21 24 270830
21 23 114410
21 7 328860
22 18 86380
22 19 106220
23 21 114410
23 24 419230
23 16 331780
23 20 725360
24 21 270830
24 23 419230
25 20 874330
25 18 880500
25 17 893490
