0 4 95470
0 2 49940
1 2 719440
1 5 585190
1 3 117310
2 1 719440
2 0 49940
2 4 702160
3 4 181800
3 1 117310
3 5 37290
4 0 95470
4 3 181800
4 2 702160
4 11 1025510
5 1 585190
5 3 37290
5 7 285740
5 6 451550
6 8 197670
6 7 270130
6 5 451550
6 11 118910
6 16 404010
7 6 270130
7 21 655960
7 5 285740
8 6 197670
8 10 119810
8 15 171030
9 12 120910
9 10 70110
10 15 992770
10 8 119810
10 11 1082420
10 9 70110
11 4 1025510
11 6 118910
11 10 1082420
12 9 120910
12 14 164910
12 13 281680
12 15 403970
13 12 281680
13 15 737280
13 17 740800
13 16 531930
14 17 136580
14 12 164910
15 10 992770
15 13 737280
15 12 403970
15 8 171030
16 23 581690
16 20 300560
16 6 404010
16 13 531930
17 14 136580
17 13 740800
17 19 80180
17 25 556490
18 22 47390
18 25 828830
18 19 51090
19 17 80180
19 18 51090
19 22 25660
20 16 300560
20 25 843170
20 23 593130
21 24 389400
21 23 329830
21 7 655960
22 18 47390
22 19 25660
23 21 329830
23 24 492120
23 16 581690
23 20 593130
24 21 389400
24 23 492120
25 20 843170
25 18 828830
25 17 556490
