0 4 146050
0 2 49400
1 2 398430
1 5 1091720
1 3 272780
2 1 398430
2 0 49400
2 4 1319820
3 4 369410
3 1 272780
3 5 15530
4 0 146050
4 3 369410
4 2 1319820
4 11 1913040
5 1 1091720
5 3 15530
5 7 647100
5 6 556630
6 8 145690
6 7 287290
6 5 556630
6 11 109530
6 16 556060
7 6 287290
7 21 797460
7 5 647100
8 6 145690
8 10 114560
8 15 207690
9 12 82950
9 10 18470
10 15 1817230
10 8 114560
10 11 1844330
10 9 18470
11 4 1913040
11 6 109530
11 10 1844330
12 9 82950
12 14 531410
12 13 280030
12 15 520740
13 12 280030
13 15 1526840
13 17 1365430
13 16 663720
14 17 536660
14 12 531410
15 10 1817230
15 13 1526840
15 12 520740
15 8 207690
16 23 806220
16 20 412990
16 6 556060
16 13 663720
17 14 536660
17 13 1365430
17 19 182920
17 25 1526020
18 22 121060
18 25 1980200
18 19 96860
19 17 182920
19 18 96860
19 22 84680
20 16 412990
20 25 1349330
20 23 879320
21 24 319950
21 23 453370
21 7 797460
22 18 121060
22 19 84680
23 21 453370
23 24 555320
23 16 806220
23 20 879320
24 21 319950
24 23 555320
25 20 1349330
25 18 1980200
25 17 1526020
