0 4 146020
0 2 18980
1 2 735690
1 5 1043460
1 3 199410
2 1 735690
2 0 18980
2 4 872250
3 4 244790
3 1 199410
3 5 21750
4 0 146020
4 3 244790
4 2 872250
4 11 1254170
5 1 1043460
5 3 21750
5 7 470040
5 6 633270
6 8 361570
6 7 374190
6 5 633270
6 11 46290
6 16 600870
7 6 374190
7 21 865060
7 5 470040
8 6 361570
8 10 45920
8 15 358300
9 12 71100
9 10 103950
10 15 1235470
10 8 45920
10 11 1346520
10 9 103950
11 4 1254170
11 6 46290
11 10 1346520
12 9 71100
12 14 225340
12 13 299220
12 15 710040
13 12 299220
13 15 981060
13 17 919430
13 16 569810
14 17 165150
14 12 225340
15 10 1235470
15 13 981060
15 12 710040
15 8 358300
16 23 749910
16 20 454140
16 6 600870
16 13 569810
17 14 165150
17 13 919430
17 19 113430
17 25 828820
18 22 90880
18 25 1628420
18 19 66560
19 17 113430
19 18 66560
19 22 66230
20 16 454140
20 25 1377490
20 23 1158060
21 24 329500
21 23 508940
21 7 865060
22 18 90880
22 19 66230
23 21 508940
23 24 647210
23 16 749910
23 20 1158060
24 21 329500
24 23 647210
25 20 1377490
25 18 1628420
25 17 828820
