0 4 173690
0 2 92350
1 2 1507280
1 5 2039620
1 3 181390
2 1 1507280
2 0 92350
2 4 1037980
3 4 291240
3 1 181390
3 5 117400
4 0 173690
4 3 291240
4 2 1037980
4 11 1604320
5 1 2039620
5 3 117400
5 7 1218840
5 6 1060970
6 8 372030
6 7 467830
6 5 1060970
6 11 175550
6 16 1026020
7 6 467830
7 21 1694120
7 5 1218840
8 6 372030
8 10 79950
8 15 422290
9 12 186530
9 10 97560
10 15 1407120
10 8 79950
10 11 1491560
10 9 97560
11 4 1604320
11 6 175550
11 10 1491560
12 9 186530
12 14 536460
12 13 563600
12 15 803560
13 12 563600
13 15 1069130
13 17 976840
13 16 853080
14 17 539180
14 12 536460
15 10 1407120
15 13 1069130
15 12 803560
15 8 422290
16 23 1268210
16 20 665160
16 6 1026020
16 13 853080
17 14 539180
17 13 976840
17 19 222680
17 25 1161430
18 22 165790
18 25 2371470
18 19 57140
19 17 222680
19 18 57140
19 22 83150
20 16 665160
20 25 1843140
20 23 1327030
21 24 863420
21 23 954920
21 7 1694120
22 18 165790
22 19 83150
23 21 954920
23 24 904600
23 16 1268210
23 20 1327030
24 21 863420
24 23 904600
25 20 1843140
25 18 2371470
25 17 1161430
