0 4 168340
0 2 38650
1 2 656870
1 5 928180
1 3 175690
2 1 656870
2 0 38650
2 4 616230
3 4 198710
3 1 175690
3 5 92330
4 0 168340
4 3 198710
4 2 616230
4 11 1172950
5 1 928180
5 3 92330
5 7 621320
5 6 444310
6 8 222340
6 7 335520
6 5 444310
6 11 140310
6 16 443650
7 6 335520
7 21 720900
7 5 621320
8 6 222340
8 10 80770
8 15 210810
9 12 61870
9 10 55870
10 15 1113010
10 8 80770
10 11 1076470
10 9 55870
11 4 1172950
11 6 140310
11 10 1076470
12 9 61870
12 14 320440
12 13 139030
12 15 352060
13 12 139030
13 15 967170
13 17 879370
13 16 331740
14 17 323290
14 12 320440
15 10 1113010
15 13 967170
15 12 352060
15 8 210810
16 23 454930
16 20 259050
16 6 443650
16 13 331740
17 14 323290
17 13 879370
17 19 86600
17 25 1072270
18 22 86820
18 25 1720190
18 19 175370
19 17 86600
19 18 175370
19 22 58490
20 16 259050
20 25 1148630
20 23 940700
21 24 480570
21 23 288990
21 7 720900
22 18 86820
22 19 58490
23 21 288990
23 24 411240
23 16 454930
23 20 940700
24 21 480570
24 23 411240
25 20 1148630
25 18 1720190
25 17 1072270
