0 4 129520
0 2 30760
1 2 711860
1 5 1126240
1 3 263250
2 1 711860
2 0 30760
2 4 1309980
3 4 262960
3 1 263250
3 5 64560
4 0 129520
4 3 262960
4 2 1309980
4 11 1784010
5 1 1126240
5 3 64560
5 7 620820
5 6 761550
6 8 297350
6 7 468560
6 5 761550
6 11 185020
6 16 711570
7 6 468560
7 21 998650
7 5 620820
8 6 297350
8 10 58140
8 15 208140
9 12 90470
9 10 137130
10 15 1637790
10 8 58140
10 11 1763620
10 9 137130
11 4 1784010
11 6 185020
11 10 1763620
12 9 90470
12 14 439200
12 13 156980
12 15 647070
13 12 156980
13 15 1197490
13 17 1188700
13 16 348550
14 17 447070
14 12 439200
15 10 1637790
15 13 1197490
15 12 647070
15 8 208140
16 23 485180
16 20 589930
16 6 711570
16 13 348550
17 14 447070
17 13 1188700
17 19 172100
17 25 1184680
18 22 103960
18 25 2270800
18 19 106230
19 17 172100
19 18 106230
19 22 88160
20 16 589930
20 25 1470780
20 23 1091430
21 24 698650
21 23 423880
21 7 998650
22 18 103960
22 19 88160
23 21 423880
23 24 626240
23 16 485180
23 20 1091430
24 21 698650
24 23 626240
25 20 1470780
25 18 2270800
25 17 1184680
