0 4 208410
0 2 55530
1 2 1080170
1 5 1936310
1 3 326780
2 1 1080170
2 0 55530
2 4 1203700
3 4 476230
3 1 326780
3 5 214950
4 0 208410
4 3 476230
4 2 1203700
4 11 2080500
5 1 1936310
5 3 214950
5 7 976510
5 6 1354710
6 8 288090
6 7 559600
6 5 1354710
6 11 397350
6 16 1193330
7 6 559600
7 21 1861350
7 5 976510
8 6 288090
8 10 31160
8 15 274190
9 12 61280
9 10 172060
10 15 1774540
10 8 31160
10 11 1832170
10 9 172060
11 4 2080500
11 6 397350
11 10 1832170
12 9 61280
12 14 439530
12 13 197430
12 15 536480
13 12 197430
13 15 1483510
13 17 1382030
13 16 607250
14 17 396580
14 12 439530
15 10 1774540
15 13 1483510
15 12 536480
15 8 274190
16 23 1065600
16 20 654310
16 6 1193330
16 13 607250
17 14 396580
17 13 1382030
17 19 183030
17 25 1459830
18 22 94090
18 25 2766070
18 19 107340
19 17 183030
19 18 107340
19 22 57820
20 16 654310
20 25 2168460
20 23 1662320
21 24 1022150
21 23 898380
21 7 1861350
22 18 94090
22 19 57820
23 21 898380
23 24 724250
23 16 1065600
23 20 1662320
24 21 1022150
24 23 724250
25 20 2168460
25 18 2766070
25 17 1459830
