0 4 140630
0 2 39490
1 2 438770
1 5 722180
1 3 82710
2 1 438770
2 0 39490
2 4 662220
3 4 130410
3 1 82710
3 5 33740
4 0 140630
4 3 130410
4 2 662220
4 11 940750
5 1 722180
5 3 33740
5 7 332510
5 6 523140
6 8 280140
6 7 257870
6 5 523140
6 11 51910
6 16 577630
7 6 257870
7 21 973160
7 5 332510
8 6 280140
8 10 46830
8 15 177090
9 12 50170
9 10 22980
10 15 914700
10 8 46830
10 11 923620
10 9 22980
11 4 940750
11 6 51910
11 10 923620
12 9 50170
12 14 298230
12 13 213700
12 15 251530
13 12 213700
13 15 816530
13 17 832950
13 16 378720
14 17 255740
14 12 298230
15 10 914700
15 13 816530
15 12 251530
15 8 177090
16 23 516390
16 20 430050
16 6 577630
16 13 378720
17 14 255740
17 13 832950
17 19 191630
17 25 838660
18 22 57260
18 25 1407060
18 19 61990
19 17 191630
19 18 61990
19 22 154260
20 16 430050
20 25 1087700
20 23 762100
21 24 396720
21 23 590400
21 7 973160
22 18 57260
22 19 154260
23 21 590400
23 24 395150
23 16 516390
23 20 762100
24 21 396720
24 23 395150
25 20 1087700
25 18 1407060
25 17 838660
