0 4 595690
0 2 79060
1 2 2141030
1 5 3136200
1 3 545060
2 1 2141030
2 0 79060
2 4 3333630
3 4 782370
3 1 545060
3 5 210360
4 0 595690
4 3 782370
4 2 3333630
4 11 4750860
5 1 3136200
5 3 210360
5 7 1641930
5 6 1965470
6 8 485550
6 7 748030
6 5 1965470
6 11 387130
6 16 1858150
7 6 748030
7 21 3219530
7 5 1641930
8 6 485550
8 10 315110
8 15 431780
9 12 394640
9 10 375700
10 15 4154450
10 8 315110
10 11 4527240
10 9 375700
11 4 4750860
11 6 387130
11 10 4527240
12 9 394640
12 14 1056260
12 13 505330
12 15 744050
13 12 505330
13 15 4302520
13 17 4033860
13 16 1222540
14 17 1103450
14 12 1056260
15 10 4154450
15 13 4302520
15 12 744050
15 8 431780
16 23 2163790
16 20 1096200
16 6 1858150
16 13 1222540
17 14 1103450
17 13 4033860
17 19 717970
17 25 3929570
18 22 276380
18 25 5585240
18 19 228230
19 17 717970
19 18 228230
19 22 383360
20 16 1096200
20 25 4259310
20 23 3332700
21 24 1131790
21 23 2089100
21 7 3219530
22 18 276380
22 19 383360
23 21 2089100
23 24 1924390
23 16 2163790
23 20 3332700
24 21 1131790
24 23 1924390
25 20 4259310
25 18 5585240
25 17 3929570
