0 4 606700
0 2 215020
1 2 2568100
1 5 3659440
1 3 749370
2 1 2568100
2 0 215020
2 4 4638030
3 4 1022040
3 1 749370
3 5 214980
4 0 606700
4 3 1022040
4 2 4638030
4 11 6600870
5 1 3659440
5 3 214980
5 7 1530470
5 6 2716220
6 8 744280
6 7 1370170
6 5 2716220
6 11 550550
6 16 2705900
7 6 1370170
7 21 3598670
7 5 1530470
8 6 744280
8 10 210270
8 15 664810
9 12 558430
9 10 156940
10 15 6115370
10 8 210270
10 11 6381020
10 9 156940
11 4 6600870
11 6 550550
11 10 6381020
12 9 558430
12 14 1181020
12 13 962510
12 15 2215670
13 12 962510
13 15 4439660
13 17 4475930
13 16 1880610
14 17 1264080
14 12 1181020
15 10 6115370
15 13 4439660
15 12 2215670
15 8 664810
16 23 3125610
16 20 1482340
16 6 2705900
16 13 1880610
17 14 1264080
17 13 4475930
17 19 471070
17 25 4384420
18 22 271720
18 25 6997410
18 19 405520
19 17 471070
19 18 405520
19 22 240880
20 16 1482340
20 25 5169360
20 23 3904360
21 24 1578630
21 23 2165750
21 7 3598670
22 18 271720
22 19 240880
23 21 2165750
23 24 2263190
23 16 3125610
23 20 3904360
24 21 1578630
24 23 2263190
25 20 5169360
25 18 6997410
25 17 4384420
