0 4 57750
0 2 10300
1 2 755150
1 5 958010
1 3 256460
2 1 755150
2 0 10300
2 4 1139760
3 4 264420
3 1 256460
3 5 43150
4 0 57750
4 3 264420
4 2 1139760
4 11 1469350
5 1 958010
5 3 43150
5 7 456240
5 6 533630
6 8 127660
6 7 226340
6 5 533630
6 11 51140
6 16 509390
7 6 226340
7 21 783140
7 5 456240
8 6 127660
8 10 118240
8 15 61890
9 12 84710
9 10 131800
10 15 1208720
10 8 118240
10 11 1429750
10 9 131800
11 4 1469350
11 6 51140
11 10 1429750
12 9 84710
12 14 348610
12 13 99510
12 15 544080
13 12 99510
13 15 769460
13 17 784510
13 16 239450
14 17 328030
14 12 348610
15 10 1208720
15 13 769460
15 12 544080
15 8 61890
16 23 523900
16 20 243740
16 6 509390
16 13 239450
17 14 328030
17 13 784510
17 19 104430
17 25 884320
18 22 86750
18 25 1470070
18 19 34520
19 17 104430
19 18 34520
19 22 47770
20 16 243740
20 25 863490
20 23 691120
21 24 468270
21 23 397820
21 7 783140
22 18 86750
22 19 47770
23 21 397820
23 24 399480
23 16 523900
23 20 691120
24 21 468270
24 23 399480
25 20 863490
25 18 1470070
25 17 884320
