0 4 559840
0 2 260800
1 2 2307080
1 5 3933090
1 3 458170
2 1 2307080
2 0 260800
2 4 3089720
3 4 543090
3 1 458170
3 5 223820
4 0 559840
4 3 543090
4 2 3089720
4 11 4650760
5 1 3933090
5 3 223820
5 7 2282780
5 6 2510490
6 8 877780
6 7 1112000
6 5 2510490
6 11 687710
6 16 2143950
7 6 1112000
7 21 4347490
7 5 2282780
8 6 877780
8 10 343610
8 15 1015280
9 12 286530
9 10 153960
10 15 3952500
10 8 343610
10 11 4240690
10 9 153960
11 4 4650760
11 6 687710
11 10 4240690
12 9 286530
12 14 1771780
12 13 797510
12 15 1425270
13 12 797510
13 15 3410250
13 17 3319570
13 16 1862160
14 17 1986480
14 12 1771780
15 10 3952500
15 13 3410250
15 12 1425270
15 8 1015280
16 23 2278260
16 20 1709630
16 6 2143950
16 13 1862160
17 14 1986480
17 13 3319570
17 19 670830
17 25 3950290
18 22 513800
18 25 6479450
18 19 219490
19 17 670830
19 18 219490
19 22 324010
20 16 1709630
20 25 4622930
20 23 3208350
21 24 1789050
21 23 2447060
21 7 4347490
22 18 513800
22 19 324010
23 21 2447060
23 24 2239810
23 16 2278260
23 20 3208350
24 21 1789050
24 23 2239810
25 20 4622930
25 18 6479450
25 17 3950290
