0 4 221620
0 2 59280
1 2 380780
1 5 610520
1 3 206820
2 1 380780
2 0 59280
2 4 804970
3 4 303480
3 1 206820
3 5 66330
4 0 221620
4 3 303480
4 2 804970
4 11 1339950
5 1 610520
5 3 66330
5 7 227800
5 6 489620
6 8 182180
6 7 317380
6 5 489620
6 11 153420
6 16 483880
7 6 317380
7 21 801920
7 5 227800
8 6 182180
8 10 39260
8 15 202190
9 12 85190
9 10 30070
10 15 1281960
10 8 39260
10 11 1264580
10 9 30070
11 4 1339950
11 6 153420
11 10 1264580
12 9 85190
12 14 314480
12 13 214080
12 15 482380
13 12 214080
13 15 950040
13 17 924310
13 16 384710
14 17 316810
14 12 314480
15 10 1281960
15 13 950040
15 12 482380
15 8 202190
16 23 646220
16 20 254090
16 6 483880
16 13 384710
17 14 316810
17 13 924310
17 19 136930
17 25 953670
18 22 31970
18 25 1471340
18 19 139920
19 17 136930
19 18 139920
19 22 86330
20 16 254090
20 25 699650
20 23 530110
21 24 360870
21 23 399370
21 7 801920
22 18 31970
22 19 86330
23 21 399370
23 24 503340
23 16 646220
23 20 530110
24 21 360870
24 23 503340
25 20 699650
25 18 1471340
25 17 953670
