0 4 2334200
0 2 3037820
1 2 4768890
1 5 4252540
1 3 3389300
2 1 4768890
2 0 3037820
2 4 4907380
3 4 3527790
3 1 3389300
3 5 3715060
4 0 2334200
4 3 3527790
4 2 4907380
4 11 4290880
5 1 4252540
5 3 3715060
5 7 4047530
5 6 4175110
6 8 2755860
6 7 3644340
6 5 4175110
6 11 4074960
6 16 3932570
7 6 3644340
7 21 3356170
7 5 4047530
8 6 2755860
8 10 2837990
8 15 3042670
9 12 3014020
9 10 2924020
10 15 4140860
10 8 2837990
10 11 4157090
10 9 2924020
11 4 4290880
11 6 4074960
11 10 4157090
12 9 3014020
12 14 3136570
12 13 4169920
12 15 4230860
13 12 4169920
13 15 4284600
13 17 4389120
13 16 4158440
14 17 3355770
14 12 3136570
15 10 4140860
15 13 4284600
15 12 4230860
15 8 3042670
16 23 4584440
16 20 3810770
16 6 3932570
16 13 4158440
17 14 3355770
17 13 4389120
17 19 3767290
17 25 4501840
18 22 2291930
18 25 4390780
18 19 3656230
19 17 3767290
19 18 3656230
19 22 1615700
20 16 3810770
20 25 3988710
20 23 4301990
21 24 2621560
21 23 4135620
21 7 3356170
22 18 2291930
22 19 1615700
23 21 4135620
23 24 3561600
23 16 4584440
23 20 4301990
24 21 2621560
24 23 3561600
25 20 3988710
25 18 4390780
25 17 4501840
