0 4 2763220
0 2 3237840
1 2 5457200
1 5 5207560
1 3 4520380
2 1 5457200
2 0 3237840
2 4 5251680
3 4 4314860
3 1 4520380
3 5 4539840
4 0 2763220
4 3 4314860
4 2 5251680
4 11 4989610
5 1 5207560
5 3 4539840
5 7 5527020
5 6 5146080
6 8 3703790
6 7 5446080
6 5 5146080
6 11 5133650
6 16 4936710
7 6 5446080
7 21 4846360
7 5 5527020
8 6 3703790
8 10 3544390
8 15 3636830
9 12 2994580
9 10 3208160
10 15 4838780
10 8 3544390
10 11 4974250
10 9 3208160
11 4 4989610
11 6 5133650
11 10 4974250
12 9 2994580
12 14 3934850
12 13 4485680
12 15 4625200
13 12 4485680
13 15 4791700
13 17 5007660
13 16 4730230
14 17 4456830
14 12 3934850
15 10 4838780
15 13 4791700
15 12 4625200
15 8 3636830
16 23 5998310
16 20 4850830
16 6 4936710
16 13 4730230
17 14 4456830
17 13 5007660
17 19 4461050
17 25 6014280
18 22 3025280
18 25 6247200
18 19 4693970
19 17 4461050
19 18 4693970
19 22 1890270
20 16 4850830
20 25 5779400
20 23 6040860
21 24 3625120
21 23 5527020
21 7 4846360
22 18 3025280
22 19 1890270
23 21 5527020
23 24 5286440
23 16 5998310
23 20 6040860
24 21 3625120
24 23 5286440
25 20 5779400
25 18 6247200
25 17 6014280
