0 4 1599120
0 2 2009610
1 2 3391170
1 5 3242740
1 3 2582520
2 1 3391170
2 0 2009610
2 4 3272230
3 4 2463580
3 1 2582520
3 5 2725640
4 0 1599120
4 3 2463580
4 2 3272230
4 11 2952150
5 1 3242740
5 3 2725640
5 7 3898120
5 6 3432050
6 8 2559010
6 7 3944310
6 5 3432050
6 11 3260400
6 16 3185590
7 6 3944310
7 21 3773080
7 5 3898120
8 6 2559010
8 10 2319640
8 15 2394110
9 12 1793220
9 10 2028460
10 15 3073970
10 8 2319640
10 11 3021030
10 9 2028460
11 4 2952150
11 6 3260400
11 10 3021030
12 9 1793220
12 14 2147830
12 13 2514150
12 15 2838730
13 12 2514150
13 15 2823860
13 17 2992960
13 16 2696110
14 17 2626640
14 12 2147830
15 10 3073970
15 13 2823860
15 12 2838730
15 8 2394110
16 23 3955800
16 20 3010570
16 6 3185590
16 13 2696110
17 14 2626640
17 13 2992960
17 19 3101190
17 25 3901120
18 22 2550930
18 25 4463960
18 19 3664030
19 17 3101190
19 18 3664030
19 22 1602640
20 16 3010570
20 25 3721900
20 23 4073430
21 24 2934830
21 23 4077220
21 7 3773080
22 18 2550930
22 19 1602640
23 21 4077220
23 24 3876270
23 16 3955800
23 20 4073430
24 21 2934830
24 23 3876270
25 20 3721900
25 18 4463960
25 17 3901120
