0 4 1540940
0 2 2060670
1 2 3427840
1 5 2834260
1 3 2456020
2 1 3427840
2 0 2060670
2 4 3441050
3 4 2469230
3 1 2456020
3 5 2395380
4 0 1540940
4 3 2469230
4 2 3441050
4 11 2980660
5 1 2834260
5 3 2395380
5 7 2822910
5 6 2806040
6 8 2324020
6 7 2855330
6 5 2806040
6 11 2939230
6 16 2279580
7 6 2855330
7 21 2388900
7 5 2822910
8 6 2324020
8 10 2364810
8 15 2508460
9 12 1900650
9 10 2040510
10 15 3063690
10 8 2364810
10 11 2980020
10 9 2040510
11 4 2980660
11 6 2939230
11 10 2980020
12 9 1900650
12 14 2027470
12 13 2617510
12 15 2923830
13 12 2617510
13 15 2901020
13 17 2643040
13 16 2157700
14 17 2053000
14 12 2027470
15 10 3063690
15 13 2901020
15 12 2923830
15 8 2508460
16 23 2861630
16 20 2150420
16 6 2279580
16 13 2157700
17 14 2053000
17 13 2643040
17 19 2404740
17 25 2848560
18 22 2093400
18 25 3449140
18 19 3005320
19 17 2404740
19 18 3005320
19 22 1206180
20 16 2150420
20 25 2792940
20 23 3291350
21 24 1924050
21 23 2954080
21 7 2388900
22 18 2093400
22 19 1206180
23 21 2954080
23 24 2972530
23 16 2861630
23 20 3291350
24 21 1924050
24 23 2972530
25 20 2792940
25 18 3449140
25 17 2848560
