0 4 2827010
0 2 3733870
1 2 6735050
1 5 5708030
1 3 5073470
2 1 6735050
2 0 3733870
2 4 6322320
3 4 4660740
3 1 5073470
3 5 4540580
4 0 2827010
4 3 4660740
4 2 6322320
4 11 5465750
5 1 5708030
5 3 4540580
5 7 6119680
5 6 5648010
6 8 4646690
6 7 6592550
6 5 5648010
6 11 5818460
6 16 5819510
7 6 6592550
7 21 5700960
7 5 6119680
8 6 4646690
8 10 4544810
8 15 4831650
9 12 4120030
9 10 3975850
10 15 6203960
10 8 4544810
10 11 5716580
10 9 3975850
11 4 5465750
11 6 5818460
11 10 5716580
12 9 4120030
12 14 5580040
12 13 6047410
12 15 6348140
13 12 6047410
13 15 6190070
13 17 6877820
13 16 5703740
14 17 6410450
14 12 5580040
15 10 6203960
15 13 6190070
15 12 6348140
15 8 4831650
16 23 7129590
16 20 6223750
16 6 5819510
16 13 5703740
17 14 6410450
17 13 6877820
17 19 6805160
17 25 8423320
18 22 5170650
18 25 8976590
18 19 7358430
19 17 6805160
19 18 7358430
19 22 3556240
20 16 6223750
20 25 7954850
20 23 7835200
21 24 4211420
21 23 6539370
21 7 5700960
22 18 5170650
22 19 3556240
23 21 6539370
23 24 6413090
23 16 7129590
23 20 7835200
24 21 4211420
24 23 6413090
25 20 7954850
25 18 8976590
25 17 8423320
