0 4 2247750
0 2 2650220
1 2 5467140
1 5 5006940
1 3 4815040
2 1 5467140
2 0 2650220
2 4 4756290
3 4 4104190
3 1 4815040
3 5 4046460
4 0 2247750
4 3 4104190
4 2 4756290
4 11 4605800
5 1 5006940
5 3 4046460
5 7 4432200
5 6 4575230
6 8 3872520
6 7 4769070
6 5 4575230
6 11 4884940
6 16 4447510
7 6 4769070
7 21 3905510
7 5 4432200
8 6 3872520
8 10 4086060
8 15 3976140
9 12 3784530
9 10 3707800
10 15 5229260
10 8 4086060
10 11 5098480
10 9 3707800
11 4 4605800
11 6 4884940
11 10 5098480
12 9 3784530
12 14 4150170
12 13 5151350
12 15 5305990
13 12 5151350
13 15 4964700
13 17 5295170
13 16 4396490
14 17 4293990
14 12 4150170
15 10 5229260
15 13 4964700
15 12 5305990
15 8 3976140
16 23 4436100
16 20 3906120
16 6 4447510
16 13 4396490
17 14 4293990
17 13 5295170
17 19 4439200
17 25 5675210
18 22 2141290
18 25 4580150
18 19 3344140
19 17 4439200
19 18 3344140
19 22 1895270
20 16 3906120
20 25 4699730
20 23 4359300
21 24 3229740
21 23 4037130
21 7 3905510
22 18 2141290
22 19 1895270
23 21 4037130
23 24 4081890
23 16 4436100
23 20 4359300
24 21 3229740
24 23 4081890
25 20 4699730
25 18 4580150
25 17 5675210
