0 4 3642520
0 2 5560120
1 2 9263760
1 5 7136660
1 3 6495140
2 1 9263760
2 0 5560120
2 4 8637660
3 4 5869040
3 1 6495140
3 5 5659540
4 0 3642520
4 3 5869040
4 2 8637660
4 11 6548870
5 1 7136660
5 3 5659540
5 7 5758510
5 6 6068970
6 8 4377260
6 7 5526420
6 5 6068970
6 11 6107280
6 16 5369550
7 6 5526420
7 21 4728650
7 5 5758510
8 6 4377260
8 10 4295280
8 15 4434320
9 12 3629080
9 10 3997130
10 15 5811960
10 8 4295280
10 11 6025300
10 9 3997130
11 4 6548870
11 6 6107280
11 10 6025300
12 9 3629080
12 14 3909120
12 13 5053690
12 15 5443910
13 12 5053690
13 15 5560780
13 17 5483180
13 16 5036390
14 17 4338610
14 12 3909120
15 10 5811960
15 13 5560780
15 12 5443910
15 8 4434320
16 23 4962220
16 20 4784430
16 6 5369550
16 13 5036390
17 14 4338610
17 13 5483180
17 19 4685520
17 25 5803540
18 22 2740850
18 25 5341280
18 19 4223260
19 17 4685520
19 18 4223260
19 22 2092830
20 16 4784430
20 25 5238960
20 23 4844430
21 24 4113300
21 23 4631780
21 7 4728650
22 18 2740850
22 19 2092830
23 21 4631780
23 24 4503740
23 16 4962220
23 20 4844430
24 21 4113300
24 23 4503740
25 20 5238960
25 18 5341280
25 17 5803540
