0 4 2230260
0 2 2478030
1 2 4028220
1 5 3862800
1 3 3354970
2 1 4028220
2 0 2478030
2 4 3947870
3 4 3274620
3 1 3354970
3 5 3356970
4 0 2230260
4 3 3274620
4 2 3947870
4 11 3710150
5 1 3862800
5 3 3356970
5 7 3716180
5 6 4185880
6 8 3442430
6 7 4037260
6 5 4185880
6 11 4113580
6 16 4288030
7 6 4037260
7 21 3206360
7 5 3716180
8 6 3442430
8 10 3150290
8 15 3343190
9 12 3460480
9 10 2619210
10 15 4115580
10 8 3150290
10 11 3821440
10 9 2619210
11 4 3710150
11 6 4113580
11 10 3821440
12 9 3460480
12 14 4882430
12 13 4869780
12 15 4956850
13 12 4869780
13 15 4221410
13 17 5135390
13 16 4101720
14 17 5148040
14 12 4882430
15 10 4115580
15 13 4221410
15 12 4956850
15 8 3343190
16 23 5762330
16 20 4752800
16 6 4288030
16 13 4101720
17 14 5148040
17 13 5135390
17 19 5060900
17 25 6428860
18 22 3244530
18 25 6184080
18 19 4816120
19 17 5060900
19 18 4816120
19 22 2413770
20 16 4752800
20 25 6078890
20 23 6446030
21 24 2795380
21 23 5150360
21 7 3206360
22 18 3244530
22 19 2413770
23 21 5150360
23 24 5100580
23 16 5762330
23 20 6446030
24 21 2795380
24 23 5100580
25 20 6078890
25 18 6184080
25 17 6428860
