0 4 2381100
0 2 3441210
1 2 4904600
1 5 3472650
1 3 2875760
2 1 4904600
2 0 3441210
2 4 5262490
3 4 3233650
3 1 2875760
3 5 2861810
4 0 2381100
4 3 3233650
4 2 5262490
4 11 4204660
5 1 3472650
5 3 2861810
5 7 3674450
5 6 3963410
6 8 3599370
6 7 4179160
6 5 3963410
6 11 4337530
6 16 4185850
7 6 4179160
7 21 3328450
7 5 3674450
8 6 3599370
8 10 3421230
8 15 3568380
9 12 3641260
9 10 3049830
10 15 4258990
10 8 3421230
10 11 4159390
10 9 3049830
11 4 4204660
11 6 4337530
11 10 4159390
12 9 3641260
12 14 3323350
12 13 4652280
12 15 4850420
13 12 4652280
13 15 4208000
13 17 3533120
13 16 3956720
14 17 2204190
14 12 3323350
15 10 4258990
15 13 4208000
15 12 4850420
15 8 3568380
16 23 4795880
16 20 4059630
16 6 4185850
16 13 3956720
17 14 2204190
17 13 3533120
17 19 2827890
17 25 3815640
18 22 2786330
18 25 4833370
18 19 3845620
19 17 2827890
19 18 3845620
19 22 1540110
20 16 4059630
20 25 4395290
20 23 4951930
21 24 2648450
21 23 4227440
21 7 3328450
22 18 2786330
22 19 1540110
23 21 4227440
23 24 4109190
23 16 4795880
23 20 4951930
24 21 2648450
24 23 4109190
25 20 4395290
25 18 4833370
25 17 3815640
