0 4 2251290
0 2 3831460
1 2 6275020
1 5 4804470
1 3 4165680
2 1 6275020
2 0 3831460
2 4 5378190
3 4 3268850
3 1 4165680
3 5 3378470
4 0 2251290
4 3 3268850
4 2 5378190
4 11 3796580
5 1 4804470
5 3 3378470
5 7 4751150
5 6 4110230
6 8 3297320
6 7 4844120
6 5 4110230
6 11 3999170
6 16 4245320
7 6 4844120
7 21 4692300
7 5 4751150
8 6 3297320
8 10 2961980
8 15 3413700
9 12 2811230
9 10 2491560
10 15 3984240
10 8 2961980
10 11 3663830
10 9 2491560
11 4 3796580
11 6 3999170
11 10 3663830
12 9 2811230
12 14 3423950
12 13 4296670
12 15 4303910
13 12 4296670
13 15 4428720
13 17 4531350
13 16 4354460
14 17 3658630
14 12 3423950
15 10 3984240
15 13 4428720
15 12 4303910
15 8 3413700
16 23 5836930
16 20 4766010
16 6 4245320
16 13 4354460
17 14 3658630
17 13 4531350
17 19 4088400
17 25 5286630
18 22 3045770
18 25 5612150
18 19 4413920
19 17 4088400
19 18 4413920
19 22 2167430
20 16 4766010
20 25 5588310
20 23 6315500
21 24 3754330
21 23 5642990
21 7 4692300
22 18 3045770
22 19 2167430
23 21 5642990
23 24 5497760
23 16 5836930
23 20 6315500
24 21 3754330
24 23 5497760
25 20 5588310
25 18 5612150
25 17 5286630
