0 4 3105850
0 2 4998610
1 2 7765650
1 5 5877470
1 3 5233400
2 1 7765650
2 0 4998610
2 4 7381200
3 4 4848950
3 1 5233400
3 5 4853530
4 0 3105850
4 3 4848950
4 2 7381200
4 11 5676350
5 1 5877470
5 3 4853530
5 7 5204860
5 6 5542880
6 8 4134450
6 7 5250140
6 5 5542880
6 11 5726210
6 16 5192350
7 6 5250140
7 21 4340620
7 5 5204860
8 6 4134450
8 10 4099060
8 15 4276620
9 12 3603410
9 10 3848430
10 15 5694940
10 8 4099060
10 11 5690820
10 9 3848430
11 4 5676350
11 6 5726210
11 10 5690820
12 9 3603410
12 14 4698710
12 13 5510750
12 15 5449920
13 12 5510750
13 15 5933330
13 17 6778930
13 16 5395350
14 17 5966890
14 12 4698710
15 10 5694940
15 13 5933330
15 12 5449920
15 8 4276620
16 23 6162060
16 20 5197270
16 6 5192350
16 13 5395350
17 14 5966890
17 13 6778930
17 19 6332540
17 25 8537200
18 22 4857540
18 25 9519050
18 19 7314390
19 17 6332540
19 18 7314390
19 22 2644530
20 16 5197270
20 25 7554350
20 23 6562790
21 24 3402310
21 23 5648350
21 7 4340620
22 18 4857540
22 19 2644530
23 21 5648350
23 24 5281540
23 16 6162060
23 20 6562790
24 21 3402310
24 23 5281540
25 20 7554350
25 18 9519050
25 17 8537200
