0 4 2185100
0 2 2134280
1 2 3768360
1 5 3390720
1 3 3148620
2 1 3768360
2 0 2134280
2 4 3983720
3 4 3363980
3 1 3148620
3 5 2935520
4 0 2185100
4 3 3363980
4 2 3983720
4 11 4071120
5 1 3390720
5 3 2935520
5 7 3605680
5 6 3695350
6 8 3646380
6 7 4123410
6 5 3695350
6 11 4160390
6 16 3405510
7 6 4123410
7 21 3238000
7 5 3605680
8 6 3646380
8 10 3653130
8 15 3869470
9 12 2723220
9 10 2878640
10 15 4442920
10 8 3653130
10 11 4167140
10 9 2878640
11 4 4071120
11 6 4160390
11 10 4167140
12 9 2723220
12 14 3017910
12 13 3437120
12 15 4287500
13 12 3437120
13 15 3808880
13 17 3347750
13 16 2778220
14 17 2928540
14 12 3017910
15 10 4442920
15 13 3808880
15 12 4287500
15 8 3869470
16 23 3215850
16 20 3257500
16 6 3405510
16 13 2778220
17 14 2928540
17 13 3347750
17 19 3323590
17 25 4598610
18 22 2664930
18 25 5097050
18 19 3822030
19 17 3323590
19 18 3822030
19 22 1753080
20 16 3257500
20 25 4688640
20 23 3875410
21 24 2684110
21 23 3138010
21 7 3238000
22 18 2664930
22 19 1753080
23 21 3138010
23 24 3379860
23 16 3215850
23 20 3875410
24 21 2684110
24 23 3379860
25 20 4688640
25 18 5097050
25 17 4598610
