0 4 1581430
0 2 1846010
1 2 2797700
1 5 2455780
1 3 2013450
2 1 2797700
2 0 1846010
2 4 3251040
3 4 2466790
3 1 2013450
3 5 2389450
4 0 1581430
4 3 2466790
4 2 3251040
4 11 3377510
5 1 2455780
5 3 2389450
5 7 3495930
5 6 3098530
6 8 2788040
6 7 3762680
6 5 3098530
6 11 3566920
6 16 4008430
7 6 3762680
7 21 3976230
7 5 3495930
8 6 2788040
8 10 2980480
8 15 3572540
9 12 3627570
9 10 2765900
10 15 4342220
10 8 2980480
10 11 3759360
10 9 2765900
11 4 3377510
11 6 3566920
11 10 3759360
12 9 3627570
12 14 4038920
12 13 5722630
12 15 5203890
13 12 5722630
13 15 5453020
13 17 5369560
13 16 5311670
14 17 3685850
14 12 4038920
15 10 4342220
15 13 5453020
15 12 5203890
15 8 3572540
16 23 5491040
16 20 4362160
16 6 4008430
16 13 5311670
17 14 3685850
17 13 5369560
17 19 4256400
17 25 5490780
18 22 4156470
18 25 7039700
18 19 5805320
19 17 4256400
19 18 5805320
19 22 2096590
20 16 4362160
20 25 5143470
20 23 5201620
21 24 3998430
21 23 5061440
21 7 3976230
22 18 4156470
22 19 2096590
23 21 5061440
23 24 5267490
23 16 5491040
23 20 5201620
24 21 3998430
24 23 5267490
25 20 5143470
25 18 7039700
25 17 5490780
