0 4 3512680
0 2 3895200
1 2 6346880
1 5 5516700
1 3 4625460
2 1 6346880
2 0 3895200
2 4 6938720
3 4 5217300
3 1 4625460
3 5 4769640
4 0 3512680
4 3 5217300
4 2 6938720
4 11 6703420
5 1 5516700
5 3 4769640
5 7 6024170
5 6 6089940
6 8 4529070
6 7 6453230
6 5 6089940
6 11 6684820
6 16 5545080
7 6 6453230
7 21 5099520
7 5 6024170
8 6 4529070
8 10 4014960
8 15 4257190
9 12 3519230
9 10 3950940
10 15 5733010
10 8 4014960
10 11 6170710
10 9 3950940
11 4 6703420
11 6 6684820
11 10 6170710
12 9 3519230
12 14 3639180
12 13 4371250
12 15 5301300
13 12 4371250
13 15 5045190
13 17 4586100
13 16 4343150
14 17 3854030
14 12 3639180
15 10 5733010
15 13 5045190
15 12 5301300
15 8 4257190
16 23 5807300
16 20 4298540
16 6 5545080
16 13 4343150
17 14 3854030
17 13 4586100
17 19 3863130
17 25 5252880
18 22 2312460
18 25 4767080
18 19 3377330
19 17 3863130
19 18 3377330
19 22 1604330
20 16 4298540
20 25 4737310
20 23 5534680
21 24 4223680
21 23 5427510
21 7 5099520
22 18 2312460
22 19 1604330
23 21 5427510
23 24 5839610
23 16 5807300
23 20 5534680
24 21 4223680
24 23 5839610
25 20 4737310
25 18 4767080
25 17 5252880
