0 4 3247240
0 2 2792660
1 2 5947150
1 5 6424070
1 3 5629090
2 1 5947150
2 0 2792660
2 4 5672840
3 4 5354780
3 1 5629090
3 5 5377120
4 0 3247240
4 3 5354780
4 2 5672840
4 11 6197000
5 1 6424070
5 3 5377120
5 7 9055410
5 6 7001300
6 8 6006730
6 7 9884610
6 5 7001300
6 11 7048540
6 16 7529460
7 6 9884610
7 21 9170830
7 5 9055410
8 6 6006730
8 10 5132180
8 15 6036570
9 12 5696250
9 10 4346480
10 15 6985790
10 8 5132180
10 11 6173990
10 9 4346480
11 4 6197000
11 6 7048540
11 10 6173990
12 9 5696250
12 14 6525650
12 13 8340550
12 15 8335560
13 12 8340550
13 15 7895170
13 17 7783520
13 16 7564290
14 17 5968620
14 12 6525650
15 10 6985790
15 13 7895170
15 12 8335560
15 8 6036570
16 23 8495880
16 20 6448610
16 6 7529460
16 13 7564290
17 14 5968620
17 13 7783520
17 19 6209200
17 25 7978580
18 22 4401090
18 25 8226350
18 19 6456970
19 17 6209200
19 18 6456970
19 22 2695640
20 16 6448610
20 25 6979540
20 23 7716070
21 24 5766810
21 23 8083140
21 7 9170830
22 18 4401090
22 19 2695640
23 21 8083140
23 24 7447010
23 16 8495880
23 20 7716070
24 21 5766810
24 23 7447010
25 20 6979540
25 18 8226350
25 17 7978580
