0 4 2599930
0 2 3324830
1 2 5218060
1 5 4387440
1 3 3949770
2 1 5218060
2 0 3324830
2 4 5032300
3 4 3764010
3 1 3949770
3 5 3658290
4 0 2599930
4 3 3764010
4 2 5032300
4 11 4327530
5 1 4387440
5 3 3658290
5 7 4382880
5 6 4088060
6 8 3165040
6 7 4374980
6 5 4088060
6 11 4213910
6 16 4034490
7 6 4374980
7 21 4172210
7 5 4382880
8 6 3165040
8 10 3139150
8 15 3344690
9 12 2775160
9 10 2834510
10 15 4233920
10 8 3139150
10 11 4188020
10 9 2834510
11 4 4327530
11 6 4213910
11 10 4188020
12 9 2775160
12 14 3133150
12 13 3968470
12 15 4174570
13 12 3968470
13 15 4233360
13 17 4175600
13 16 4008040
14 17 3340280
14 12 3133150
15 10 4233920
15 13 4233360
15 12 4174570
15 8 3344690
16 23 4865470
16 20 4256460
16 6 4034490
16 13 4008040
17 14 3340280
17 13 4175600
17 19 3385890
17 25 5501120
18 22 2620130
18 25 5770900
18 19 3655670
19 17 3385890
19 18 3655670
19 22 1412300
20 16 4256460
20 25 5601200
20 23 5133110
21 24 3204580
21 23 4708370
21 7 4172210
22 18 2620130
22 19 1412300
23 21 4708370
23 24 4238330
23 16 4865470
23 20 5133110
24 21 3204580
24 23 4238330
25 20 5601200
25 18 5770900
25 17 5501120
