0 4 1809730
0 2 2026280
1 2 3515930
1 5 2960910
1 3 2495650
2 1 3515930
2 0 2026280
2 4 3755450
3 4 2735170
3 1 2495650
3 5 2396700
4 0 1809730
4 3 2735170
4 2 3755450
4 11 3466990
5 1 2960910
5 3 2396700
5 7 3102740
5 6 3122130
6 8 2671280
6 7 3362910
6 5 3122130
6 11 3388690
6 16 2976090
7 6 3362910
7 21 3016660
7 5 3102740
8 6 2671280
8 10 2695310
8 15 2861820
9 12 2127980
9 10 2311980
10 15 3596870
10 8 2695310
10 11 3412720
10 9 2311980
11 4 3466990
11 6 3388690
11 10 3412720
12 9 2127980
12 14 2491870
12 13 3201740
12 15 3412870
13 12 3201740
13 15 3552250
13 17 3290770
13 16 2955500
14 17 2580900
14 12 2491870
15 10 3596870
15 13 3552250
15 12 3412870
15 8 2861820
16 23 3423370
16 20 2804760
16 6 2976090
16 13 2955500
17 14 2580900
17 13 3290770
17 19 2798420
17 25 3605130
18 22 2420330
18 25 4282510
18 19 3475800
19 17 2798420
19 18 3475800
19 22 1300950
20 16 2804760
20 25 3504740
20 23 3658250
21 24 3128720
21 23 3483330
21 7 3016660
22 18 2420330
22 19 1300950
23 21 3483330
23 24 3922250
23 16 3423370
23 20 3658250
24 21 3128720
24 23 3922250
25 20 3504740
25 18 4282510
25 17 3605130
