0 4 3181220
0 2 3277390
1 2 6591200
1 5 6106030
1 3 5772340
2 1 6591200
2 0 3277390
2 4 6384790
3 4 5565930
3 1 5772340
3 5 5176930
4 0 3181220
4 3 5565930
4 2 6384790
4 11 6138390
5 1 6106030
5 3 5176930
5 7 6499600
5 6 5649170
6 8 5085260
6 7 6638150
6 5 5649170
6 11 5887940
6 16 5566920
7 6 6638150
7 21 5360560
7 5 6499600
8 6 5085260
8 10 5199340
8 15 6078240
9 12 5042890
9 10 4169810
10 15 6894780
10 8 5199340
10 11 6002020
10 9 4169810
11 4 6138390
11 6 5887940
11 10 6002020
12 9 5042890
12 14 5271010
12 13 7800760
12 15 7767860
13 12 7800760
13 15 7806580
13 17 7289620
13 16 6592800
14 17 4759870
14 12 5271010
15 10 6894780
15 13 7806580
15 12 7767860
15 8 6078240
16 23 7738910
16 20 6444110
16 6 5566920
16 13 6592800
17 14 4759870
17 13 7289620
17 19 6232490
17 25 7734980
18 22 6320730
18 25 10076380
18 19 8573890
19 17 6232490
19 18 8573890
19 22 3472060
20 16 6444110
20 25 8136150
20 23 8836900
21 24 3703910
21 23 6682120
21 7 5360560
22 18 6320730
22 19 3472060
23 21 6682120
23 24 7153490
23 16 7738910
23 20 8836900
24 21 3703910
24 23 7153490
25 20 8136150
25 18 10076380
25 17 7734980
