0 4 1748870
0 2 2129280
1 2 4132870
1 5 3684720
1 3 3598170
2 1 4132870
2 0 2129280
2 4 3595650
3 4 3060950
3 1 3598170
3 5 2993210
4 0 1748870
4 3 3060950
4 2 3595650
4 11 3279030
5 1 3684720
5 3 2993210
5 7 3091950
5 6 3158970
6 8 2368230
6 7 3171160
6 5 3158970
6 11 3290500
6 16 2859360
7 6 3171160
7 21 2640120
7 5 3091950
8 6 2368230
8 10 2478940
8 15 2368540
9 12 2405740
9 10 2440880
10 15 3349200
10 8 2478940
10 11 3401210
10 9 2440880
11 4 3279030
11 6 3290500
11 10 3401210
12 9 2405740
12 14 2656640
12 13 3172870
12 15 3314060
13 12 3172870
13 15 3097610
13 17 3610900
13 16 2718480
14 17 3094670
14 12 2656640
15 10 3349200
15 13 3097610
15 12 3314060
15 8 2368540
16 23 3069330
16 20 3152730
16 6 2859360
16 13 2718480
17 14 3094670
17 13 3610900
17 19 3861380
17 25 4149520
18 22 3094020
18 25 4976690
18 19 4688550
19 17 3861380
19 18 4688550
19 22 1862850
20 16 3152730
20 25 3929290
20 23 3741520
21 24 1999530
21 23 2917110
21 7 2640120
22 18 3094020
22 19 1862850
23 21 2917110
23 24 2740540
23 16 3069330
23 20 3741520
24 21 1999530
24 23 2740540
25 20 3929290
25 18 4976690
25 17 4149520
