0 4 3556070
0 2 3826660
1 2 6106690
1 5 5363580
1 3 5074590
2 1 6106690
2 0 3826660
2 4 6402030
3 4 5369930
3 1 5074590
3 5 4897410
4 0 3556070
4 3 5369930
4 2 6402030
4 11 6117930
5 1 5363580
5 3 4897410
5 7 6073770
5 6 5761290
6 8 4660690
6 7 6648660
6 5 5761290
6 11 6220300
6 16 6194480
7 6 6648660
7 21 5865850
7 5 6073770
8 6 4660690
8 10 4576350
8 15 4890290
9 12 4036350
9 10 4187530
10 15 6481440
10 8 4576350
10 11 6135960
10 9 4187530
11 4 6117930
11 6 6220300
11 10 6135960
12 9 4036350
12 14 4835640
12 13 5768000
12 15 6330260
13 12 5768000
13 15 6233120
13 17 5958170
13 16 5861820
14 17 5025810
14 12 4835640
15 10 6481440
15 13 6233120
15 12 6330260
15 8 4890290
16 23 7548300
16 20 5691000
16 6 6194480
16 13 5861820
17 14 5025810
17 13 5958170
17 19 5735690
17 25 6319440
18 22 4696070
18 25 7226230
18 19 6642480
19 17 5735690
19 18 6642480
19 22 3279490
20 16 5691000
20 25 5861310
20 23 7186520
21 24 3858550
21 23 6907190
21 7 5865850
22 18 4696070
22 19 3279490
23 21 6907190
23 24 5995180
23 16 7548300
23 20 7186520
24 21 3858550
24 23 5995180
25 20 5861310
25 18 7226230
25 17 6319440
