0 4 2170520
0 2 2448910
1 2 4392510
1 5 3812780
1 3 3578420
2 1 4392510
2 0 2448910
2 4 4120290
3 4 3306200
3 1 3578420
3 5 3004860
4 0 2170520
4 3 3306200
4 2 4120290
4 11 3768140
5 1 3812780
5 3 3004860
5 7 4041330
5 6 3743950
6 8 3064420
6 7 4546060
6 5 3743950
6 11 3971530
6 16 3797540
7 6 4546060
7 21 4318590
7 5 4041330
8 6 3064420
8 10 2715370
8 15 3046830
9 12 3127720
9 10 2425170
10 15 3882040
10 8 2715370
10 11 3622480
10 9 2425170
11 4 3768140
11 6 3971530
11 10 3622480
12 9 3127720
12 14 3780000
12 13 4126220
12 15 4584590
13 12 4126220
13 15 3755130
13 17 3993050
13 16 3321580
14 17 3646830
14 12 3780000
15 10 3882040
15 13 3755130
15 12 4584590
15 8 3046830
16 23 4398160
16 20 3641340
16 6 3797540
16 13 3321580
17 14 3646830
17 13 3993050
17 19 3797300
17 25 4985760
18 22 2422690
18 25 4947950
18 19 3759490
19 17 3797300
19 18 3759490
19 22 1568460
20 16 3641340
20 25 4609230
20 23 4693100
21 24 2972490
21 23 4621830
21 7 4318590
22 18 2422690
22 19 1568460
23 21 4621830
23 24 3800580
23 16 4398160
23 20 4693100
24 21 2972490
24 23 3800580
25 20 4609230
25 18 4947950
25 17 4985760
