0 4 2713020
0 2 2706230
1 2 4182140
1 5 3940400
1 3 3561300
2 1 4182140
2 0 2706230
2 4 4105530
3 4 3484690
3 1 3561300
3 5 3236160
4 0 2713020
4 3 3484690
4 2 4105530
4 11 4322810
5 1 3940400
5 3 3236160
5 7 4784910
5 6 4071910
6 8 3223250
6 7 5241560
6 5 4071910
6 11 4530930
6 16 3906340
7 6 5241560
7 21 5108810
7 5 4784910
8 6 3223250
8 10 2926960
8 15 3198200
9 12 3281730
9 10 2792580
10 15 4207220
10 8 2926960
10 11 4234640
10 9 2792580
11 4 4322810
11 6 4530930
11 10 4234640
12 9 3281730
12 14 3653460
12 13 4579720
12 15 4696370
13 12 4579720
13 15 4361810
13 17 4406920
13 16 3764640
14 17 3480660
14 12 3653460
15 10 4207220
15 13 4361810
15 12 4696370
15 8 3198200
16 23 4243270
16 20 4574160
16 6 3906340
16 13 3764640
17 14 3480660
17 13 4406920
17 19 3985140
17 25 5590130
18 22 3730500
18 25 6916370
18 19 5311380
19 17 3985140
19 18 5311380
19 22 1820720
20 16 4574160
20 25 6237890
20 23 5533310
21 24 3496410
21 23 4732740
21 7 5108810
22 18 3730500
22 19 1820720
23 21 4732740
23 24 3966090
23 16 4243270
23 20 5533310
24 21 3496410
24 23 3966090
25 20 6237890
25 18 6916370
25 17 5590130
