0 4 2689030
0 2 2787960
1 2 4710210
1 5 4334120
1 3 3820380
2 1 4710210
2 0 2787960
2 4 4728150
3 4 3838320
3 1 3820380
3 5 3561160
4 0 2689030
4 3 3838320
4 2 4728150
4 11 4646230
5 1 4334120
5 3 3561160
5 7 4515480
5 6 4077810
6 8 2899310
6 7 4518390
6 5 4077810
6 11 4371980
6 16 3455390
7 6 4518390
7 21 3789330
7 5 4515480
8 6 2899310
8 10 2728960
8 15 2670440
9 12 1847600
9 10 2500480
10 15 3681500
10 8 2728960
10 11 4201630
10 9 2500480
11 4 4646230
11 6 4371980
11 10 4201630
12 9 1847600
12 14 2254140
12 13 2695010
12 15 3028620
13 12 2695010
13 15 3289370
13 17 2915680
13 16 2892910
14 17 2474810
14 12 2254140
15 10 3681500
15 13 3289370
15 12 3028620
15 8 2670440
16 23 3450980
16 20 2799140
16 6 3455390
16 13 2892910
17 14 2474810
17 13 2915680
17 19 2681590
17 25 3064540
18 22 2707940
18 25 4037210
18 19 3654260
19 17 2681590
19 18 3654260
19 22 1541260
20 16 2799140
20 25 3010850
20 23 3420060
21 24 2446890
21 23 3347250
21 7 3789330
22 18 2707940
22 19 1541260
23 21 3347250
23 24 3171540
23 16 3450980
23 20 3420060
24 21 2446890
24 23 3171540
25 20 3010850
25 18 4037210
25 17 3064540
