0 4 2236390
0 2 3051140
1 2 5569860
1 5 5165080
1 3 4445310
2 1 5569860
2 0 3051140
2 4 4693110
3 4 3568560
3 1 4445310
3 5 3978530
4 0 2236390
4 3 3568560
4 2 4693110
4 11 3990160
5 1 5165080
5 3 3978530
5 7 5740920
5 6 5139730
6 8 4137490
6 7 6182350
6 5 5139730
6 11 4841560
6 16 4854390
7 6 6182350
7 21 5349360
7 5 5740920
8 6 4137490
8 10 3411260
8 15 4182000
9 12 3941860
9 10 2942590
10 15 4899440
10 8 3411260
10 11 4115330
10 9 2942590
11 4 3990160
11 6 4841560
11 10 4115330
12 9 3941860
12 14 4977000
12 13 5499400
12 15 5898710
13 12 5499400
13 15 5270870
13 17 5014210
13 16 4499590
14 17 4491810
14 12 4977000
15 10 4899440
15 13 5270870
15 12 5898710
15 8 4182000
16 23 5145650
16 20 3039830
16 6 4854390
16 13 4499590
17 14 4491810
17 13 5014210
17 19 4324100
17 25 4812880
18 22 3446540
18 25 5273590
18 19 4784810
19 17 4324100
19 18 4784810
19 22 2153070
20 16 3039830
20 25 3210470
20 23 4057860
21 24 4125330
21 23 5039430
21 7 5349360
22 18 3446540
22 19 2153070
23 21 5039430
23 24 5249580
23 16 5145650
23 20 4057860
24 21 4125330
24 23 5249580
25 20 3210470
25 18 5273590
25 17 4812880
