0 4 3261180
0 2 4130500
1 2 7192430
1 5 6116150
1 3 5849210
2 1 7192430
2 0 4130500
2 4 6433640
3 4 5090420
3 1 5849210
3 5 4883460
4 0 3261180
4 3 5090420
4 2 6433640
4 11 5969240
5 1 6116150
5 3 4883460
5 7 4994880
5 6 5046380
6 8 3404630
6 7 4890860
6 5 5046380
6 11 5658260
6 16 4737420
7 6 4890860
7 21 4387810
7 5 4994880
8 6 3404630
8 10 3574350
8 15 3417050
9 12 3086760
9 10 3379340
10 15 5124500
10 8 3574350
10 11 5827980
10 9 3379340
11 4 5969240
11 6 5658260
11 10 5827980
12 9 3086760
12 14 3729140
12 13 4450660
12 15 4831920
13 12 4450660
13 15 4585940
13 17 4849320
13 16 4368580
14 17 4127800
14 12 3729140
15 10 5124500
15 13 4585940
15 12 4831920
15 8 3417050
16 23 6000420
16 20 4230340
16 6 4737420
16 13 4368580
17 14 4127800
17 13 4849320
17 19 4365830
17 25 5367390
18 22 1752250
18 25 4080950
18 19 3079390
19 17 4365830
19 18 3079390
19 22 1910560
20 16 4230340
20 25 4584510
20 23 5698280
21 24 3884070
21 23 5702310
21 7 4387810
22 18 1752250
22 19 1910560
23 21 5702310
23 24 5650120
23 16 6000420
23 20 5698280
24 21 3884070
24 23 5650120
25 20 4584510
25 18 4080950
25 17 5367390
