0 4 3381430
0 2 3563270
1 2 6492670
1 5 6154700
1 3 5558400
2 1 6492670
2 0 3563270
2 4 6120400
3 4 5186130
3 1 5558400
3 5 5030000
4 0 3381430
4 3 5186130
4 2 6120400
4 11 6020860
5 1 6154700
5 3 5030000
5 7 5324270
5 6 5435250
6 8 3927570
6 7 5133220
6 5 5435250
6 11 5673680
6 16 4398520
7 6 5133220
7 21 4426370
7 5 5324270
8 6 3927570
8 10 3759120
8 15 4221410
9 12 4355870
9 10 3487710
10 15 5369590
10 8 3759120
10 11 5505230
10 9 3487710
11 4 6020860
11 6 5673680
11 10 5505230
12 9 4355870
12 14 4660620
12 13 5628540
12 15 6237750
13 12 5628540
13 15 5222670
13 17 4881980
13 16 4083150
14 17 3914060
14 12 4660620
15 10 5369590
15 13 5222670
15 12 6237750
15 8 4221410
16 23 3839560
16 20 3036920
16 6 4398520
16 13 4083150
17 14 3914060
17 13 4881980
17 19 4022360
17 25 4401510
18 22 3369060
18 25 4860410
18 19 4481260
19 17 4022360
19 18 4481260
19 22 1782020
20 16 3036920
20 25 3086760
20 23 3323640
21 24 4277080
21 23 3978390
21 7 4426370
22 18 3369060
22 19 1782020
23 21 3978390
23 24 4424970
23 16 3839560
23 20 3323640
24 21 4277080
24 23 4424970
25 20 3086760
25 18 4860410
25 17 4401510
