0 4 2234690
0 2 3685560
1 2 5421380
1 5 4081390
1 3 3660710
2 1 5421380
2 0 3685560
2 4 4908970
3 4 3148300
3 1 3660710
3 5 3259180
4 0 2234690
4 3 3148300
4 2 4908970
4 11 3543150
5 1 4081390
5 3 3259180
5 7 3501090
5 6 3864050
6 8 3175730
6 7 3685280
6 5 3864050
6 11 3838220
6 16 3667700
7 6 3685280
7 21 3350000
7 5 3501090
8 6 3175730
8 10 3007530
8 15 3090400
9 12 3110840
9 10 2733190
10 15 3794710
10 8 3007530
10 11 3670020
10 9 2733190
11 4 3543150
11 6 3838220
11 10 3670020
12 9 3110840
12 14 3836330
12 13 4115410
12 15 4172360
13 12 4115410
13 15 3820630
13 17 4628820
13 16 3525420
14 17 4349740
14 12 3836330
15 10 3794710
15 13 3820630
15 12 4172360
15 8 3090400
16 23 4195420
16 20 3669940
16 6 3667700
16 13 3525420
17 14 4349740
17 13 4628820
17 19 4967620
17 25 5730980
18 22 4601910
18 25 7368910
18 19 6605550
19 17 4967620
19 18 6605550
19 22 2437640
20 16 3669940
20 25 5010360
20 23 4578200
21 24 3371600
21 23 4240680
21 7 3350000
22 18 4601910
22 19 2437640
23 21 4240680
23 24 4234600
23 16 4195420
23 20 4578200
24 21 3371600
24 23 4234600
25 20 5010360
25 18 7368910
25 17 5730980
