0 4 1515720
0 2 2125210
1 2 3286930
1 5 2633890
1 3 2339910
2 1 3286930
2 0 2125210
2 4 3282910
3 4 2335890
3 1 2339910
3 5 2292340
4 0 1515720
4 3 2335890
4 2 3282910
4 11 2659180
5 1 2633890
5 3 2292340
5 7 2805970
5 6 2919230
6 8 2580770
6 7 3138880
6 5 2919230
6 11 2948540
6 16 3117910
7 6 3138880
7 21 2639860
7 5 2805970
8 6 2580770
8 10 2158090
8 15 2551910
9 12 2042820
9 10 1550220
10 15 2800600
10 8 2158090
10 11 2525860
10 9 1550220
11 4 2659180
11 6 2948540
11 10 2525860
12 9 2042820
12 14 2665670
12 13 3269730
12 15 3293200
13 12 3269730
13 15 3170950
13 17 3374950
13 16 3065580
14 17 2770890
14 12 2665670
15 10 2800600
15 13 3170950
15 12 3293200
15 8 2551910
16 23 4155650
16 20 3395360
16 6 3117910
16 13 3065580
17 14 2770890
17 13 3374950
17 19 2661420
17 25 4420880
18 22 1583730
18 25 3996620
18 19 2237160
19 17 2661420
19 18 2237160
19 22 1066990
20 16 3395360
20 25 4523190
20 23 4567330
21 24 2574480
21 23 3790860
21 7 2639860
22 18 1583730
22 19 1066990
23 21 3790860
23 24 4111240
23 16 4155650
23 20 4567330
24 21 2574480
24 23 4111240
25 20 4523190
25 18 3996620
25 17 4420880
