0 4 3389070
0 2 3239610
1 2 5532640
1 5 5245590
1 3 4622640
2 1 5532640
2 0 3239610
2 4 5779040
3 4 4869040
3 1 4622640
3 5 4432530
4 0 3389070
4 3 4869040
4 2 5779040
4 11 6055830
5 1 5245590
5 3 4432530
5 7 6088970
5 6 5793250
6 8 4732900
6 7 6826740
6 5 5793250
6 11 6357090
6 16 5961430
7 6 6826740
7 21 5916590
7 5 6088970
8 6 4732900
8 10 4164030
8 15 4379780
9 12 3231980
9 10 3624900
10 15 5609030
10 8 4164030
10 11 5788220
10 9 3624900
11 4 6055830
11 6 6357090
11 10 5788220
12 9 3231980
12 14 3622100
12 13 4953170
12 15 5216110
13 12 4953170
13 15 5561840
13 17 5298890
13 16 5345370
14 17 3967820
14 12 3622100
15 10 5609030
15 13 5561840
15 12 5216110
15 8 4379780
16 23 7072990
16 20 5414860
16 6 5961430
16 13 5345370
17 14 3967820
17 13 5298890
17 19 4509050
17 25 5711290
18 22 4063530
18 25 6584920
18 19 5382680
19 17 4509050
19 18 5382680
19 22 2400070
20 16 5414860
20 25 5780790
20 23 7096010
21 24 4082570
21 23 6732430
21 7 5916590
22 18 4063530
22 19 2400070
23 21 6732430
23 24 6104280
23 16 7072990
23 20 7096010
24 21 4082570
24 23 6104280
25 20 5780790
25 18 6584920
25 17 5711290
