0 4 2907170
0 2 2915500
1 2 5473630
1 5 4982880
1 3 4698700
2 1 5473630
2 0 2915500
2 4 5310190
3 4 4535260
3 1 4698700
3 5 4052840
4 0 2907170
4 3 4535260
4 2 5310190
4 11 5218500
5 1 4982880
5 3 4052840
5 7 4742590
5 6 4536960
6 8 3680810
6 7 4942530
6 5 4536960
6 11 4936020
6 16 4163960
7 6 4942530
7 21 4082980
7 5 4742590
8 6 3680810
8 10 3314010
8 15 3534340
9 12 3067450
9 10 2797350
10 15 4223630
10 8 3314010
10 11 4569220
10 9 2797350
11 4 5218500
11 6 4936020
11 10 4569220
12 9 3067450
12 14 3388380
12 13 4443960
12 15 4493730
13 12 4443960
13 15 4394190
13 17 4442910
13 16 3967720
14 17 3387330
14 12 3388380
15 10 4223630
15 13 4394190
15 12 4493730
15 8 3534340
16 23 5123710
16 20 4018070
16 6 4163960
16 13 3967720
17 14 3387330
17 13 4442910
17 19 3819150
17 25 5013860
18 22 3118840
18 25 5574900
18 19 4380190
19 17 3819150
19 18 4380190
19 22 1835550
20 16 4018070
20 25 4965720
20 23 5550760
21 24 3500190
21 23 4837100
21 7 4082980
22 18 3118840
22 19 1835550
23 21 4837100
23 24 5319490
23 16 5123710
23 20 5550760
24 21 3500190
24 23 5319490
25 20 4965720
25 18 5574900
25 17 5013860
