0 4 3085890
0 2 4016800
1 2 6682210
1 5 5658420
1 3 5134860
2 1 6682210
2 0 4016800
2 4 6343450
3 4 4796100
3 1 5134860
3 5 4703220
4 0 3085890
4 3 4796100
4 2 6343450
4 11 5605760
5 1 5658420
5 3 4703220
5 7 5822200
5 6 5404980
6 8 4522470
6 7 6000400
6 5 5404980
6 11 5691080
6 16 4926450
7 6 6000400
7 21 5256860
7 5 5822200
8 6 4522470
8 10 4382900
8 15 4395410
9 12 3661050
9 10 3913050
10 15 5316550
10 8 4382900
10 11 5551510
10 9 3913050
11 4 5605760
11 6 5691080
11 10 5551510
12 9 3661050
12 14 4296400
12 13 4899960
12 15 5064550
13 12 4899960
13 15 5164470
13 17 6064570
13 16 4634800
14 17 5461010
14 12 4296400
15 10 5316550
15 13 5164470
15 12 5064550
15 8 4395410
16 23 5830740
16 20 4841940
16 6 4926450
16 13 4634800
17 14 5461010
17 13 6064570
17 19 5376390
17 25 8185140
18 22 3686720
18 25 7961960
18 19 5153210
19 17 5376390
19 18 5153210
19 22 2157030
20 16 4841940
20 25 7327590
20 23 6402960
21 24 3940820
21 23 5743930
21 7 5256860
22 18 3686720
22 19 2157030
23 21 5743930
23 24 5588650
23 16 5830740
23 20 6402960
24 21 3940820
24 23 5588650
25 20 7327590
25 18 7961960
25 17 8185140
