0 4 2705870
0 2 3725950
1 2 6464380
1 5 5370010
1 3 5278490
2 1 6464380
2 0 3725950
2 4 5682880
3 4 4496990
3 1 5278490
3 5 4422700
4 0 2705870
4 3 4496990
4 2 5682880
4 11 4633220
5 1 5370010
5 3 4422700
5 7 4800680
5 6 4887580
6 8 3965010
6 7 5174040
6 5 4887580
6 11 4932290
6 16 4987460
7 6 5174040
7 21 4403650
7 5 4800680
8 6 3965010
8 10 3503050
8 15 3663250
9 12 3063500
9 10 2843840
10 15 4497220
10 8 3503050
10 11 4470330
10 9 2843840
11 4 4633220
11 6 4932290
11 10 4470330
12 9 3063500
12 14 3518390
12 13 4513540
12 15 4716880
13 12 4513540
13 15 4454080
13 17 4454920
13 16 4482360
14 17 3459770
14 12 3518390
15 10 4497220
15 13 4454080
15 12 4716880
15 8 3663250
16 23 6060280
16 20 5174590
16 6 4987460
16 13 4482360
17 14 3459770
17 13 4454920
17 19 3786430
17 25 5709390
18 22 3010230
18 25 6290250
18 19 4367290
19 17 3786430
19 18 4367290
19 22 1556700
20 16 5174590
20 25 6197440
20 23 6520890
21 24 3478140
21 23 5563370
21 7 4403650
22 18 3010230
22 19 1556700
23 21 5563370
23 24 5321350
23 16 6060280
23 20 6520890
24 21 3478140
24 23 5321350
25 20 6197440
25 18 6290250
25 17 5709390
