0 4 3237590
0 2 4164380
1 2 6904850
1 5 5430670
1 3 5068290
2 1 6904850
2 0 4164380
2 4 6922890
3 4 5086330
3 1 5068290
3 5 4538940
4 0 3237590
4 3 5086330
4 2 6922890
4 11 6347300
5 1 5430670
5 3 4538940
5 7 5697820
5 6 5336480
6 8 4406690
6 7 6132980
6 5 5336480
6 11 6235070
6 16 5167120
7 6 6132980
7 21 5652490
7 5 5697820
8 6 4406690
8 10 4607490
8 15 4528350
9 12 3481700
9 10 4092690
10 15 6094100
10 8 4607490
10 11 6435870
10 9 4092690
11 4 6347300
11 6 6235070
11 10 6435870
12 9 3481700
12 14 3785710
12 13 5058960
12 15 5483110
13 12 5058960
13 15 5590810
13 17 5297870
13 16 4864630
14 17 4024620
14 12 3785710
15 10 6094100
15 13 5590810
15 12 5483110
15 8 4528350
16 23 6121000
16 20 4894650
16 6 5167120
16 13 4864630
17 14 4024620
17 13 5297870
17 19 4915570
17 25 6029680
18 22 3965440
18 25 6779220
18 19 5665110
19 17 4915570
19 18 5665110
19 22 2702390
20 16 4894650
20 25 5928490
20 23 6453050
21 24 4688660
21 23 6245030
21 7 5652490
22 18 3965440
22 19 2702390
23 21 6245030
23 24 6123030
23 16 6121000
23 20 6453050
24 21 4688660
24 23 6123030
25 20 5928490
25 18 6779220
25 17 6029680
