0 4 2929140
0 2 3384780
1 2 6174620
1 5 5305660
1 3 4943640
2 1 6174620
2 0 3384780
2 4 6146320
3 4 4915340
3 1 4943640
3 5 4502020
4 0 2929140
4 3 4915340
4 2 6146320
4 11 5816860
5 1 5305660
5 3 4502020
5 7 5284220
5 6 4359260
6 8 2851930
6 7 4779440
6 5 4359260
6 11 4898760
6 16 4230370
7 6 4779440
7 21 5144510
7 5 5284220
8 6 2851930
8 10 3419150
8 15 3321290
9 12 3275230
9 10 3392040
10 15 4891060
10 8 3419150
10 11 5465980
10 9 3392040
11 4 5816860
11 6 4898760
11 10 5465980
12 9 3275230
12 14 3347500
12 13 4701640
12 15 4774250
13 12 4701640
13 15 4720590
13 17 4754400
13 16 4627120
14 17 3400260
14 12 3347500
15 10 4891060
15 13 4720590
15 12 4774250
15 8 3321290
16 23 5560270
16 20 3777520
16 6 4230370
16 13 4627120
17 14 3400260
17 13 4754400
17 19 3913000
17 25 4358220
18 22 2724360
18 25 4367010
18 19 3921790
19 17 3913000
19 18 3921790
19 22 1767750
20 16 3777520
20 25 3402200
20 23 4731530
21 24 4720290
21 23 5549450
21 7 5144510
22 18 2724360
22 19 1767750
23 21 5549450
23 24 5685120
23 16 5560270
23 20 4731530
24 21 4720290
24 23 5685120
25 20 3402200
25 18 4367010
25 17 4358220
