0 4 3039160
0 2 3770030
1 2 5449520
1 5 4536160
1 3 3880470
2 1 5449520
2 0 3770030
2 4 5607750
3 4 4038700
3 1 3880470
3 5 3856210
4 0 3039160
4 3 4038700
4 2 5607750
4 11 5108400
5 1 4536160
5 3 3856210
5 7 4334540
5 6 4152980
6 8 2897040
6 7 3975620
6 5 4152980
6 11 4566990
6 16 4480140
7 6 3975620
7 21 3625540
7 5 4334540
8 6 2897040
8 10 3258500
8 15 3087480
9 12 3004280
9 10 2759880
10 15 4345960
10 8 3258500
10 11 4928450
10 9 2759880
11 4 5108400
11 6 4566990
11 10 4928450
12 9 3004280
12 14 4303110
12 13 5496990
12 15 4590360
13 12 5496990
13 15 5081570
13 17 6373630
13 16 5577210
14 17 5179750
14 12 4303110
15 10 4345960
15 13 5081570
15 12 4590360
15 8 3087480
16 23 5268620
16 20 4284220
16 6 4480140
16 13 5577210
17 14 5179750
17 13 6373630
17 19 5616240
17 25 6637860
18 22 3803400
18 25 6707310
18 19 5685690
19 17 5616240
19 18 5685690
19 22 2591130
20 16 4284220
20 25 4959440
20 23 4386620
21 24 3194670
21 23 4232460
21 7 3625540
22 18 3803400
22 19 2591130
23 21 4232460
23 24 4333230
23 16 5268620
23 20 4386620
24 21 3194670
24 23 4333230
25 20 4959440
25 18 6707310
25 17 6637860
