0 4 2198550
0 2 3316650
1 2 6088480
1 5 4989540
1 3 4638800
2 1 6088480
2 0 3316650
2 4 5208680
3 4 3759000
3 1 4638800
3 5 3778160
4 0 2198550
4 3 3759000
4 2 5208680
4 11 4052820
5 1 4989540
5 3 3778160
5 7 3909510
5 6 3887090
6 8 2483200
6 7 3667700
6 5 3887090
6 11 3830170
6 16 3711110
7 6 3667700
7 21 3354240
7 5 3909510
8 6 2483200
8 10 2384610
8 15 2574650
9 12 2150930
9 10 2308140
10 15 3638140
10 8 2384610
10 11 3731580
10 9 2308140
11 4 4052820
11 6 3830170
11 10 3731580
12 9 2150930
12 14 2877840
12 13 3207820
12 15 3480930
13 12 3207820
13 15 3555070
13 17 3687580
13 16 3529450
14 17 3357600
14 12 2877840
15 10 3638140
15 13 3555070
15 12 3480930
15 8 2574650
16 23 4309550
16 20 3530340
16 6 3711110
16 13 3529450
17 14 3357600
17 13 3687580
17 19 3621380
17 25 4063800
18 22 2791310
18 25 4663320
18 19 4220900
19 17 3621380
19 18 4220900
19 22 1719970
20 16 3530340
20 25 3659070
20 23 4062950
21 24 2486040
21 23 3930260
21 7 3354240
22 18 2791310
22 19 1719970
23 21 3930260
23 24 3397940
23 16 4309550
23 20 4062950
24 21 2486040
24 23 3397940
25 20 3659070
25 18 4663320
25 17 4063800
