0 4 3191930
0 2 3497200
1 2 5750380
1 5 5078760
1 3 4624020
2 1 5750380
2 0 3497200
2 4 6146550
3 4 5020190
3 1 4624020
3 5 4653840
4 0 3191930
4 3 5020190
4 2 6146550
4 11 5853290
5 1 5078760
5 3 4653840
5 7 6936620
5 6 5569140
6 8 5099030
6 7 7397180
6 5 5569140
6 11 5947500
6 16 5031020
7 6 7397180
7 21 6447250
7 5 6936620
8 6 5099030
8 10 4902780
8 15 5574710
9 12 4963790
9 10 4026790
10 15 6309130
10 8 4902780
10 11 5751250
10 9 4026790
11 4 5853290
11 6 5947500
11 10 5751250
12 9 4963790
12 14 5082800
12 13 6805350
12 15 7246130
13 12 6805350
13 15 6540280
13 17 5606040
13 16 5065920
14 17 3883490
14 12 5082800
15 10 6309130
15 13 6540280
15 12 7246130
15 8 5574710
16 23 5049680
16 20 4040640
16 6 5031020
16 13 5065920
17 14 3883490
17 13 5606040
17 19 4123030
17 25 5550080
18 22 2858230
18 25 5482050
18 19 4055000
19 17 4123030
19 18 4055000
19 22 1936710
20 16 4040640
20 25 5018260
20 23 5057980
21 24 3636020
21 23 5098430
21 7 6447250
22 18 2858230
22 19 1936710
23 21 5098430
23 24 4604610
23 16 5049680
23 20 5057980
24 21 3636020
24 23 4604610
25 20 5018260
25 18 5482050
25 17 5550080
