0 4 2793130
0 2 3642230
1 2 6098170
1 5 5253520
1 3 4413900
2 1 6098170
2 0 3642230
2 4 5899360
3 4 4215090
3 1 4413900
3 5 4219540
4 0 2793130
4 3 4215090
4 2 5899360
4 11 5193600
5 1 5253520
5 3 4219540
5 7 5817340
5 6 5441090
6 8 4135930
6 7 6199270
6 5 5441090
6 11 5579980
6 16 5286460
7 6 6199270
7 21 5363450
7 5 5817340
8 6 4135930
8 10 3502360
8 15 3589100
9 12 2982210
9 10 3041320
10 15 4642620
10 8 3502360
10 11 4946410
10 9 3041320
11 4 5193600
11 6 5579980
11 10 4946410
12 9 2982210
12 14 3567280
12 13 4411690
12 15 4583510
13 12 4411690
13 15 4557540
13 17 4656580
13 16 4567810
14 17 3812170
14 12 3567280
15 10 4642620
15 13 4557540
15 12 4583510
15 8 3589100
16 23 5716910
16 20 4605000
16 6 5286460
16 13 4567810
17 14 3812170
17 13 4656580
17 19 4026810
17 25 5132570
18 22 2772580
18 25 5132810
18 19 4027050
19 17 4026810
19 18 4027050
19 22 1871710
20 16 4605000
20 25 4898900
20 23 5572010
21 24 3423370
21 23 5417650
21 7 5363450
22 18 2772580
22 19 1871710
23 21 5417650
23 24 4689640
23 16 5716910
23 20 5572010
24 21 3423370
24 23 4689640
25 20 4898900
25 18 5132810
25 17 5132570
