0 4 2164420
0 2 2736680
1 2 4462430
1 5 3473090
1 3 3328580
2 1 4462430
2 0 2736680
2 4 4390220
3 4 3256370
3 1 3328580
3 5 2839290
4 0 2164420
4 3 3256370
4 2 4390220
4 11 3834050
5 1 3473090
5 3 2839290
5 7 3088130
5 6 3086090
6 8 2405540
6 7 3190420
6 5 3086090
6 11 3519260
6 16 2973630
7 6 3190420
7 21 2557650
7 5 3088130
8 6 2405540
8 10 2789210
8 15 2746980
9 12 2637890
9 10 2864220
10 15 3913490
10 8 2789210
10 11 3902930
10 9 2864220
11 4 3834050
11 6 3519260
11 10 3902930
12 9 2637890
12 14 2852090
12 13 3465210
12 15 3687160
13 12 3465210
13 15 3649310
13 17 3777040
13 16 3093120
14 17 3163920
14 12 2852090
15 10 3913490
15 13 3649310
15 12 3687160
15 8 2746980
16 23 3753560
16 20 3060870
16 6 2973630
16 13 3093120
17 14 3163920
17 13 3777040
17 19 3470460
17 25 4753760
18 22 2788300
18 25 5289400
18 19 4006100
19 17 3470460
19 18 4006100
19 22 1596400
20 16 3060870
20 25 4371830
20 23 4055550
21 24 2284470
21 23 3335540
21 7 2557650
22 18 2788300
22 19 1596400
23 21 3335540
23 24 3697170
23 16 3753560
23 20 4055550
24 21 2284470
24 23 3697170
25 20 4371830
25 18 5289400
25 17 4753760
