0 4 2286430
0 2 2843500
1 2 4638850
1 5 4057480
1 3 3450670
2 1 4638850
2 0 2843500
2 4 4632250
3 4 3444070
3 1 3450670
3 5 3419770
4 0 2286430
4 3 3444070
4 2 4632250
4 11 4337110
5 1 4057480
5 3 3419770
5 7 4647300
5 6 4014260
6 8 2882450
6 7 4634980
6 5 4014260
6 11 4300490
6 16 3642650
7 6 4634980
7 21 3795760
7 5 4647300
8 6 2882450
8 10 2810450
8 15 2874790
9 12 3129770
9 10 2738120
10 15 3922280
10 8 2810450
10 11 4228490
10 9 2738120
11 4 4337110
11 6 4300490
11 10 4228490
12 9 3129770
12 14 3790560
12 13 4203590
12 15 4313930
13 12 4203590
13 15 3876280
13 17 4434830
13 16 3524650
14 17 4021800
14 12 3790560
15 10 3922280
15 13 3876280
15 12 4313930
15 8 2874790
16 23 3999840
16 20 3672640
16 6 3642650
16 13 3524650
17 14 4021800
17 13 4434830
17 19 4389350
17 25 5333830
18 22 3722230
18 25 6217470
18 19 5272990
19 17 4389350
19 18 5272990
19 22 2124220
20 16 3672640
20 25 4812930
20 23 4389120
21 24 2251580
21 23 3519910
21 7 3795760
22 18 3722230
22 19 2124220
23 21 3519910
23 24 3447990
23 16 3999840
23 20 4389120
24 21 2251580
24 23 3447990
25 20 4812930
25 18 6217470
25 17 5333830
