0 4 3225610
0 2 4801920
1 2 7909200
1 5 5934860
1 3 5317340
2 1 7909200
2 0 4801920
2 4 7373390
3 4 4781530
3 1 5317340
3 5 4383500
4 0 3225610
4 3 4781530
4 2 7373390
4 11 5986450
5 1 5934860
5 3 4383500
5 7 7320210
5 6 5958520
6 8 5657800
6 7 8277710
6 5 5958520
6 11 6545920
6 16 6044460
7 6 8277710
7 21 7894220
7 5 7320210
8 6 5657800
8 10 5440380
8 15 5812260
9 12 5000710
9 10 4547170
10 15 6853060
10 8 5440380
10 11 6328500
10 9 4547170
11 4 5986450
11 6 6545920
11 10 6328500
12 9 5000710
12 14 5404800
12 13 6832360
12 15 7306600
13 12 6832360
13 15 6750700
13 17 6847990
13 16 5724680
14 17 5420430
14 12 5404800
15 10 6853060
15 13 6750700
15 12 7306600
15 8 5812260
16 23 7657960
16 20 5609960
16 6 6044460
16 13 5724680
17 14 5420430
17 13 6847990
17 19 6585930
17 25 7975750
18 22 5996610
18 25 9912170
18 19 8522350
19 17 6585930
19 18 8522350
19 22 3226600
20 16 5609960
20 25 7289500
20 23 8095020
21 24 5712300
21 23 8146030
21 7 7894220
22 18 5996610
22 19 3226600
23 21 8146030
23 24 7709290
23 16 7657960
23 20 8095020
24 21 5712300
24 23 7709290
25 20 7289500
25 18 9912170
25 17 7975750
