0 4 4158900
0 2 4789110
1 2 9119610
1 5 8066220
1 3 7851810
2 1 9119610
2 0 4789110
2 4 8195750
3 4 6927950
3 1 7851810
3 5 6504770
4 0 4158900
4 3 6927950
4 2 8195750
4 11 7662490
5 1 8066220
5 3 6504770
5 7 7377100
5 6 6708040
6 8 4928480
6 7 7365960
6 5 6708040
6 11 7228170
6 16 6349750
7 6 7365960
7 21 6763870
7 5 7377100
8 6 4928480
8 10 5288970
8 15 5263650
9 12 4405660
9 10 5080340
10 15 7392560
10 8 5288970
10 11 7588660
10 9 5080340
11 4 7662490
11 6 7228170
11 10 7588660
12 9 4405660
12 14 4557600
12 13 6078910
12 15 6717880
13 12 6078910
13 15 6728270
13 17 6200130
13 16 6045950
14 17 4678820
14 12 4557600
15 10 7392560
15 13 6728270
15 12 6717880
15 8 5263650
16 23 7152430
16 20 5539600
16 6 6349750
16 13 6045950
17 14 4678820
17 13 6200130
17 19 5324190
17 25 5959800
18 22 3377800
18 25 6169780
18 19 5534170
19 17 5324190
19 18 5534170
19 22 2181050
20 16 5539600
20 25 5342620
20 23 6689430
21 24 4578650
21 23 6897490
21 7 6763870
22 18 3377800
22 19 2181050
23 21 6897490
23 24 5983420
23 16 7152430
23 20 6689430
24 21 4578650
24 23 5983420
25 20 5342620
25 18 6169780
25 17 5959800
