0 4 2325490
0 2 3206330
1 2 5571460
1 5 4875130
1 3 4362450
2 1 5571460
2 0 3206330
2 4 5175440
3 4 3966430
3 1 4362450
3 5 4150940
4 0 2325490
4 3 3966430
4 2 5175440
4 11 4500730
5 1 4875130
5 3 4150940
5 7 4694100
5 6 4570440
6 8 3493840
6 7 4600920
6 5 4570440
6 11 4592060
6 16 4498150
7 6 4600920
7 21 4417630
7 5 4694100
8 6 3493840
8 10 3401950
8 15 3595770
9 12 2911660
9 10 2849580
10 15 4487300
10 8 3401950
10 11 4500170
10 9 2849580
11 4 4500730
11 6 4592060
11 10 4500170
12 9 2911660
12 14 3660870
12 13 4719970
12 15 4549380
13 12 4719970
13 15 4851710
13 17 5129370
13 16 4770670
14 17 4070270
14 12 3660870
15 10 4487300
15 13 4851710
15 12 4549380
15 8 3595770
16 23 5614740
16 20 3947810
16 6 4498150
16 13 4770670
17 14 4070270
17 13 5129370
17 19 4380320
17 25 4928110
18 22 3039080
18 25 5289910
18 19 4742120
19 17 4380320
19 18 4742120
19 22 1821160
20 16 3947810
20 25 3998180
20 23 5043510
21 24 3566820
21 23 5410560
21 7 4417630
22 18 3039080
22 19 1821160
23 21 5410560
23 24 4866700
23 16 5614740
23 20 5043510
24 21 3566820
24 23 4866700
25 20 3998180
25 18 5289910
25 17 4928110
