0 4 2191900
0 2 2276950
1 2 4146960
1 5 3881320
1 3 3459770
2 1 4146960
2 0 2276950
2 4 4106170
3 4 3418980
3 1 3459770
3 5 3238390
4 0 2191900
4 3 3418980
4 2 4106170
4 11 3971080
5 1 3881320
5 3 3238390
5 7 4740270
5 6 4162280
6 8 3592780
6 7 5242610
6 5 4162280
6 11 4292830
6 16 4213310
7 6 5242610
7 21 4941160
7 5 4740270
8 6 3592780
8 10 3329140
8 15 3235920
9 12 3151670
9 10 2612830
10 15 4044120
10 8 3329140
10 11 4029190
10 9 2612830
11 4 3971080
11 6 4292830
11 10 4029190
12 9 3151670
12 14 4254070
12 13 5323740
12 15 4582960
13 12 5323740
13 15 4691680
13 17 5923920
13 16 4597230
14 17 4854250
14 12 4254070
15 10 4044120
15 13 4691680
15 12 4582960
15 8 3235920
16 23 5282910
16 20 3950080
16 6 4213310
16 13 4597230
17 14 4854250
17 13 5923920
17 19 4859940
17 25 6243210
18 22 3664050
18 25 6440390
18 19 5057120
19 17 4859940
19 18 5057120
19 22 1911430
20 16 3950080
20 25 5104600
20 23 5470990
21 24 3828730
21 23 5432770
21 7 4941160
22 18 3664050
22 19 1911430
23 21 5432770
23 24 5199780
23 16 5282910
23 20 5470990
24 21 3828730
24 23 5199780
25 20 5104600
25 18 6440390
25 17 6243210
