0 4 2462210
0 2 2307770
1 2 4007430
1 5 4007000
1 3 3579630
2 1 4007430
2 0 2307770
2 4 4071760
3 4 3643960
3 1 3579630
3 5 3489090
4 0 2462210
4 3 3643960
4 2 4071760
4 11 4211330
5 1 4007000
5 3 3489090
5 7 3645970
5 6 3770160
6 8 2925830
6 7 3499670
6 5 3770160
6 11 3910160
6 16 3603840
7 6 3499670
7 21 3026290
7 5 3645970
8 6 2925830
8 10 3378420
8 15 3166150
9 12 2637140
9 10 3072910
10 15 4316770
10 8 3378420
10 11 4362750
10 9 3072910
11 4 4211330
11 6 3910160
11 10 4362750
12 9 2637140
12 14 2772430
12 13 3671300
12 15 3881000
13 12 3671300
13 15 3894800
13 17 3690430
13 16 3634460
14 17 2791560
14 12 2772430
15 10 4316770
15 13 3894800
15 12 3881000
15 8 3166150
16 23 3994460
16 20 3599850
16 6 3603840
16 13 3634460
17 14 2791560
17 13 3690430
17 19 3276390
17 25 3910710
18 22 2638210
18 25 4537650
18 19 3903330
19 17 3276390
19 18 3903330
19 22 1591900
20 16 3599850
20 25 3870770
20 23 4010490
21 24 2739830
21 23 3541100
21 7 3026290
22 18 2638210
22 19 1591900
23 21 3541100
23 24 3603830
23 16 3994460
23 20 4010490
24 21 2739830
24 23 3603830
25 20 3870770
25 18 4537650
25 17 3910710
