0 4 3169680
0 2 3044400
1 2 5629990
1 5 5643640
1 3 5202790
2 1 5629990
2 0 3044400
2 4 5308000
3 4 4880800
3 1 5202790
3 5 4769170
4 0 3169680
4 3 4880800
4 2 5308000
4 11 5727520
5 1 5643640
5 3 4769170
5 7 5054960
5 6 4722820
6 8 3386340
6 7 4567760
6 5 4722820
6 11 5128690
6 16 3629470
7 6 4567760
7 21 3993050
7 5 5054960
8 6 3386340
8 10 3876050
8 15 3895060
9 12 3709800
9 10 3661500
10 15 5234050
10 8 3876050
10 11 5618400
10 9 3661500
11 4 5727520
11 6 5128690
11 10 5618400
12 9 3709800
12 14 3782030
12 13 4662440
12 15 5282350
13 12 4662440
13 15 4633150
13 17 4332990
13 16 3518280
14 17 3452580
14 12 3782030
15 10 5234050
15 13 4633150
15 12 5282350
15 8 3895060
16 23 3617910
16 20 2611340
16 6 3629470
16 13 3518280
17 14 3452580
17 13 4332990
17 19 3643200
17 25 3982300
18 22 2640780
18 25 3725460
18 19 3386360
19 17 3643200
19 18 3386360
19 22 1888080
20 16 2611340
20 25 2755610
20 23 3205930
21 24 3063660
21 23 3649350
21 7 3993050
22 18 2640780
22 19 1888080
23 21 3649350
23 24 3626810
23 16 3617910
23 20 3205930
24 21 3063660
24 23 3626810
25 20 2755610
25 18 3725460
25 17 3982300
