0 4 1860380
0 2 2303060
1 2 3473350
1 5 3023460
1 3 2549530
2 1 3473350
2 0 2303060
2 4 3539880
3 4 2616060
3 1 2549530
3 5 2608850
4 0 1860380
4 3 2616060
4 2 3539880
4 11 3261570
5 1 3023460
5 3 2608850
5 7 3419120
5 6 2819010
6 8 1706520
6 7 3155350
6 5 2819010
6 11 2990590
6 16 2352560
7 6 3155350
7 21 3334270
7 5 3419120
8 6 1706520
8 10 1985790
8 15 1846640
9 12 1584350
9 10 1964320
10 15 2974630
10 8 1985790
10 11 3269860
10 9 1964320
11 4 3261570
11 6 2990590
11 10 3269860
12 9 1584350
12 14 1973790
12 13 2291700
12 15 2594660
13 12 2291700
13 15 2532520
13 17 2502960
13 16 2189720
14 17 2185050
14 12 1973790
15 10 2974630
15 13 2532520
15 12 2594660
15 8 1846640
16 23 2909990
16 20 2178980
16 6 2352560
16 13 2189720
17 14 2185050
17 13 2502960
17 19 2469830
17 25 2979120
18 22 2473690
18 25 3903060
18 19 3393770
19 17 2469830
19 18 3393770
19 22 1243220
20 16 2178980
20 25 2694980
20 23 2939090
21 24 2806110
21 23 3291590
21 7 3334270
22 18 2473690
22 19 1243220
23 21 3291590
23 24 3184620
23 16 2909990
23 20 2939090
24 21 2806110
24 23 3184620
25 20 2694980
25 18 3903060
25 17 2979120
