0 4 2708870
0 2 2546880
1 2 5721660
1 5 6377560
1 3 5760800
2 1 5721660
2 0 2546880
2 4 4877190
3 4 4916330
3 1 5760800
3 5 5410240
4 0 2708870
4 3 4916330
4 2 4877190
4 11 5279960
5 1 6377560
5 3 5410240
5 7 6830950
5 6 5455060
6 8 3328430
6 7 6259010
6 5 5455060
6 11 5201930
6 16 4669150
7 6 6259010
7 21 5891800
7 5 6830950
8 6 3328430
8 10 3189600
8 15 3174350
9 12 2689130
9 10 2930530
10 15 4590210
10 8 3189600
10 11 5063100
10 9 2930530
11 4 5279960
11 6 5201930
11 10 5063100
12 9 2689130
12 14 3256750
12 13 4447140
12 15 4348810
13 12 4447140
13 15 4673290
13 17 4635350
13 16 4613400
14 17 3444960
14 12 3256750
15 10 4590210
15 13 4673290
15 12 4348810
15 8 3174350
16 23 5811050
16 20 4099160
16 6 4669150
16 13 4613400
17 14 3444960
17 13 4635350
17 19 3993280
17 25 4457260
18 22 3258740
18 25 5187280
18 19 4723300
19 17 3993280
19 18 4723300
19 22 2022920
20 16 4099160
20 25 4079290
20 23 5455030
21 24 4063770
21 23 5657810
21 7 5891800
22 18 3258740
22 19 2022920
23 21 5657810
23 24 5572880
23 16 5811050
23 20 5455030
24 21 4063770
24 23 5572880
25 20 4079290
25 18 5187280
25 17 4457260
