0 4 2189200
0 2 2142240
1 2 3876670
1 5 4135800
1 3 3431420
2 1 3876670
2 0 2142240
2 4 3731380
3 4 3286130
3 1 3431420
3 5 3498300
4 0 2189200
4 3 3286130
4 2 3731380
4 11 3876000
5 1 4135800
5 3 3498300
5 7 3953170
5 6 3632390
6 8 2128620
6 7 3382880
6 5 3632390
6 11 3517880
6 16 2950290
7 6 3382880
7 21 3179610
7 5 3953170
8 6 2128620
8 10 2154090
8 15 2111410
9 12 2180090
9 10 2063320
10 15 3070360
10 8 2154090
10 11 3543350
10 9 2063320
11 4 3876000
11 6 3517880
11 10 3543350
12 9 2180090
12 14 2752630
12 13 3081570
12 15 3187130
13 12 3081570
13 15 2922120
13 17 3226330
13 16 2827520
14 17 2897390
14 12 2752630
15 10 3070360
15 13 2922120
15 12 3187130
15 8 2111410
16 23 3291600
16 20 2893680
16 6 2950290
16 13 2827520
17 14 2897390
17 13 3226330
17 19 2778560
17 25 3896740
18 22 1751030
18 25 3768610
18 19 2650430
19 17 2778560
19 18 2650430
19 22 1021620
20 16 2893680
20 25 3553130
20 23 3346800
21 24 2378580
21 23 3200140
21 7 3179610
22 18 1751030
22 19 1021620
23 21 3200140
23 24 2923160
23 16 3291600
23 20 3346800
24 21 2378580
24 23 2923160
25 20 3553130
25 18 3768610
25 17 3896740
