0 4 2430140
0 2 2772610
1 2 5043300
1 5 4757920
1 3 4193470
2 1 5043300
2 0 2772610
2 4 4467870
3 4 3618040
3 1 4193470
3 5 3675130
4 0 2430140
4 3 3618040
4 2 4467870
4 11 4410420
5 1 4757920
5 3 3675130
5 7 4623820
5 6 4125870
6 8 3035470
6 7 4510110
6 5 4125870
6 11 4353800
6 16 3737340
7 6 4510110
7 21 4463550
7 5 4623820
8 6 3035470
8 10 3118470
8 15 3194070
9 12 2695620
9 10 2808660
10 15 4253760
10 8 3118470
10 11 4436800
10 9 2808660
11 4 4410420
11 6 4353800
11 10 4436800
12 9 2695620
12 14 3563470
12 13 3993150
12 15 4140720
13 12 3993150
13 15 4181790
13 17 5036260
13 16 3748370
14 17 4606580
14 12 3563470
15 10 4253760
15 13 4181790
15 12 4140720
15 8 3194070
16 23 4263680
16 20 4284710
16 6 3737340
16 13 3748370
17 14 4606580
17 13 5036260
17 19 5241520
17 25 5734710
18 22 3333630
18 25 5581510
18 19 5088320
19 17 5241520
19 18 5088320
19 22 2690050
20 16 4284710
20 25 5269010
20 23 5085870
21 24 3303610
21 23 4491940
21 7 4463550
22 18 3333630
22 19 2690050
23 21 4491940
23 24 3876510
23 16 4263680
23 20 5085870
24 21 3303610
24 23 3876510
25 20 5269010
25 18 5581510
25 17 5734710
