0 4 2263150
0 2 3261560
1 2 6063070
1 5 5462990
1 3 4677950
2 1 6063070
2 0 3261560
2 4 5291430
3 4 3906310
3 1 4677950
3 5 4304640
4 0 2263150
4 3 3906310
4 2 5291430
4 11 4525080
5 1 5462990
5 3 4304640
5 7 5052930
5 6 4740600
6 8 3130490
6 7 4703850
6 5 4740600
6 11 4574330
6 16 4035170
7 6 4703850
7 21 3963020
7 5 5052930
8 6 3130490
8 10 3028470
8 15 3087440
9 12 2785750
9 10 2988760
10 15 4246450
10 8 3028470
10 11 4472310
10 9 2988760
11 4 4525080
11 6 4574330
11 10 4472310
12 9 2785750
12 14 3312350
12 13 3786220
12 15 4043440
13 12 3786220
13 15 4048200
13 17 3852040
13 16 3734900
14 17 3378170
14 12 3312350
15 10 4246450
15 13 4048200
15 12 4043440
15 8 3087440
16 23 3748860
16 20 3794820
16 6 4035170
16 13 3734900
17 14 3378170
17 13 3852040
17 19 3675130
17 25 4794380
18 22 3969140
18 25 6601380
18 19 5482130
19 17 3675130
19 18 5482130
19 22 1924170
20 16 3794820
20 25 4793240
20 23 3864860
21 24 3180130
21 23 3364380
21 7 3963020
22 18 3969140
22 19 1924170
23 21 3364380
23 24 3634650
23 16 3748860
23 20 3864860
24 21 3180130
24 23 3634650
25 20 4793240
25 18 6601380
25 17 4794380
