0 4 3802440
0 2 4382600
1 2 6831600
1 5 5986250
1 3 5228170
2 1 6831600
2 0 4382600
2 4 6662880
3 4 5059450
3 1 5228170
3 5 4794260
4 0 3802440
4 3 5059450
4 2 6662880
4 11 5968290
5 1 5986250
5 3 4794260
5 7 5788330
5 6 5768970
6 8 5258630
6 7 6004960
6 5 5768970
6 11 5919730
6 16 5395780
7 6 6004960
7 21 4640450
7 5 5788330
8 6 5258630
8 10 5371900
8 15 5857600
9 12 5964830
9 10 4627270
10 15 6697840
10 8 5371900
10 11 6033000
10 9 4627270
11 4 5968290
11 6 5919730
11 10 6033000
12 9 5964830
12 14 5805150
12 13 7179310
12 15 8035400
13 12 7179310
13 15 6327450
13 17 5093520
13 16 5138660
14 17 3719360
14 12 5805150
15 10 6697840
15 13 6327450
15 12 8035400
15 8 5857600
16 23 5900580
16 20 4482140
16 6 5395780
16 13 5138660
17 14 3719360
17 13 5093520
17 19 3972090
17 25 4977790
18 22 2879470
18 25 5295610
18 19 4289910
19 17 3972090
19 18 4289910
19 22 1818060
20 16 4482140
20 25 4699110
20 23 5576760
21 24 3820980
21 23 5125890
21 7 4640450
22 18 2879470
22 19 1818060
23 21 5125890
23 24 5690290
23 16 5900580
23 20 5576760
24 21 3820980
24 23 5690290
25 20 4699110
25 18 5295610
25 17 4977790
