0 4 4132960
0 2 4866160
1 2 8044030
1 5 6884790
1 3 6345470
2 1 8044030
2 0 4866160
2 4 8088320
3 4 6389760
3 1 6345470
3 5 5963720
4 0 4132960
4 3 6389760
4 2 8088320
4 11 7734850
5 1 6884790
5 3 5963720
5 7 5958640
5 6 6371260
6 8 4392730
6 7 5826860
6 5 6371260
6 11 7177030
6 16 6131700
7 6 5826860
7 21 4791950
7 5 5958640
8 6 4392730
8 10 5395240
8 15 5009550
9 12 5124170
9 10 5621690
10 15 7858810
10 8 5395240
10 11 8179540
10 9 5621690
11 4 7734850
11 6 7177030
11 10 8179540
12 9 5124170
12 14 5482320
12 13 6394810
12 15 7361290
13 12 6394810
13 15 6506640
13 17 6070310
13 16 5782040
14 17 5157820
14 12 5482320
15 10 7858810
15 13 6506640
15 12 7361290
15 8 5009550
16 23 6247770
16 20 6040790
16 6 6131700
16 13 5782040
17 14 5157820
17 13 6070310
17 19 5402000
17 25 7115580
18 22 3641230
18 25 7177150
18 19 5463570
19 17 5402000
19 18 5463570
19 22 2381200
20 16 6040790
20 25 6844180
20 23 6264640
21 24 3757420
21 23 5320640
21 7 4791950
22 18 3641230
22 19 2381200
23 21 5320640
23 24 4908400
23 16 6247770
23 20 6264640
24 21 3757420
24 23 4908400
25 20 6844180
25 18 7177150
25 17 7115580
