0 4 1767560
0 2 2260560
1 2 3206100
1 5 2502440
1 3 2031790
2 1 3206100
2 0 2260560
2 4 3387660
3 4 2213350
3 1 2031790
3 5 2002690
4 0 1767560
4 3 2213350
4 2 3387660
4 11 2894740
5 1 2502440
5 3 2002690
5 7 2270880
5 6 2394870
6 8 1812290
6 7 2192410
6 5 2394870
6 11 2605610
6 16 2071270
7 6 2192410
7 21 1924600
7 5 2270880
8 6 1812290
8 10 1927900
8 15 2016250
9 12 1652080
9 10 1699950
10 15 2635970
10 8 1927900
10 11 2721220
10 9 1699950
11 4 2894740
11 6 2605610
11 10 2721220
12 9 1652080
12 14 2038180
12 13 2536480
12 15 2588100
13 12 2536480
13 15 2672700
13 17 2916130
13 16 2223610
14 17 2417830
14 12 2038180
15 10 2635970
15 13 2672700
15 12 2588100
15 8 2016250
16 23 2459850
16 20 2119520
16 6 2071270
16 13 2223610
17 14 2417830
17 13 2916130
17 19 2892200
17 25 3505010
18 22 2719660
18 25 4329960
18 19 3717150
19 17 2892200
19 18 3717150
19 22 1575730
20 16 2119520
20 25 3105870
20 23 2753230
21 24 2127950
21 23 2437170
21 7 1924600
22 18 2719660
22 19 1575730
23 21 2437170
23 24 2784340
23 16 2459850
23 20 2753230
24 21 2127950
24 23 2784340
25 20 3105870
25 18 4329960
25 17 3505010
