0 4 2424130
0 2 2964350
1 2 4426860
1 5 3692630
1 3 3052450
2 1 4426860
2 0 2964350
2 4 4626720
3 4 3252310
3 1 3052450
3 5 3058300
4 0 2424130
4 3 3252310
4 2 4626720
4 11 4209840
5 1 3692630
5 3 3058300
5 7 4755300
5 6 4050650
6 8 3749080
6 7 5107470
6 5 4050650
6 11 4368000
6 16 3900570
7 6 5107470
7 21 4946340
7 5 4755300
8 6 3749080
8 10 3715390
8 15 3707100
9 12 2840130
9 10 2822790
10 15 4327150
10 8 3715390
10 11 4334310
10 9 2822790
11 4 4209840
11 6 4368000
11 10 4334310
12 9 2840130
12 14 3448660
12 13 4122190
12 15 4344490
13 12 4122190
13 15 4096560
13 17 4383690
13 16 3636290
14 17 3710160
14 12 3448660
15 10 4327150
15 13 4096560
15 12 4344490
15 8 3707100
16 23 4293030
16 20 3307440
16 6 3900570
16 13 3636290
17 14 3710160
17 13 4383690
17 19 4046270
17 25 4711430
18 22 2539500
18 25 4689820
18 19 4024660
19 17 4046270
19 18 4024660
19 22 1714260
20 16 3307440
20 25 3873150
20 23 4202150
21 24 4026390
21 23 4634150
21 7 4946340
22 18 2539500
22 19 1714260
23 21 4634150
23 24 4579980
23 16 4293030
23 20 4202150
24 21 4026390
24 23 4579980
25 20 3873150
25 18 4689820
25 17 4711430
