0 4 2339820
0 2 3358440
1 2 5999850
1 5 4729600
1 3 4590990
2 1 5999850
2 0 3358440
2 4 5202000
3 4 3793140
3 1 4590990
3 5 3541510
4 0 2339820
4 3 3793140
4 2 5202000
4 11 4213730
5 1 4729600
5 3 3541510
5 7 3631890
5 6 3923320
6 8 3023500
6 7 3875090
6 5 3923320
6 11 4205300
6 16 4009160
7 6 3875090
7 21 3493820
7 5 3631890
8 6 3023500
8 10 2922180
8 15 2854820
9 12 2627040
9 10 2465830
10 15 3896520
10 8 2922180
10 11 4103980
10 9 2465830
11 4 4213730
11 6 4205300
11 10 4103980
12 9 2627040
12 14 3108740
12 13 4352720
12 15 4057730
13 12 4352720
13 15 4124150
13 17 4229540
13 16 4135470
14 17 2985560
14 12 3108740
15 10 3896520
15 13 4124150
15 12 4057730
15 8 2854820
16 23 4993850
16 20 3927350
16 6 4009160
16 13 4135470
17 14 2985560
17 13 4229540
17 19 3689920
17 25 4301170
18 22 3452480
18 25 5382270
18 19 4771020
19 17 3689920
19 18 4771020
19 22 2021360
20 16 3927350
20 25 4282650
20 23 5069400
21 24 3222530
21 23 4769940
21 7 3493820
22 18 3452480
22 19 2021360
23 21 4769940
23 24 4588490
23 16 4993850
23 20 5069400
24 21 3222530
24 23 4588490
25 20 4282650
25 18 5382270
25 17 4301170
