0 4 3256520
0 2 3842940
1 2 7349830
1 5 7125870
1 3 6448310
2 1 7349830
2 0 3842940
2 4 6395520
3 4 5494000
3 1 6448310
3 5 5856460
4 0 3256520
4 3 5494000
4 2 6395520
4 11 5854800
5 1 7125870
5 3 5856460
5 7 5720960
5 6 5685250
6 8 3590550
6 7 4872190
6 5 5685250
6 11 5368490
6 16 4704350
7 6 4872190
7 21 3798230
7 5 5720960
8 6 3590550
8 10 3935960
8 15 3909030
9 12 3071860
9 10 3643630
10 15 5500370
10 8 3935960
10 11 5713900
10 9 3643630
11 4 5854800
11 6 5368490
11 10 5713900
12 9 3071860
12 14 3654000
12 13 4678280
12 15 4928600
13 12 4678280
13 15 5223120
13 17 5031900
13 16 4772510
14 17 4007620
14 12 3654000
15 10 5500370
15 13 5223120
15 12 4928600
15 8 3909030
16 23 4853180
16 20 4169670
16 6 4704350
16 13 4772510
17 14 4007620
17 13 5031900
17 19 3974570
17 25 5153210
18 22 2802350
18 25 5164720
18 19 3986080
19 17 3974570
19 18 3986080
19 22 1674410
20 16 4169670
20 25 4491270
20 23 4450630
21 24 3066890
21 23 3911350
21 7 3798230
22 18 2802350
22 19 1674410
23 21 3911350
23 24 4289680
23 16 4853180
23 20 4450630
24 21 3066890
24 23 4289680
25 20 4491270
25 18 5164720
25 17 5153210
