0 4 3417110
0 2 3368260
1 2 6090620
1 5 6158790
1 3 5241730
2 1 6090620
2 0 3368260
2 4 6125330
3 4 5276440
3 1 5241730
3 5 5295760
4 0 3417110
4 3 5276440
4 2 6125330
4 11 6383970
5 1 6158790
5 3 5295760
5 7 6730780
5 6 5622970
6 8 3129520
6 7 6140930
6 5 5622970
6 11 5813440
6 16 4770510
7 6 6140930
7 21 5664670
7 5 6730780
8 6 3129520
8 10 3138330
8 15 2913030
9 12 3115000
9 10 3223490
10 15 4825440
10 8 3138330
10 11 5822250
10 9 3223490
11 4 6383970
11 6 5813440
11 10 5822250
12 9 3115000
12 14 4550380
12 13 5011840
12 15 4716950
13 12 5011840
13 15 4895030
13 17 5977170
13 16 4848910
14 17 5515710
14 12 4550380
15 10 4825440
15 13 4895030
15 12 4716950
15 8 2913030
16 23 4994430
16 20 4308030
16 6 4770510
16 13 4848910
17 14 5515710
17 13 5977170
17 19 5364290
17 25 6497450
18 22 4895520
18 25 7681030
18 19 6547870
19 17 5364290
19 18 6547870
19 22 2311810
20 16 4308030
20 25 5169320
20 23 4794560
21 24 3746860
21 23 4780780
21 7 5664670
22 18 4895520
22 19 2311810
23 21 4780780
23 24 4447040
23 16 4994430
23 20 4794560
24 21 3746860
24 23 4447040
25 20 5169320
25 18 7681030
25 17 6497450
