0 4 2684310
0 2 3208030
1 2 5583200
1 5 5210340
1 3 4445250
2 1 5583200
2 0 3208030
2 4 5278200
3 4 4140250
3 1 4445250
3 5 4291110
4 0 2684310
4 3 4140250
4 2 5278200
4 11 4940690
5 1 5210340
5 3 4291110
5 7 6321810
5 6 5499230
6 8 4704630
6 7 6764840
6 5 5499230
6 11 5534580
6 16 4962770
7 6 6764840
7 21 6119590
7 5 6321810
8 6 4704630
8 10 3837030
8 15 4287190
9 12 3195270
9 10 2963710
10 15 4657220
10 8 3837030
10 11 4666980
10 9 2963710
11 4 4940690
11 6 5534580
11 10 4666980
12 9 3195270
12 14 3794120
12 13 4648590
12 15 4888780
13 12 4648590
13 15 4867190
13 17 4877200
13 16 4305140
14 17 4022730
14 12 3794120
15 10 4657220
15 13 4867190
15 12 4888780
15 8 4287190
16 23 5709080
16 20 4012110
16 6 4962770
16 13 4305140
17 14 4022730
17 13 4877200
17 19 4511190
17 25 5593930
18 22 3465490
18 25 6248040
18 19 5165300
19 17 4511190
19 18 5165300
19 22 2195170
20 16 4012110
20 25 5050700
20 23 5737910
21 24 4390500
21 23 6043320
21 7 6119590
22 18 3465490
22 19 2195170
23 21 6043320
23 24 5782060
23 16 5709080
23 20 5737910
24 21 4390500
24 23 5782060
25 20 5050700
25 18 6248040
25 17 5593930
