0 4 2722040
0 2 3842460
1 2 6277400
1 5 5023340
1 3 4482380
2 1 6277400
2 0 3842460
2 4 6237360
3 4 4442340
3 1 4482380
3 5 4308700
4 0 2722040
4 3 4442340
4 2 6237360
4 11 5117780
5 1 5023340
5 3 4308700
5 7 4413810
5 6 5020390
6 8 4127090
6 7 4584540
6 5 5020390
6 11 5154870
6 16 4412820
7 6 4584540
7 21 3475880
7 5 4413810
8 6 4127090
8 10 4132130
8 15 4247760
9 12 3524840
9 10 3577550
10 15 5316830
10 8 4132130
10 11 5159910
10 9 3577550
11 4 5117780
11 6 5154870
11 10 5159910
12 9 3524840
12 14 3552740
12 13 5013170
12 15 5264120
13 12 5013170
13 15 5181510
13 17 5038670
13 16 4282540
14 17 3578240
14 12 3552740
15 10 5316830
15 13 5181510
15 12 5264120
15 8 4247760
16 23 4890460
16 20 4883050
16 6 4412820
16 13 4282540
17 14 3578240
17 13 5038670
17 19 4353670
17 25 5712750
18 22 4267650
18 25 7011870
18 19 5652790
19 17 4353670
19 18 5652790
19 22 2175420
20 16 4883050
20 25 6205150
20 23 6138990
21 24 3188300
21 23 4560100
21 7 3475880
22 18 4267650
22 19 2175420
23 21 4560100
23 24 4774600
23 16 4890460
23 20 6138990
24 21 3188300
24 23 4774600
25 20 6205150
25 18 7011870
25 17 5712750
