0 4 1962230
0 2 2134560
1 2 3702110
1 5 3456740
1 3 2752630
2 1 3702110
2 0 2134560
2 4 3772470
3 4 2822990
3 1 2752630
3 5 2749950
4 0 1962230
4 3 2822990
4 2 3772470
4 11 3562690
5 1 3456740
5 3 2749950
5 7 3079740
5 6 3369380
6 8 2173540
6 7 2995060
6 5 3369380
6 11 3404970
6 16 3124760
7 6 2995060
7 21 2443250
7 5 3079740
8 6 2173540
8 10 2052150
8 15 2064880
9 12 1941120
9 10 2017840
10 15 3054650
10 8 2052150
10 11 3283580
10 9 2017840
11 4 3562690
11 6 3404970
11 10 3283580
12 9 1941120
12 14 2857240
12 13 3030220
12 15 2977930
13 12 3030220
13 15 3119670
13 17 4234480
13 16 3068390
14 17 4061500
14 12 2857240
15 10 3054650
15 13 3119670
15 12 2977930
15 8 2064880
16 23 3314100
16 20 3394250
16 6 3124760
16 13 3068390
17 14 4061500
17 13 4234480
17 19 4583640
17 25 5830590
18 22 4066000
18 25 6957190
18 19 5710240
19 17 4583640
19 18 5710240
19 22 2226040
20 16 3394250
20 25 5093930
20 23 3743530
21 24 2462980
21 23 2922230
21 7 2443250
22 18 4066000
22 19 2226040
23 21 2922230
23 24 3204130
23 16 3314100
23 20 3743530
24 21 2462980
24 23 3204130
25 20 5093930
25 18 6957190
25 17 5830590
