0 4 3858770
0 2 3700970
1 2 6099560
1 5 5744650
1 3 5398420
2 1 6099560
2 0 3700970
2 4 5732200
3 4 5031060
3 1 5398420
3 5 4518350
4 0 3858770
4 3 5031060
4 2 5732200
4 11 5901590
5 1 5744650
5 3 4518350
5 7 5306220
5 6 5536880
6 8 4410740
6 7 5978520
6 5 5536880
6 11 6061180
6 16 5867860
7 6 5978520
7 21 5034410
7 5 5306220
8 6 4410740
8 10 3930050
8 15 4115700
9 12 3671850
9 10 3835410
10 15 5433450
10 8 3930050
10 11 5580490
10 9 3835410
11 4 5901590
11 6 6061180
11 10 5580490
12 9 3671850
12 14 3985660
12 13 5119410
12 15 5269890
13 12 5119410
13 15 5468620
13 17 5458270
13 16 5422340
14 17 4324520
14 12 3985660
15 10 5433450
15 13 5468620
15 12 5269890
15 8 4115700
16 23 6377590
16 20 6278520
16 6 5867860
16 13 5422340
17 14 4324520
17 13 5458270
17 19 4497890
17 25 5857150
18 22 2649530
18 25 5420470
18 19 4061210
19 17 4497890
19 18 4061210
19 22 1985700
20 16 6278520
20 25 6573200
20 23 7129570
21 24 4224720
21 23 5774800
21 7 5034410
22 18 2649530
22 19 1985700
23 21 5774800
23 24 5678560
23 16 6377590
23 20 7129570
24 21 4224720
24 23 5678560
25 20 6573200
25 18 5420470
25 17 5857150
