0 4 2228240
0 2 1450240
1 2 3615940
1 5 3948060
1 3 3861820
2 1 3615940
2 0 1450240
2 4 3367820
3 4 3613700
3 1 3861820
3 5 3167820
4 0 2228240
4 3 3613700
4 2 3367820
4 11 4056020
5 1 3948060
5 3 3167820
5 7 3548770
5 6 3649290
6 8 2848750
6 7 3944000
6 5 3649290
6 11 4005370
6 16 3688350
7 6 3944000
7 21 3419470
7 5 3548770
8 6 2848750
8 10 2547320
8 15 2895290
9 12 2360980
9 10 2346690
10 15 3789630
10 8 2547320
10 11 3703940
10 9 2346690
11 4 4056020
11 6 4005370
11 10 3703940
12 9 2360980
12 14 3011320
12 13 3644280
12 15 3803920
13 12 3644280
13 15 3977960
13 17 4533400
13 16 3575250
14 17 3900440
14 12 3011320
15 10 3789630
15 13 3977960
15 12 3803920
15 8 2895290
16 23 4009380
16 20 3789190
16 6 3688350
16 13 3575250
17 14 3900440
17 13 4533400
17 19 4459030
17 25 5352010
18 22 3640240
18 25 5957620
18 19 5064640
19 17 4459030
19 18 5064640
19 22 2245180
20 16 3789190
20 25 4850870
20 23 4466390
21 24 2273620
21 23 3841020
21 7 3419470
22 18 3640240
22 19 2245180
23 21 3841020
23 24 3119180
23 16 4009380
23 20 4466390
24 21 2273620
24 23 3119180
25 20 4850870
25 18 5957620
25 17 5352010
