0 4 2248680
0 2 2162400
1 2 4000990
1 5 4011640
1 3 3696790
2 1 4000990
2 0 2162400
2 4 3769000
3 4 3464800
3 1 3696790
3 5 3389170
4 0 2248680
4 3 3464800
4 2 3769000
4 11 4065520
5 1 4011640
5 3 3389170
5 7 3593960
5 6 3354820
6 8 2402340
6 7 3244760
6 5 3354820
6 11 3640690
6 16 2576470
7 6 3244760
7 21 2838050
7 5 3593960
8 6 2402340
8 10 2751050
8 15 2764060
9 12 2632800
9 10 2599500
10 15 3716050
10 8 2751050
10 11 3989400
10 9 2599500
11 4 4065520
11 6 3640690
11 10 3989400
12 9 2632800
12 14 2684030
12 13 3309440
12 15 3749350
13 12 3309440
13 15 3289150
13 17 3075990
13 16 2498280
14 17 2450580
14 12 2684030
15 10 3716050
15 13 3289150
15 12 3749350
15 8 2764060
16 23 2570910
16 20 1855340
16 6 2576470
16 13 2498280
17 14 2450580
17 13 3075990
17 19 2587200
17 25 2827300
18 22 1875780
18 25 2645460
18 19 2405360
19 17 2587200
19 18 2405360
19 22 1342080
20 16 1855340
20 25 1957610
20 23 2278930
21 24 2175660
21 23 2593350
21 7 2838050
22 18 1875780
22 19 1342080
23 21 2593350
23 24 2576810
23 16 2570910
23 20 2278930
24 21 2175660
24 23 2576810
25 20 1957610
25 18 2645460
25 17 2827300
