0 4 1705280
0 2 1632360
1 2 3104480
1 5 3257230
1 3 3064480
2 1 3104480
2 0 1632360
2 4 2737940
3 4 2697940
3 1 3064480
3 5 2777770
4 0 1705280
4 3 2697940
4 2 2737940
4 11 3026810
5 1 3257230
5 3 2777770
5 7 2989720
5 6 2901230
6 8 2003260
6 7 2920430
6 5 2901230
6 11 3037350
6 16 2556140
7 6 2920430
7 21 2460640
7 5 2989720
8 6 2003260
8 10 1884890
8 15 1969510
9 12 1589730
9 10 1629940
10 15 2679820
10 8 1884890
10 11 2918980
10 9 1629940
11 4 3026810
11 6 3037350
11 10 2918980
12 9 1589730
12 14 1976520
12 13 2591060
12 15 2639610
13 12 2591060
13 15 2715890
13 17 2855590
13 16 2473840
14 17 2241050
14 12 1976520
15 10 2679820
15 13 2715890
15 12 2639610
15 8 1969510
16 23 2502220
16 20 2292700
16 6 2556140
16 13 2473840
17 14 2241050
17 13 2855590
17 19 2161850
17 25 3466110
18 22 1242360
18 25 3015300
18 19 1711040
19 17 2161850
19 18 1711040
19 22 811180
20 16 2292700
20 25 3096720
20 23 2514580
21 24 2022050
21 23 2318230
21 7 2460640
22 18 1242360
22 19 811180
23 21 2318230
23 24 2427920
23 16 2502220
23 20 2514580
24 21 2022050
24 23 2427920
25 20 3096720
25 18 3015300
25 17 3466110
