0 4 2220160
0 2 2753030
1 2 3979520
1 5 3312160
1 3 2833470
2 1 3979520
2 0 2753030
2 4 4095750
3 4 2949700
3 1 2833470
3 5 2815210
4 0 2220160
4 3 2949700
4 2 4095750
4 11 3731400
5 1 3312160
5 3 2815210
5 7 3164540
5 6 3030980
6 8 2114040
6 7 2901620
6 5 3030980
6 11 3333990
6 16 3271140
7 6 2901620
7 21 2647540
7 5 3164540
8 6 2114040
8 10 2379500
8 15 2253480
9 12 2194280
9 10 2015880
10 15 3172960
10 8 2379500
10 11 3599450
10 9 2015880
11 4 3731400
11 6 3333990
11 10 3599450
12 9 2194280
12 14 3142110
12 13 4014990
12 15 3351360
13 12 4014990
13 15 3710570
13 17 4654630
13 16 4074210
14 17 3781750
14 12 3142110
15 10 3172960
15 13 3710570
15 12 3351360
15 8 2253480
16 23 3849620
16 20 3129220
16 6 3271140
16 13 4074210
17 14 3781750
17 13 4654630
17 19 4101240
17 25 4846860
18 22 2777400
18 25 4898310
18 19 4152690
19 17 4101240
19 18 4152690
19 22 1892130
20 16 3129220
20 25 3621440
20 23 3204620
21 24 2333670
21 23 3092460
21 7 2647540
22 18 2777400
22 19 1892130
23 21 3092460
23 24 3166230
23 16 3849620
23 20 3204620
24 21 2333670
24 23 3166230
25 20 3621440
25 18 4898310
25 17 4846860
