0 4 2334960
0 2 2792940
1 2 5064850
1 5 4934450
1 3 4242300
2 1 5064850
2 0 2792940
2 4 4615960
3 4 3793410
3 1 4242300
3 5 4120990
4 0 2334960
4 3 3793410
4 2 4615960
4 11 4191680
5 1 4934450
5 3 4120990
5 7 4483220
5 6 4309440
6 8 2646860
6 7 3979520
6 5 4309440
6 11 4015560
6 16 3420430
7 6 3979520
7 21 3349630
7 5 4483220
8 6 2646860
8 10 2601250
8 15 2515910
9 12 2118900
9 10 2454330
10 15 3629180
10 8 2601250
10 11 3969950
10 9 2454330
11 4 4191680
11 6 4015560
11 10 3969950
12 9 2118900
12 14 2511900
12 13 3194660
12 15 3293750
13 12 3194660
13 15 3444750
13 17 3427270
13 16 3190390
14 17 2744510
14 12 2511900
15 10 3629180
15 13 3444750
15 12 3293750
15 8 2515910
16 23 3353530
16 20 2925090
16 6 3420430
16 13 3190390
17 14 2744510
17 13 3427270
17 19 2793510
17 25 3593060
18 22 2037350
18 25 3696630
18 19 2897080
19 17 2793510
19 18 2897080
19 22 1218410
20 16 2925090
20 25 3246150
20 23 3243500
21 24 2524590
21 23 3108950
21 7 3349630
22 18 2037350
22 19 1218410
23 21 3108950
23 24 3087580
23 16 3353530
23 20 3243500
24 21 2524590
24 23 3087580
25 20 3246150
25 18 3696630
25 17 3593060
