0 4 1084390
0 2 1285620
1 2 2074470
1 5 1835870
1 3 1645440
2 1 2074470
2 0 1285620
2 4 2036650
3 4 1607620
3 1 1645440
3 5 1570250
4 0 1084390
4 3 1607620
4 2 2036650
4 11 1918470
5 1 1835870
5 3 1570250
5 7 2194910
5 6 1661510
6 8 1181480
6 7 2095740
6 5 1661510
6 11 1781930
6 16 1517580
7 6 2095740
7 21 2258900
7 5 2194910
8 6 1181480
8 10 1117700
8 15 1171430
9 12 980190
9 10 980490
10 15 1488510
10 8 1117700
10 11 1718150
10 9 980490
11 4 1918470
11 6 1781930
11 10 1718150
12 9 980190
12 14 1357700
12 13 1446460
12 15 1488210
13 12 1446460
13 15 1500490
13 17 1817230
13 16 1465780
14 17 1728470
14 12 1357700
15 10 1488510
15 13 1500490
15 12 1488210
15 8 1171430
16 23 1959830
16 20 1759600
16 6 1517580
16 13 1465780
17 14 1728470
17 13 1817230
17 19 1813280
17 25 2243750
18 22 1226510
18 25 2320700
18 19 1890230
19 17 1813280
19 18 1890230
19 22 787120
20 16 1759600
20 25 2179080
20 23 2246610
21 24 1630030
21 23 2167750
21 7 2258900
22 18 1226510
22 19 787120
23 21 2167750
23 24 1909120
23 16 1959830
23 20 2246610
24 21 1630030
24 23 1909120
25 20 2179080
25 18 2320700
25 17 2243750
