0 4 2065970
0 2 1868080
1 2 3766780
1 5 4019230
1 3 3471570
2 1 3766780
2 0 1868080
2 4 3629510
3 4 3334300
3 1 3471570
3 5 3388860
4 0 2065970
4 3 3334300
4 2 3629510
4 11 4037270
5 1 4019230
5 3 3388860
5 7 4704560
5 6 3970220
6 8 2891730
6 7 4738260
6 5 3970220
6 11 4125530
6 16 3609570
7 6 4738260
7 21 4538800
7 5 4704560
8 6 2891730
8 10 2991410
8 15 2902610
9 12 2745230
9 10 2825350
10 15 4114480
10 8 2991410
10 11 4225210
10 9 2825350
11 4 4037270
11 6 4125530
11 10 4225210
12 9 2745230
12 14 3172350
12 13 4011700
12 15 4034360
13 12 4011700
13 15 4003020
13 17 4505420
13 16 3597790
14 17 3666070
14 12 3172350
15 10 4114480
15 13 4003020
15 12 4034360
15 8 2902610
16 23 4159090
16 20 3466240
16 6 3609570
16 13 3597790
17 14 3666070
17 13 4505420
17 19 4153920
17 25 5387460
18 22 3336690
18 25 5894960
18 19 4661420
19 17 4153920
19 18 4661420
19 22 1952630
20 16 3466240
20 25 4730850
20 23 4410110
21 24 3699510
21 23 4353980
21 7 4538800
22 18 3336690
22 19 1952630
23 21 4353980
23 24 4448490
23 16 4159090
23 20 4410110
24 21 3699510
24 23 4448490
25 20 4730850
25 18 5894960
25 17 5387460
