0 4 2490570
0 2 2454180
1 2 4769850
1 5 4743550
1 3 4264030
2 1 4769850
2 0 2454180
2 4 4473150
3 4 3967330
3 1 4264030
3 5 3904640
4 0 2490570
4 3 3967330
4 2 4473150
4 11 4563750
5 1 4743550
5 3 3904640
5 7 3943670
5 6 4108200
6 8 2800600
6 7 3667710
6 5 4108200
6 11 4225100
6 16 3770210
7 6 3667710
7 21 3472240
7 5 3943670
8 6 2800600
8 10 2960600
8 15 3038220
9 12 2897400
9 10 2750290
10 15 4229860
10 8 2960600
10 11 4385100
10 9 2750290
11 4 4563750
11 6 4225100
11 10 4385100
12 9 2897400
12 14 3276800
12 13 4569400
12 15 4376970
13 12 4569400
13 15 4499910
13 17 4578470
13 16 4200260
14 17 3285870
14 12 3276800
15 10 4229860
15 13 4499910
15 12 4376970
15 8 3038220
16 23 4859090
16 20 3951610
16 6 3770210
16 13 4200260
17 14 3285870
17 13 4578470
17 19 4002230
17 25 4604180
18 22 2692880
18 25 4729880
18 19 4127930
19 17 4002230
19 18 4127930
19 22 2104810
20 16 3951610
20 25 4469400
20 23 5102520
21 24 2841510
21 23 4725650
21 7 3472240
22 18 2692880
22 19 2104810
23 21 4725650
23 24 4125860
23 16 4859090
23 20 5102520
24 21 2841510
24 23 4125860
25 20 4469400
25 18 4729880
25 17 4604180
