0 4 1816930
0 2 2322830
1 2 3646060
1 5 3064440
1 3 2758770
2 1 3646060
2 0 2322830
2 4 3517300
3 4 2630010
3 1 2758770
3 5 2554290
4 0 1816930
4 3 2630010
4 2 3517300
4 11 3025530
5 1 3064440
5 3 2554290
5 7 3059880
5 6 2855060
6 8 2211040
6 7 3054980
6 5 2855060
6 11 2944910
6 16 2816490
7 6 3054980
7 21 2912210
7 5 3059880
8 6 2211040
8 10 2194150
8 15 2336690
9 12 1941160
9 10 1982510
10 15 2958920
10 8 2194150
10 11 2928020
10 9 1982510
11 4 3025530
11 6 2944910
11 10 2928020
12 9 1941160
12 14 2191150
12 13 2771470
12 15 2917570
13 12 2771470
13 15 2955360
13 17 2915600
13 16 2796040
14 17 2335280
14 12 2191150
15 10 2958920
15 13 2955360
15 12 2917570
15 8 2336690
16 23 3395470
16 20 2969460
16 6 2816490
16 13 2796040
17 14 2335280
17 13 2915600
17 19 2365890
17 25 3842120
18 22 1828130
18 25 4027900
18 19 2551670
19 17 2365890
19 18 2551670
19 22 986300
20 16 2969460
20 25 3909200
20 23 3582110
21 24 2235580
21 23 3286370
21 7 2912210
22 18 1828130
22 19 986300
23 21 3286370
23 24 2957330
23 16 3395470
23 20 3582110
24 21 2235580
24 23 2957330
25 20 3909200
25 18 4027900
25 17 3842120
