0 4 1732180
0 2 1701520
1 2 3271010
1 5 3345840
1 3 3045080
2 1 3271010
2 0 1701520
2 4 3040740
3 4 2814810
3 1 3045080
3 5 2858980
4 0 1732180
4 3 2814810
4 2 3040740
4 11 3119090
5 1 3345840
5 3 2858980
5 7 3486750
5 6 3278240
6 8 2575000
6 7 3605250
6 5 3278240
6 11 3281760
6 16 3124680
7 6 3605250
7 21 3492790
7 5 3486750
8 6 2575000
8 10 2484880
8 15 2439240
9 12 2002800
9 10 2060690
10 15 3170860
10 8 2484880
10 11 3191640
10 9 2060690
11 4 3119090
11 6 3281760
11 10 3191640
12 9 2002800
12 14 2572940
12 13 3072870
12 15 3112970
13 12 3072870
13 15 3085120
13 17 3229820
13 16 2948820
14 17 2729890
14 12 2572940
15 10 3170860
15 13 3085120
15 12 3112970
15 8 2439240
16 23 3502600
16 20 2704340
16 6 3124680
16 13 2948820
17 14 2729890
17 13 3229820
17 19 2777130
17 25 3274650
18 22 1874610
18 25 3156650
18 19 2659130
19 17 2777130
19 18 2659130
19 22 1355120
20 16 2704340
20 25 2845370
20 23 3354320
21 24 2988070
21 23 3662200
21 7 3492790
22 18 1874610
22 19 1355120
23 21 3662200
23 24 3478450
23 16 3502600
23 20 3354320
24 21 2988070
24 23 3478450
25 20 2845370
25 18 3156650
25 17 3274650
