0 4 2259570
0 2 3034780
1 2 4777160
1 5 3393400
1 3 3186680
2 1 4777160
2 0 3034780
2 4 4814050
3 4 3223570
3 1 3186680
3 5 2615020
4 0 2259570
4 3 3223570
4 2 4814050
4 11 4063700
5 1 3393400
5 3 2615020
5 7 3555750
5 6 3107920
6 8 2681630
6 7 3841930
6 5 3107920
6 11 3741330
6 16 3291040
7 6 3841930
7 21 3209090
7 5 3555750
8 6 2681630
8 10 2912730
8 15 2886970
9 12 2859250
9 10 2505690
10 15 3830540
10 8 2912730
10 11 3972430
10 9 2505690
11 4 4063700
11 6 3741330
11 10 3972430
12 9 2859250
12 14 3784440
12 13 4115380
12 15 4184100
13 12 4115380
13 15 3736060
13 17 4230250
13 16 3427660
14 17 3899310
14 12 3784440
15 10 3830540
15 13 3736060
15 12 4184100
15 8 2886970
16 23 3792300
16 20 3215010
16 6 3291040
16 13 3427660
17 14 3899310
17 13 4230250
17 19 3811350
17 25 4993540
18 22 2456210
18 25 5000810
18 19 3818620
19 17 3811350
19 18 3818620
19 22 1467130
20 16 3215010
20 25 4217980
20 23 3819330
21 24 2509790
21 23 3262520
21 7 3209090
22 18 2456210
22 19 1467130
23 21 3262520
23 24 3643890
23 16 3792300
23 20 3819330
24 21 2509790
24 23 3643890
25 20 4217980
25 18 5000810
25 17 4993540
