0 4 2126400
0 2 2657900
1 2 4745880
1 5 4052400
1 3 3719270
2 1 4745880
2 0 2657900
2 4 4518340
3 4 3491730
3 1 3719270
3 5 3329750
4 0 2126400
4 3 3491730
4 2 4518340
4 11 4131560
5 1 4052400
5 3 3329750
5 7 3877370
5 6 3818810
6 8 2752010
6 7 4033300
6 5 3818810
6 11 4125510
6 16 3472310
7 6 4033300
7 21 3403280
7 5 3877370
8 6 2752010
8 10 2177210
8 15 2509330
9 12 2430820
9 10 1865240
10 15 3157260
10 8 2177210
10 11 3550710
10 9 1865240
11 4 4131560
11 6 4125510
11 10 3550710
12 9 2430820
12 14 2951800
12 13 3648730
12 15 3722840
13 12 3648730
13 15 3415270
13 17 3571570
13 16 3155520
14 17 2874640
14 12 2951800
15 10 3157260
15 13 3415270
15 12 3722840
15 8 2509330
16 23 3498930
16 20 2580590
16 6 3472310
16 13 3155520
17 14 2874640
17 13 3571570
17 19 2894530
17 25 3736050
18 22 2080410
18 25 3676400
18 19 2834880
19 17 2894530
19 18 2834880
19 22 1232610
20 16 2580590
20 25 2930710
20 23 3109640
21 24 2711740
21 23 3371340
21 7 3403280
22 18 2080410
22 19 1232610
23 21 3371340
23 24 3368380
23 16 3498930
23 20 3109640
24 21 2711740
24 23 3368380
25 20 2930710
25 18 3676400
25 17 3736050
