0 4 1983690
0 2 2369380
1 2 3961500
1 5 3486140
1 3 3086460
2 1 3961500
2 0 2369380
2 4 3930970
3 4 3055930
3 1 3086460
3 5 2966260
4 0 1983690
4 3 3055930
4 2 3930970
4 11 3719980
5 1 3486140
5 3 2966260
5 7 3390630
5 6 3351100
6 8 2249680
6 7 3375790
6 5 3351100
6 11 3615470
6 16 3064360
7 6 3375790
7 21 2875600
7 5 3390630
8 6 2249680
8 10 2292880
8 15 2186540
9 12 2116400
9 10 2219010
10 15 3316320
10 8 2292880
10 11 3658670
10 9 2219010
11 4 3719980
11 6 3615470
11 10 3658670
12 9 2116400
12 14 2854550
12 13 3434820
12 15 3213710
13 12 3434820
13 15 3431090
13 17 4136920
13 16 3222330
14 17 3556650
14 12 2854550
15 10 3316320
15 13 3431090
15 12 3213710
15 8 2186540
16 23 3163950
16 20 2866620
16 6 3064360
16 13 3222330
17 14 3556650
17 13 4136920
17 19 3883890
17 25 4780550
18 22 3153690
18 25 5282940
18 19 4386280
19 17 3883890
19 18 4386280
19 22 1913550
20 16 2866620
20 25 3940120
20 23 3238110
21 24 2550500
21 23 2935660
21 7 2875600
22 18 3153690
22 19 1913550
23 21 2935660
23 24 3150280
23 16 3163950
23 20 3238110
24 21 2550500
24 23 3150280
25 20 3940120
25 18 5282940
25 17 4780550
