0 4 1704590
0 2 1830010
1 2 3732270
1 5 3641980
1 3 3311560
2 1 3732270
2 0 1830010
2 4 3304620
3 4 2883910
3 1 3311560
3 5 2919040
4 0 1704590
4 3 2883910
4 2 3304620
4 11 3268120
5 1 3641980
5 3 2919040
5 7 3449760
5 6 3308420
6 8 2655540
6 7 3508720
6 5 3308420
6 11 3362210
6 16 2968220
7 6 3508720
7 21 2725170
7 5 3449760
8 6 2655540
8 10 2405860
8 15 3012320
9 12 2399500
9 10 1914220
10 15 3474480
10 8 2405860
10 11 3112530
10 9 1914220
11 4 3268120
11 6 3362210
11 10 3112530
12 9 2399500
12 14 2858190
12 13 3575940
12 15 3959760
13 12 3575940
13 15 3697120
13 17 3562690
13 16 2941180
14 17 2844940
14 12 2858190
15 10 3474480
15 13 3697120
15 12 3959760
15 8 3012320
16 23 3044840
16 20 2327930
16 6 2968220
16 13 2941180
17 14 2844940
17 13 3562690
17 19 3150460
17 25 3834240
18 22 2258740
18 25 3989870
18 19 3306090
19 17 3150460
19 18 3306090
19 22 1441490
20 16 2327930
20 25 2971600
20 23 2803710
21 24 2054690
21 23 2660450
21 7 2725170
22 18 2258740
22 19 1441490
23 21 2660450
23 24 2914860
23 16 3044840
23 20 2803710
24 21 2054690
24 23 2914860
25 20 2971600
25 18 3989870
25 17 3834240
