0 4 1583710
0 2 2187280
1 2 3431510
1 5 2934050
1 3 2426930
2 1 3431510
2 0 2187280
2 4 3462770
3 4 2458190
3 1 2426930
3 5 2564300
4 0 1583710
4 3 2458190
4 2 3462770
4 11 3045880
5 1 2934050
5 3 2564300
5 7 3179260
5 6 3194950
6 8 2508060
6 7 3302790
6 5 3194950
6 11 3275520
6 16 3095490
7 6 3302790
7 21 2821660
7 5 3179260
8 6 2508060
8 10 2322590
8 15 2555870
9 12 2181110
9 10 1922210
10 15 3180820
10 8 2322590
10 11 3090050
10 9 1922210
11 4 3045880
11 6 3275520
11 10 3090050
12 9 2181110
12 14 2580140
12 13 3018470
12 15 3439720
13 12 3018470
13 15 2992850
13 17 2749870
13 16 2722050
14 17 2311540
14 12 2580140
15 10 3180820
15 13 2992850
15 12 3439720
15 8 2555870
16 23 3229460
16 20 2481200
16 6 3095490
16 13 2722050
17 14 2311540
17 13 2749870
17 19 2659240
17 25 2878920
18 22 1556710
18 25 2875520
18 19 2655840
19 17 2659240
19 18 2655840
19 22 1291210
20 16 2481200
20 25 2459800
20 23 2838160
21 24 1889940
21 23 2971320
21 7 2821660
22 18 1556710
22 19 1291210
23 21 2971320
23 24 2505040
23 16 3229460
23 20 2838160
24 21 1889940
24 23 2505040
25 20 2459800
25 18 2875520
25 17 2878920
