0 4 2191640
0 2 2474880
1 2 3841440
1 5 3546290
1 3 3038300
2 1 3841440
2 0 2474880
2 4 3946800
3 4 3143660
3 1 3038300
3 5 3131750
4 0 2191640
4 3 3143660
4 2 3946800
4 11 3842660
5 1 3546290
5 3 3131750
5 7 4746770
5 6 3984970
6 8 3341850
6 7 5092000
6 5 3984970
6 11 4175980
6 16 4141670
7 6 5092000
7 21 4868430
7 5 4746770
8 6 3341850
8 10 3195960
8 15 3359810
9 12 2903640
9 10 2883780
10 15 4202270
10 8 3195960
10 11 4030090
10 9 2883780
11 4 3842660
11 6 4175980
11 10 4030090
12 9 2903640
12 14 3259720
12 13 4188520
12 15 4222130
13 12 4188520
13 15 4332510
13 17 4609760
13 16 4126020
14 17 3680960
14 12 3259720
15 10 4202270
15 13 4332510
15 12 4222130
15 8 3359810
16 23 4900110
16 20 3688310
16 6 4141670
16 13 4126020
17 14 3680960
17 13 4609760
17 19 3898610
17 25 5211110
18 22 3113890
18 25 5618520
18 19 4306020
19 17 3898610
19 18 4306020
19 22 1684470
20 16 3688310
20 25 4462540
20 23 4635280
21 24 3392280
21 23 4865070
21 7 4868430
22 18 3113890
22 19 1684470
23 21 4865070
23 24 4374290
23 16 4900110
23 20 4635280
24 21 3392280
24 23 4374290
25 20 4462540
25 18 5618520
25 17 5211110
