0 4 1833260
0 2 1703610
1 2 2955930
1 5 2978310
1 3 2598100
2 1 2955930
2 0 1703610
2 4 3098470
3 4 2740640
3 1 2598100
3 5 2633370
4 0 1833260
4 3 2740640
4 2 3098470
4 11 3507180
5 1 2978310
5 3 2633370
5 7 3233230
5 6 3269920
6 8 2929900
6 7 3489570
6 5 3269920
6 11 3656250
6 16 2907080
7 6 3489570
7 21 2742840
7 5 3233230
8 6 2929900
8 10 2608290
8 15 2995740
9 12 2035600
9 10 1959030
10 15 3270490
10 8 2608290
10 11 3334640
10 9 1959030
11 4 3507180
11 6 3656250
11 10 3334640
12 9 2035600
12 14 2271780
12 13 2733670
12 15 3347060
13 12 2733670
13 15 3044550
13 17 2571000
13 16 2359530
14 17 2109110
14 12 2271780
15 10 3270490
15 13 3044550
15 12 3347060
15 8 2995740
16 23 2752110
16 20 2304170
16 6 2907080
16 13 2359530
17 14 2109110
17 13 2571000
17 19 2191360
17 25 2791300
18 22 1633980
18 25 3000150
18 19 2400210
19 17 2191360
19 18 2400210
19 22 905650
20 16 2304170
20 25 2596100
20 23 2768380
21 24 2093610
21 23 2624560
21 7 2742840
22 18 1633980
22 19 905650
23 21 2624560
23 24 2685370
23 16 2752110
23 20 2768380
24 21 2093610
24 23 2685370
25 20 2596100
25 18 3000150
25 17 2791300
