0 4 2182890
0 2 2840800
1 2 4729210
1 5 4008420
1 3 3652440
2 1 4729210
2 0 2840800
2 4 4486450
3 4 3409680
3 1 3652440
3 5 3346800
4 0 2182890
4 3 3409680
4 2 4486450
4 11 3964760
5 1 4008420
5 3 3346800
5 7 4121200
5 6 3826980
6 8 3199470
6 7 4245400
6 5 3826980
6 11 4026080
6 16 3486450
7 6 4245400
7 21 3717860
7 5 4121200
8 6 3199470
8 10 3098900
8 15 3108410
9 12 2590050
9 10 2767050
10 15 3759550
10 8 3098900
10 11 3925510
10 9 2767050
11 4 3964760
11 6 4026080
11 10 3925510
12 9 2590050
12 14 3042400
12 13 3465960
12 15 3582550
13 12 3465960
13 15 3652470
13 17 4291570
13 16 3278800
14 17 3868010
14 12 3042400
15 10 3759550
15 13 3652470
15 12 3582550
15 8 3108410
16 23 4126740
16 20 3425940
16 6 3486450
16 13 3278800
17 14 3868010
17 13 4291570
17 19 3807390
17 25 5794140
18 22 2609720
18 25 5636960
18 19 3650210
19 17 3807390
19 18 3650210
19 22 1527030
20 16 3425940
20 25 5185590
20 23 4530960
21 24 2785820
21 23 4063930
21 7 3717860
22 18 2609720
22 19 1527030
23 21 4063930
23 24 3953650
23 16 4126740
23 20 4530960
24 21 2785820
24 23 3953650
25 20 5185590
25 18 5636960
25 17 5794140
