0 4 1659130
0 2 2028350
1 2 3028860
1 5 2528630
1 3 2089450
2 1 3028860
2 0 2028350
2 4 3165720
3 4 2226310
3 1 2089450
3 5 2095300
4 0 1659130
4 3 2226310
4 2 3165720
4 11 2880840
5 1 2528630
5 3 2095300
5 7 3258300
5 6 2775650
6 8 2570080
6 7 3499470
6 5 2775650
6 11 2991000
6 16 2673570
7 6 3499470
7 21 3389340
7 5 3258300
8 6 2570080
8 10 2545390
8 15 2540100
9 12 1943130
9 10 1931790
10 15 2962150
10 8 2545390
10 11 2966310
10 9 1931790
11 4 2880840
11 6 2991000
11 10 2966310
12 9 1943130
12 14 2359660
12 13 2823190
12 15 2973490
13 12 2823190
13 15 2806560
13 17 3003690
13 16 2493290
14 17 2540160
14 12 2359660
15 10 2962150
15 13 2806560
15 12 2973490
15 8 2540100
16 23 2943030
16 20 2266440
16 6 2673570
16 13 2493290
17 14 2540160
17 13 3003690
17 19 2771270
17 25 3226430
18 22 1738500
18 25 3210820
18 19 2755660
19 17 2771270
19 18 2755660
19 22 1174260
20 16 2266440
20 25 2652150
20 23 2879150
21 24 2760390
21 23 3176150
21 7 3389340
22 18 1738500
22 19 1174260
23 21 3176150
23 24 3139980
23 16 2943030
23 20 2879150
24 21 2760390
24 23 3139980
25 20 2652150
25 18 3210820
25 17 3226430
