0 4 2426240
0 2 2861200
1 2 4642030
1 5 4079590
1 3 3771830
2 1 4642030
2 0 2861200
2 4 4311540
3 4 3441340
3 1 3771830
3 5 3313860
4 0 2426240
4 3 3441340
4 2 4311540
4 11 3993800
5 1 4079590
5 3 3313860
5 7 4310170
5 6 3705670
6 8 2656880
6 7 4394220
6 5 3705670
6 11 3950370
6 16 3234300
7 6 4394220
7 21 4399930
7 5 4310170
8 6 2656880
8 10 2360910
8 15 2414540
9 12 2260060
9 10 2462690
10 15 3251410
10 8 2360910
10 11 3654400
10 9 2462690
11 4 3993800
11 6 3950370
11 10 3654400
12 9 2260060
12 14 2552110
12 13 2858060
12 15 3048780
13 12 2858060
13 15 3114320
13 17 3239530
13 16 2801240
14 17 2933580
14 12 2552110
15 10 3251410
15 13 3114320
15 12 3048780
15 8 2414540
16 23 3839000
16 20 2899180
16 6 3234300
16 13 2801240
17 14 2933580
17 13 3239530
17 19 3304500
17 25 3867490
18 22 3085270
18 25 4723440
18 19 4160450
19 17 3304500
19 18 4160450
19 22 1978360
20 16 2899180
20 25 3649500
20 23 4059300
21 24 3503750
21 23 4400130
21 7 4399930
22 18 3085270
22 19 1978360
23 21 4400130
23 24 4102740
23 16 3839000
23 20 4059300
24 21 3503750
24 23 4102740
25 20 3649500
25 18 4723440
25 17 3867490
