0 4 2175110
0 2 2079520
1 2 3131500
1 5 2878180
1 3 2429210
2 1 3131500
2 0 2079520
2 4 3249330
3 4 2547040
3 1 2429210
3 5 2198130
4 0 2175110
4 3 2547040
4 2 3249330
4 11 3337660
5 1 2878180
5 3 2198130
5 7 2868930
5 6 2867520
6 8 2375590
6 7 3089350
6 5 2867520
6 11 3209170
6 16 3377370
7 6 3089350
7 21 2801400
7 5 2868930
8 6 2375590
8 10 2698600
8 15 2599240
9 12 2683050
9 10 2436250
10 15 3634600
10 8 2698600
10 11 3532180
10 9 2436250
11 4 3337660
11 6 3209170
11 10 3532180
12 9 2683050
12 14 3333300
12 13 4073860
12 15 3881400
13 12 4073860
13 15 3727700
13 17 3939550
13 16 3793480
14 17 3198990
14 12 3333300
15 10 3634600
15 13 3727700
15 12 3881400
15 8 2599240
16 23 5037960
16 20 3447820
16 6 3377370
16 13 3793480
17 14 3198990
17 13 3939550
17 19 3372380
17 25 3774480
18 22 2822310
18 25 4191620
18 19 3789520
19 17 3372380
19 18 3789520
19 22 1818610
20 16 3447820
20 25 3409430
20 23 4818980
21 24 2962030
21 23 4460580
21 7 2801400
22 18 2822310
22 19 1818610
23 21 4460580
23 24 4910570
23 16 5037960
23 20 4818980
24 21 2962030
24 23 4910570
25 20 3409430
25 18 4191620
25 17 3774480
