0 4 1475210
0 2 1377770
1 2 2393430
1 5 2393000
1 3 2139630
2 1 2393430
2 0 1377770
2 4 2436760
3 4 2182960
3 1 2139630
3 5 2085090
4 0 1475210
4 3 2182960
4 2 2436760
4 11 2525330
5 1 2393000
5 3 2085090
5 7 2175970
5 6 2252160
6 8 1749830
6 7 2089670
6 5 2252160
6 11 2341160
6 16 2154840
7 6 2089670
7 21 1805290
7 5 2175970
8 6 1749830
8 10 2025420
8 15 1897150
9 12 1581140
9 10 1842910
10 15 2588770
10 8 2025420
10 11 2616750
10 9 1842910
11 4 2525330
11 6 2341160
11 10 2616750
12 9 1581140
12 14 1662430
12 13 2201300
12 15 2327000
13 12 2201300
13 15 2334800
13 17 2211430
13 16 2176460
14 17 1672560
14 12 1662430
15 10 2588770
15 13 2334800
15 12 2327000
15 8 1897150
16 23 2389460
16 20 2150850
16 6 2154840
16 13 2176460
17 14 1672560
17 13 2211430
17 19 1962390
17 25 2338710
18 22 1576210
18 25 2710650
18 19 2334330
19 17 1962390
19 18 2334330
19 22 952900
20 16 2150850
20 25 2310770
20 23 2396490
21 24 1638830
21 23 2116100
21 7 1805290
22 18 1576210
22 19 952900
23 21 2116100
23 24 2157830
23 16 2389460
23 20 2396490
24 21 1638830
24 23 2157830
25 20 2310770
25 18 2710650
25 17 2338710
