0 4 1121950
0 2 1570510
1 2 2580740
1 5 2095570
1 3 1929100
2 1 2580740
2 0 1570510
2 4 2406480
3 4 1754840
3 1 1929100
3 5 1718230
4 0 1121950
4 3 1754840
4 2 2406480
4 11 2022130
5 1 2095570
5 3 1718230
5 7 1826220
5 6 1904830
6 8 1501570
6 7 1846350
6 5 1904830
6 11 2005650
6 16 1994930
7 6 1846350
7 21 1666900
7 5 1826220
8 6 1501570
8 10 1519090
8 15 1583080
9 12 1484170
9 10 1410840
10 15 2023990
10 8 1519090
10 11 2023170
10 9 1410840
11 4 2022130
11 6 2005650
11 10 2023170
12 9 1484170
12 14 1738420
12 13 2016790
12 15 2097320
13 12 2016790
13 15 2007450
13 17 2180250
13 16 1995910
14 17 1901880
14 12 1738420
15 10 2023990
15 13 2007450
15 12 2097320
15 8 1583080
16 23 2078010
16 20 1823040
16 6 1994930
16 13 1995910
17 14 1901880
17 13 2180250
17 19 1959740
17 25 2339010
18 22 1433680
18 25 2449310
18 19 2070040
19 17 1959740
19 18 2070040
19 22 849540
20 16 1823040
20 25 1912810
20 23 1836150
21 24 1616010
21 23 1828590
21 7 1666900
22 18 1433680
22 19 849540
23 21 1828590
23 24 1878540
23 16 2078010
23 20 1836150
24 21 1616010
24 23 1878540
25 20 1912810
25 18 2449310
25 17 2339010
