0 4 2067070
0 2 3291990
1 2 5643730
1 5 4399450
1 3 4161830
2 1 5643730
2 0 3291990
2 4 5210320
3 4 3728420
3 1 4161830
3 5 3709060
4 0 2067070
4 3 3728420
4 2 5210320
4 11 4179060
5 1 4399450
5 3 3709060
5 7 4458910
5 6 4285270
6 8 3553770
6 7 4797500
6 5 4285270
6 11 4498290
6 16 4167890
7 6 4797500
7 21 4309860
7 5 4458910
8 6 3553770
8 10 3099620
8 15 3388680
9 12 2571440
9 10 2642340
10 15 4004620
10 8 3099620
10 11 4044140
10 9 2642340
11 4 4179060
11 6 4498290
11 10 4044140
12 9 2571440
12 14 2803670
12 13 3654460
12 15 3933720
13 12 3654460
13 15 4014420
13 17 4153020
13 16 3723540
14 17 3302230
14 12 2803670
15 10 4004620
15 13 4014420
15 12 3933720
15 8 3388680
16 23 4357350
16 20 3979670
16 6 4167890
16 13 3723540
17 14 3302230
17 13 4153020
17 19 3838000
17 25 4792570
18 22 2812870
18 25 4874840
18 19 3920270
19 17 3838000
19 18 3920270
19 22 1997720
20 16 3979670
20 25 4630840
20 23 4625100
21 24 3035540
21 23 4325680
21 7 4309860
22 18 2812870
22 19 1997720
23 21 4325680
23 24 3712640
23 16 4357350
23 20 4625100
24 21 3035540
24 23 3712640
25 20 4630840
25 18 4874840
25 17 4792570
