0 4 1098430
0 2 1282010
1 2 1942700
1 5 1705780
1 3 1398450
2 1 1942700
2 0 1282010
2 4 2258040
3 4 1713790
3 1 1398450
3 5 1660450
4 0 1098430
4 3 1713790
4 2 2258040
4 11 2345510
5 1 1705780
5 3 1660450
5 7 2430930
5 6 2153530
6 8 1939040
6 7 2616680
6 5 2153530
6 11 2477920
6 16 2781430
7 6 2616680
7 21 2764230
7 5 2430930
8 6 1939040
8 10 2071480
8 15 2483540
9 12 2494980
9 10 1919900
10 15 3016220
10 8 2071480
10 11 2610360
10 9 1919900
11 4 2345510
11 6 2477920
11 10 2610360
12 9 2494980
12 14 2757740
12 13 3970630
12 15 3591300
13 12 3970630
13 15 3807610
13 17 3748150
13 16 3705260
14 17 2535260
14 12 2757740
15 10 3016220
15 13 3807610
15 12 3591300
15 8 2483540
16 23 3808040
16 20 3024160
16 6 2781430
16 13 3705260
17 14 2535260
17 13 3748150
17 19 2954400
17 25 3810780
18 22 2884470
18 25 4885700
18 19 4029320
19 17 2954400
19 18 4029320
19 22 1454590
20 16 3024160
20 25 3568470
20 23 3608620
21 24 2777430
21 23 3513440
21 7 2764230
22 18 2884470
22 19 1454590
23 21 3513440
23 24 3656490
23 16 3808040
23 20 3608620
24 21 2777430
24 23 3656490
25 20 3568470
25 18 4885700
25 17 3810780
