0 4 2643060
0 2 3292860
1 2 6149500
1 5 5241090
1 3 5037650
2 1 6149500
2 0 3292860
2 4 5628160
3 4 4516310
3 1 5037650
3 5 4257700
4 0 2643060
4 3 4516310
4 2 5628160
4 11 4944520
5 1 5241090
5 3 4257700
5 7 4417560
5 6 4570420
6 8 3471200
6 7 4526840
6 5 4570420
6 11 4795190
6 16 3675190
7 6 4526840
7 21 3648020
7 5 4417560
8 6 3471200
8 10 3613270
8 15 3662570
9 12 2362800
9 10 3164810
10 15 5013140
10 8 3613270
10 11 4937260
10 9 3164810
11 4 4944520
11 6 4795190
11 10 4937260
12 9 2362800
12 14 2368080
12 13 3565250
12 15 4211130
13 12 3565250
13 15 4416560
13 17 3855050
13 16 3220680
14 17 2657880
14 12 2368080
15 10 5013140
15 13 4416560
15 12 4211130
15 8 3662570
16 23 2846740
16 20 2877390
16 6 3675190
16 13 3220680
17 14 2657880
17 13 3855050
17 19 3557340
17 25 3969850
18 22 2828900
18 25 4624950
18 19 4212440
19 17 3557340
19 18 4212440
19 22 1791720
20 16 2877390
20 25 3542190
20 23 3053450
21 24 2946900
21 23 2972430
21 7 3648020
22 18 2828900
22 19 1791720
23 21 2972430
23 24 2997270
23 16 2846740
23 20 3053450
24 21 2946900
24 23 2997270
25 20 3542190
25 18 4624950
25 17 3969850
