0 4 825390
0 2 1567620
1 2 2634300
1 5 1680010
1 3 1829020
2 1 2634300
2 0 1567620
2 4 2327710
3 4 1522430
3 1 1829020
3 5 1310370
4 0 825390
4 3 1522430
4 2 2327710
4 11 1741740
5 1 1680010
5 3 1310370
5 7 2253060
5 6 1744490
6 8 1874650
6 7 2836190
6 5 1744490
6 11 2112810
6 16 2284120
7 6 2836190
7 21 2574130
7 5 2253060
8 6 1874650
8 10 1679290
8 15 2000140
9 12 1258900
9 10 1311780
10 15 2257750
10 8 1679290
10 11 1917450
10 9 1311780
11 4 1741740
11 6 2112810
11 10 1917450
12 9 1258900
12 14 1595350
12 13 2054460
12 15 2204870
13 12 2054460
13 15 2428190
13 17 2213760
13 16 2259200
14 17 1754650
14 12 1595350
15 10 2257750
15 13 2428190
15 12 2204870
15 8 2000140
16 23 2833460
16 20 2452130
16 6 2284120
16 13 2259200
17 14 1754650
17 13 2213760
17 19 1971770
17 25 2359920
18 22 1533970
18 25 2586060
18 19 2197910
19 17 1971770
19 18 2197910
19 22 1129860
20 16 2452130
20 25 2616870
20 23 3044970
21 24 1758400
21 23 2614900
21 7 2574130
22 18 1533970
22 19 1129860
23 21 2614900
23 24 2569800
23 16 2833460
23 20 3044970
24 21 1758400
24 23 2569800
25 20 2616870
25 18 2586060
25 17 2359920
