0 4 2257780
0 2 2065380
1 2 3579190
1 5 3588310
1 3 3257460
2 1 3579190
2 0 2065380
2 4 3490760
3 4 3169030
3 1 3257460
3 5 2985750
4 0 2257780
4 3 3169030
4 2 3490760
4 11 3977760
5 1 3588310
5 3 2985750
5 7 3712590
5 6 3667340
6 8 2974530
6 7 4063330
6 5 3667340
6 11 4145220
6 16 3987780
7 6 4063330
7 21 3803300
7 5 3712590
8 6 2974530
8 10 2768400
8 15 2843260
9 12 2778290
9 10 2587000
10 15 3680680
10 8 2768400
10 11 3939090
10 9 2587000
11 4 3977760
11 6 4145220
11 10 3939090
12 9 2778290
12 14 3247930
12 13 3812470
12 15 3871970
13 12 3812470
13 15 3696040
13 17 3805420
13 16 3797010
14 17 3240880
14 12 3247930
15 10 3680680
15 13 3696040
15 12 3871970
15 8 2843260
16 23 4347930
16 20 3344590
16 6 3987780
16 13 3797010
17 14 3240880
17 13 3805420
17 19 3201360
17 25 3840020
18 22 2018970
18 25 3685810
18 19 3047150
19 17 3201360
19 18 3047150
19 22 1400240
20 16 3344590
20 25 3218720
20 23 3735040
21 24 3375440
21 23 4118200
21 7 3803300
22 18 2018970
22 19 1400240
23 21 4118200
23 24 3995620
23 16 4347930
23 20 3735040
24 21 3375440
24 23 3995620
25 20 3218720
25 18 3685810
25 17 3840020
