0 4 1094630
0 2 1572410
1 2 2740090
1 5 2597280
1 3 2177460
2 1 2740090
2 0 1572410
2 4 2325360
3 4 1762730
3 1 2177460
3 5 2097700
4 0 1094630
4 3 1762730
4 2 2325360
4 11 2050200
5 1 2597280
5 3 2097700
5 7 2449470
5 6 2308610
6 8 1543830
6 7 2240560
6 5 2308610
6 11 2176260
6 16 1883690
7 6 2240560
7 21 2304750
7 5 2449470
8 6 1543830
8 10 1615760
8 15 1556990
9 12 1603400
9 10 1478290
10 15 2184790
10 8 1615760
10 11 2248190
10 9 1478290
11 4 2050200
11 6 2176260
11 10 2248190
12 9 1603400
12 14 2209400
12 13 2505050
12 15 2309900
13 12 2505050
13 15 2321170
13 17 3173850
13 16 2092000
14 17 2878200
14 12 2209400
15 10 2184790
15 13 2321170
15 12 2309900
15 8 1556990
16 23 2259890
16 20 2468600
16 6 1883690
16 13 2092000
17 14 2878200
17 13 3173850
17 19 3232060
17 25 3912910
18 22 2168880
18 25 3967310
18 19 3286460
19 17 3232060
19 18 3286460
19 22 1515160
20 16 2468600
20 25 3631980
20 23 3060810
21 24 2195350
21 23 2540090
21 7 2304750
22 18 2168880
22 19 1515160
23 21 2540090
23 24 2507360
23 16 2259890
23 20 3060810
24 21 2195350
24 23 2507360
25 20 3631980
25 18 3967310
25 17 3912910
