0 4 2193150
0 2 2353290
1 2 3501780
1 5 3166120
1 3 2727740
2 1 3501780
2 0 2353290
2 4 3624580
3 4 2850540
3 1 2727740
3 5 2675020
4 0 2193150
4 3 2850540
4 2 3624580
4 11 3648410
5 1 3166120
5 3 2675020
5 7 3326600
5 6 3183560
6 8 2655810
6 7 3396760
6 5 3183560
6 11 3543050
6 16 3464630
7 6 3396760
7 21 3419090
7 5 3326600
8 6 2655810
8 10 2732150
8 15 2862360
9 12 2636620
9 10 2256770
10 15 3536610
10 8 2732150
10 11 3619390
10 9 2256770
11 4 3648410
11 6 3543050
11 10 3619390
12 9 2636620
12 14 3463480
12 13 4248020
12 15 3916460
13 12 4248020
13 15 3998380
13 17 4426330
13 16 4002740
14 17 3641790
14 12 3463480
15 10 3536610
15 13 3998380
15 12 3916460
15 8 2862360
16 23 4906990
16 20 3504460
16 6 3464630
16 13 4002740
17 14 3641790
17 13 4426330
17 19 4017790
17 25 4548030
18 22 3569930
18 25 5609810
18 19 5079570
19 17 4017790
19 18 5079570
19 22 2003220
20 16 3504460
20 25 3953360
20 23 4735910
21 24 3871650
21 23 4718410
21 7 3419090
22 18 3569930
22 19 2003220
23 21 4718410
23 24 5291680
23 16 4906990
23 20 4735910
24 21 3871650
24 23 5291680
25 20 3953360
25 18 5609810
25 17 4548030
