0 4 1355450
0 2 1552170
1 2 2816650
1 5 2635150
1 3 2353630
2 1 2816650
2 0 1552170
2 4 2700540
3 4 2237520
3 1 2353630
3 5 2252740
4 0 1355450
4 3 2237520
4 2 2700540
4 11 2553970
5 1 2635150
5 3 2252740
5 7 2366630
5 6 2452000
6 8 1728230
6 7 2284370
6 5 2452000
6 11 2486930
6 16 2239890
7 6 2284370
7 21 1977670
7 5 2366630
8 6 1728230
8 10 1933400
8 15 1920940
9 12 1703110
9 10 1843730
10 15 2767620
10 8 1933400
10 11 2692100
10 9 1843730
11 4 2553970
11 6 2486930
11 10 2692100
12 9 1703110
12 14 1963040
12 13 2553680
12 15 2627000
13 12 2553680
13 15 2681840
13 17 2934420
13 16 2359280
14 17 2343780
14 12 1963040
15 10 2767620
15 13 2681840
15 12 2627000
15 8 1920940
16 23 2209870
16 20 2193930
16 6 2239890
16 13 2359280
17 14 2343780
17 13 2934420
17 19 2772710
17 25 3120350
18 22 1813620
18 25 3187080
18 19 2839440
19 17 2772710
19 18 2839440
19 22 1259280
20 16 2193930
20 25 2629100
20 23 2293760
21 24 1805610
21 23 2033020
21 7 1977670
22 18 1813620
22 19 1259280
23 21 2033020
23 24 2082290
23 16 2209870
23 20 2293760
24 21 1805610
24 23 2082290
25 20 2629100
25 18 3187080
25 17 3120350
