0 4 1237120
0 2 1235960
1 2 2515260
1 5 2504960
1 3 2297550
2 1 2515260
2 0 1235960
2 4 2359260
3 4 2141550
3 1 2297550
3 5 2130090
4 0 1237120
4 3 2141550
4 2 2359260
4 11 2471460
5 1 2504960
5 3 2130090
5 7 2651300
5 6 2580070
6 8 2210280
6 7 2893870
6 5 2580070
6 11 2702570
6 16 2216490
7 6 2893870
7 21 2413110
7 5 2651300
8 6 2210280
8 10 1976620
8 15 2403860
9 12 1897010
9 10 1774270
10 15 2782560
10 8 1976620
10 11 2468910
10 9 1774270
11 4 2471460
11 6 2702570
11 10 2468910
12 9 1897010
12 14 2068540
12 13 2409260
12 15 2905300
13 12 2409260
13 15 2713760
13 17 2643040
13 16 1914030
14 17 2302320
14 12 2068540
15 10 2782560
15 13 2713760
15 12 2905300
15 8 2403860
16 23 2040740
16 20 1917210
16 6 2216490
16 13 1914030
17 14 2302320
17 13 2643040
17 19 2534380
17 25 2989110
18 22 2094960
18 25 3376720
18 19 2921990
19 17 2534380
19 18 2921990
19 22 1173370
20 16 1917210
20 25 2566970
20 23 2347610
21 24 1890360
21 23 2166130
21 7 2413110
22 18 2094960
22 19 1173370
23 21 2166130
23 24 2195370
23 16 2040740
23 20 2347610
24 21 1890360
24 23 2195370
25 20 2566970
25 18 3376720
25 17 2989110
