0 4 1171600
0 2 1409350
1 2 2253450
1 5 1933970
1 3 1606790
2 1 2253450
2 0 1409350
2 4 2433170
3 4 1786510
3 1 1606790
3 5 1704780
4 0 1171600
4 3 1786510
4 2 2433170
4 11 2238390
5 1 1933970
5 3 1704780
5 7 2335460
5 6 2127510
6 8 1600070
6 7 2431010
6 5 2127510
6 11 2252210
6 16 2027660
7 6 2431010
7 21 1991240
7 5 2335460
8 6 1600070
8 10 1499440
8 15 1537840
9 12 1440630
9 10 1356540
10 15 2060200
10 8 1499440
10 11 2151580
10 9 1356540
11 4 2238390
11 6 2252210
11 10 2151580
12 9 1440630
12 14 1634790
12 13 2290980
12 15 2144290
13 12 2290980
13 15 2245290
13 17 2236240
13 16 2112120
14 17 1580050
14 12 1634790
15 10 2060200
15 13 2245290
15 12 2144290
15 8 1537840
16 23 2044900
16 20 1729210
16 6 2027660
16 13 2112120
17 14 1580050
17 13 2236240
17 19 1796210
17 25 2239230
18 22 1763780
18 25 2760680
18 19 2317660
19 17 1796210
19 18 2317660
19 22 958040
20 16 1729210
20 25 2012060
20 23 1941850
21 24 1443020
21 23 1800530
21 7 1991240
22 18 1763780
22 19 958040
23 21 1800530
23 24 1900030
23 16 2044900
23 20 1941850
24 21 1443020
24 23 1900030
25 20 2012060
25 18 2760680
25 17 2239230
