0 4 1210390
0 2 1136360
1 2 2079970
1 5 2331480
1 3 1985070
2 1 2079970
2 0 1136360
2 4 1982290
3 4 1887390
3 1 1985070
3 5 2064870
4 0 1210390
4 3 1887390
4 2 1982290
4 11 2039780
5 1 2331480
5 3 2064870
5 7 2552740
5 6 2183780
6 8 1430840
6 7 2325240
6 5 2183780
6 11 1989760
6 16 1906220
7 6 2325240
7 21 2411010
7 5 2552740
8 6 1430840
8 10 1426800
8 15 1298800
9 12 1664320
9 10 1357640
10 15 1820200
10 8 1426800
10 11 1985720
10 9 1357640
11 4 2039780
11 6 1989760
11 10 1985720
12 9 1664320
12 14 2023600
12 13 2438510
12 15 2126880
13 12 2438510
13 15 2003830
13 17 2418220
13 16 2085810
14 17 2003310
14 12 2023600
15 10 1820200
15 13 2003830
15 12 2126880
15 8 1298800
16 23 2276820
16 20 1864630
16 6 1906220
16 13 2085810
17 14 2003310
17 13 2418220
17 19 2052580
17 25 2767990
18 22 1558690
18 25 2925400
18 19 2209990
19 17 2052580
19 18 2209990
19 22 932880
20 16 1864630
20 25 2444050
20 23 2285290
21 24 2213810
21 23 2412650
21 7 2411010
22 18 1558690
22 19 932880
23 21 2412650
23 24 2498640
23 16 2276820
23 20 2285290
24 21 2213810
24 23 2498640
25 20 2444050
25 18 2925400
25 17 2767990
