0 4 2903750
0 2 3697040
1 2 6321470
1 5 5576690
1 3 5177960
2 1 6321470
2 0 3697040
2 4 5660850
3 4 4517340
3 1 5177960
3 5 4565850
4 0 2903750
4 3 4517340
4 2 5660850
4 11 4974940
5 1 5576690
5 3 4565850
5 7 4803260
5 6 5002100
6 8 3611200
6 7 4840780
6 5 5002100
6 11 5060970
6 16 4004720
7 6 4840780
7 21 4225590
7 5 4803260
8 6 3611200
8 10 3134280
8 15 3703310
9 12 3246010
9 10 2526470
10 15 4654810
10 8 3134280
10 11 4584050
10 9 2526470
11 4 4974940
11 6 5060970
11 10 4584050
12 9 3246010
12 14 4751070
12 13 4647500
12 15 5374350
13 12 4647500
13 15 4496990
13 17 5085710
13 16 3369980
14 17 5189280
14 12 4751070
15 10 4654810
15 13 4496990
15 12 5374350
15 8 3703310
16 23 4670660
16 20 3588230
16 6 4004720
16 13 3369980
17 14 5189280
17 13 5085710
17 19 4617560
17 25 6589430
18 22 2438950
18 25 5769540
18 19 3797670
19 17 4617560
19 18 3797670
19 22 1475120
20 16 3588230
20 25 5492110
20 23 5289070
21 24 3472820
21 23 5090370
21 7 4225590
22 18 2438950
22 19 1475120
23 21 5090370
23 24 4753950
23 16 4670660
23 20 5289070
24 21 3472820
24 23 4753950
25 20 5492110
25 18 5769540
25 17 6589430
