0 4 2037150
0 2 2514850
1 2 4402360
1 5 3716330
1 3 3488270
2 1 4402360
2 0 2514850
2 4 4189700
3 4 3275610
3 1 3488270
3 5 3067280
4 0 2037150
4 3 3275610
4 2 4189700
4 11 3661260
5 1 3716330
5 3 3067280
5 7 3542460
5 6 3552140
6 8 2803890
6 7 3799260
6 5 3552140
6 11 3709730
6 16 3065800
7 6 3799260
7 21 3404990
7 5 3542460
8 6 2803890
8 10 2746510
8 15 2923450
9 12 2529760
9 10 2270880
10 15 3871120
10 8 2746510
10 11 3652350
10 9 2270880
11 4 3661260
11 6 3709730
11 10 3652350
12 9 2529760
12 14 2799030
12 13 3673800
12 15 4130000
13 12 3673800
13 15 3591860
13 17 3166250
13 16 2729160
14 17 2291480
14 12 2799030
15 10 3871120
15 13 3591860
15 12 4130000
15 8 2923450
16 23 2995290
16 20 3159570
16 6 3065800
16 13 2729160
17 14 2291480
17 13 3166250
17 19 2364970
17 25 4237090
18 22 1741840
18 25 4202120
18 19 2330000
19 17 2364970
19 18 2330000
19 22 944940
20 16 3159570
20 25 4636910
20 23 3832200
21 24 2282210
21 23 3344160
21 7 3404990
22 18 1741840
22 19 944940
23 21 3344160
23 24 2605970
23 16 2995290
23 20 3832200
24 21 2282210
24 23 2605970
25 20 4636910
25 18 4202120
25 17 4237090
