0 4 1782720
0 2 2207700
1 2 3373030
1 5 2675080
1 3 2189440
2 1 3373030
2 0 2207700
2 4 3579000
3 4 2395410
3 1 2189440
3 5 2122440
4 0 1782720
4 3 2395410
4 2 3579000
4 11 3133800
5 1 2675080
5 3 2122440
5 7 3268850
5 6 2677280
6 8 1951600
6 7 3338050
6 5 2677280
6 11 2930030
6 16 2448280
7 6 3338050
7 21 2923160
7 5 3268850
8 6 1951600
8 10 1904820
8 15 1954530
9 12 2427890
9 10 1997470
10 15 2702630
10 8 1904820
10 11 2883250
10 9 1997470
11 4 3133800
11 6 2930030
11 10 2883250
12 9 2427890
12 14 2344510
12 13 3101150
12 15 3133050
13 12 3101150
13 15 2720440
13 17 2550560
13 16 2419310
14 17 1793920
14 12 2344510
15 10 2702630
15 13 2720440
15 12 3133050
15 8 1954530
16 23 2636820
16 20 2174660
16 6 2448280
16 13 2419310
17 14 1793920
17 13 2550560
17 19 2065340
17 25 2551900
18 22 1753540
18 25 2915600
18 19 2429040
19 17 2065340
19 18 2429040
19 22 1042600
20 16 2174660
20 25 2445230
20 23 2661400
21 24 1815440
21 23 2520130
21 7 2923160
22 18 1753540
22 19 1042600
23 21 2520130
23 24 2418870
23 16 2636820
23 20 2661400
24 21 1815440
24 23 2418870
25 20 2445230
25 18 2915600
25 17 2551900
