0 4 969860
0 2 1228180
1 2 2243740
1 5 2102440
1 3 1847000
2 1 2243740
2 0 1228180
2 4 2096360
3 4 1699620
3 1 1847000
3 5 1816640
4 0 969860
4 3 1699620
4 2 2096360
4 11 2001970
5 1 2102440
5 3 1816640
5 7 2228540
5 6 1992150
6 8 1421400
6 7 2148610
6 5 1992150
6 11 2039060
6 16 1874290
7 6 2148610
7 21 2179860
7 5 2228540
8 6 1421400
8 10 1442940
8 15 1427930
9 12 1517390
9 10 1465000
10 15 1940290
10 8 1442940
10 11 2060600
10 9 1465000
11 4 2001970
11 6 2039060
11 10 2060600
12 9 1517390
12 14 1423030
12 13 1987470
12 15 1992680
13 12 1987470
13 15 1920070
13 17 1969880
13 16 1875610
14 17 1405440
14 12 1423030
15 10 1940290
15 13 1920070
15 12 1992680
15 8 1427930
16 23 2258700
16 20 1929480
16 6 1874290
16 13 1875610
17 14 1405440
17 13 1969880
17 19 1713160
17 25 2049970
18 22 1105940
18 25 2051270
18 19 1714460
19 17 1713160
19 18 1714460
19 22 792900
20 16 1929480
20 25 2048820
20 23 2351820
21 24 1640180
21 23 2327880
21 7 2179860
22 18 1105940
22 19 792900
23 21 2327880
23 24 1993340
23 16 2258700
23 20 2351820
24 21 1640180
24 23 1993340
25 20 2048820
25 18 2051270
25 17 2049970
