0 4 1884640
0 2 2114840
1 2 3831290
1 5 3339160
1 3 3143830
2 1 3831290
2 0 2114840
2 4 3751300
3 4 3063840
3 1 3143830
3 5 2801910
4 0 1884640
4 3 3063840
4 2 3751300
4 11 3682000
5 1 3339160
5 3 2801910
5 7 3294750
5 6 3333960
6 8 2989070
6 7 3631470
6 5 3333960
6 11 3756790
6 16 3543950
7 6 3631470
7 21 3208910
7 5 3294750
8 6 2989070
8 10 3159710
8 15 3305530
9 12 2492960
9 10 2583500
10 15 4157780
10 8 3159710
10 11 3927430
10 9 2583500
11 4 3682000
11 6 3756790
11 10 3927430
12 9 2492960
12 14 3450260
12 13 3836890
12 15 4067240
13 12 3836890
13 15 4073250
13 17 4512180
13 16 3630060
14 17 4125550
14 12 3450260
15 10 4157780
15 13 4073250
15 12 4067240
15 8 3305530
16 23 4299980
16 20 4162370
16 6 3543950
16 13 3630060
17 14 4125550
17 13 4512180
17 19 4503880
17 25 5632880
18 22 3382790
18 25 6202540
18 19 5073540
19 17 4503880
19 18 5073540
19 22 2135550
20 16 4162370
20 25 5495910
20 23 5045130
21 24 2520510
21 23 4004150
21 7 3208910
22 18 3382790
22 19 2135550
23 21 4004150
23 24 3699100
23 16 4299980
23 20 5045130
24 21 2520510
24 23 3699100
25 20 5495910
25 18 6202540
25 17 5632880
