0 4 2190060
0 2 2136180
1 2 3929700
1 5 3677850
1 3 3391110
2 1 3929700
2 0 2136180
2 4 3796740
3 4 3258150
3 1 3391110
3 5 2952420
4 0 2190060
4 3 3258150
4 2 3796740
4 11 3903240
5 1 3677850
5 3 2952420
5 7 3912350
5 6 4326500
6 8 3989250
6 7 4999690
6 5 4326500
6 11 4684850
6 16 4836380
7 6 4999690
7 21 3822180
7 5 3912350
8 6 3989250
8 10 3483480
8 15 3744240
9 12 3045990
9 10 2861490
10 15 4663060
10 8 3483480
10 11 4179080
10 9 2861490
11 4 3903240
11 6 4684850
11 10 4179080
12 9 3045990
12 14 3335090
12 13 4669800
12 15 4847560
13 12 4669800
13 15 4746060
13 17 4494550
13 16 4413610
14 17 3159840
14 12 3335090
15 10 4663060
15 13 4746060
15 12 4847560
15 8 3744240
16 23 4497430
16 20 3819120
16 6 4836380
16 13 4413610
17 14 3159840
17 13 4494550
17 19 3784630
17 25 4156800
18 22 2547640
18 25 4191400
18 19 3819230
19 17 3784630
19 18 3819230
19 22 1876870
20 16 3819120
20 25 3636060
20 23 4057630
21 24 3074090
21 23 3897380
21 7 3822180
22 18 2547640
22 19 1876870
23 21 3897380
23 24 3912650
23 16 4497430
23 20 4057630
24 21 3074090
24 23 3912650
25 20 3636060
25 18 4191400
25 17 4156800
