0 4 1491660
0 2 2187950
1 2 3757870
1 5 2790940
1 3 2691820
2 1 3757870
2 0 2187950
2 4 3620910
3 4 2554860
3 1 2691820
3 5 2284220
4 0 1491660
4 3 2554860
4 2 3620910
4 11 2818700
5 1 2790940
5 3 2284220
5 7 2659430
5 6 2433130
6 8 1952260
6 7 2709220
6 5 2433130
6 11 2597850
6 16 2443560
7 6 2709220
7 21 2411950
7 5 2659430
8 6 1952260
8 10 1867630
8 15 2160150
9 12 2007590
9 10 1625020
10 15 2606180
10 8 1867630
10 11 2513220
10 9 1625020
11 4 2818700
11 6 2597850
11 10 2513220
12 9 2007590
12 14 2473740
12 13 3053840
12 15 2988750
13 12 3053840
13 15 2963790
13 17 3068190
13 16 2716540
14 17 2488090
14 12 2473740
15 10 2606180
15 13 2963790
15 12 2988750
15 8 2160150
16 23 3018360
16 20 2284780
16 6 2443560
16 13 2716540
17 14 2488090
17 13 3068190
17 19 2646740
17 25 2816380
18 22 1949450
18 25 3075590
18 19 2905950
19 17 2646740
19 18 2905950
19 22 1229480
20 16 2284780
20 25 2345310
20 23 2898940
21 24 1828490
21 23 2760450
21 7 2411950
22 18 1949450
22 19 1229480
23 21 2760450
23 24 2700560
23 16 3018360
23 20 2898940
24 21 1828490
24 23 2700560
25 20 2345310
25 18 3075590
25 17 2816380
