0 4 2625800
0 2 2701680
1 2 5166440
1 5 5006500
1 3 4779890
2 1 5166440
2 0 2701680
2 4 4619500
3 4 4232950
3 1 4779890
3 5 4148890
4 0 2625800
4 3 4232950
4 2 4619500
4 11 4507770
5 1 5006500
5 3 4148890
5 7 4797970
5 6 5025670
6 8 4213750
6 7 5448140
6 5 5025670
6 11 5073880
6 16 5107700
7 6 5448140
7 21 4646000
7 5 4797970
8 6 4213750
8 10 3451260
8 15 3563580
9 12 2798310
9 10 2858420
10 15 4263180
10 8 3451260
10 11 4311390
10 9 2858420
11 4 4507770
11 6 5073880
11 10 4311390
12 9 2798310
12 14 3555540
12 13 4043830
12 15 4203070
13 12 4043830
13 15 4216260
13 17 4283150
13 16 4298290
14 17 3794860
14 12 3555540
15 10 4263180
15 13 4216260
15 12 4203070
15 8 3563580
16 23 5678690
16 20 3798060
16 6 5107700
16 13 4298290
17 14 3794860
17 13 4283150
17 19 3759110
17 25 4849850
18 22 2621680
18 25 4974390
18 19 3883650
19 17 3759110
19 18 3883650
19 22 1746970
20 16 3798060
20 25 4123490
20 23 4937190
21 24 4060640
21 23 5444690
21 7 4646000
22 18 2621680
22 19 1746970
23 21 5444690
23 24 5433770
23 16 5678690
23 20 4937190
24 21 4060640
24 23 5433770
25 20 4123490
25 18 4974390
25 17 4849850
