0 4 2320350
0 2 2195380
1 2 3835210
1 5 3927230
1 3 3634240
2 1 3835210
2 0 2195380
2 4 3531950
3 4 3330980
3 1 3634240
3 5 3298030
4 0 2320350
4 3 3330980
4 2 3531950
4 11 3828500
5 1 3927230
5 3 3298030
5 7 4129350
5 6 4211660
6 8 3928090
6 7 4749990
6 5 4211660
6 11 4416190
6 16 3874700
7 6 4749990
7 21 3718220
7 5 4129350
8 6 3928090
8 10 3188730
8 15 3774170
9 12 2528230
9 10 2288100
10 15 3939020
10 8 3188730
10 11 3676830
10 9 2288100
11 4 3828500
11 6 4416190
11 10 3676830
12 9 2528230
12 14 2749850
12 13 3660980
12 15 4179150
13 12 3660980
13 15 4006290
13 17 3552950
13 16 3202610
14 17 2641820
14 12 2749850
15 10 3939020
15 13 4006290
15 12 4179150
15 8 3774170
16 23 3688120
16 20 3157560
16 6 3874700
16 13 3202610
17 14 2641820
17 13 3552950
17 19 2975810
17 25 4276020
18 22 2641320
18 25 4821100
18 19 3520890
19 17 2975810
19 18 3520890
19 22 1454270
20 16 3157560
20 25 4166140
20 23 3928580
21 24 2517520
21 23 3613950
21 7 3718220
22 18 2641320
22 19 1454270
23 21 3613950
23 24 3362710
23 16 3688120
23 20 3928580
24 21 2517520
24 23 3362710
25 20 4166140
25 18 4821100
25 17 4276020
