0 4 1925160
0 2 2609200
1 2 4336260
1 5 4021560
1 3 3344690
2 1 4336260
2 0 2609200
2 4 4099880
3 4 3108310
3 1 3344690
3 5 3477650
4 0 1925160
4 3 3108310
4 2 4099880
4 11 3539930
5 1 4021560
5 3 3477650
5 7 3942650
5 6 4163450
6 8 3181550
6 7 3951580
6 5 4163450
6 11 3918200
6 16 3874640
7 6 3951580
7 21 3344490
7 5 3942650
8 6 3181550
8 10 2844290
8 15 3101690
9 12 2541120
9 10 2417250
10 15 3755260
10 8 2844290
10 11 3580940
10 9 2417250
11 4 3539930
11 6 3918200
11 10 3580940
12 9 2541120
12 14 3026070
12 13 3921900
12 15 3879130
13 12 3921900
13 15 4055430
13 17 4297740
13 16 3837550
14 17 3401910
14 12 3026070
15 10 3755260
15 13 4055430
15 12 3879130
15 8 3101690
16 23 3862350
16 20 3193660
16 6 3874640
16 13 3837550
17 14 3401910
17 13 4297740
17 19 3665650
17 25 4376370
18 22 2752170
18 25 4676040
18 19 3965320
19 17 3665650
19 18 3965320
19 22 1620870
20 16 3193660
20 25 3532940
20 23 3479110
21 24 2630960
21 23 3553000
21 7 3344490
22 18 2752170
22 19 1620870
23 21 3553000
23 24 3225760
23 16 3862350
23 20 3479110
24 21 2630960
24 23 3225760
25 20 3532940
25 18 4676040
25 17 4376370
