0 4 2636490
0 2 2544390
1 2 4517300
1 5 4097100
1 3 3638210
2 1 4517300
2 0 2544390
2 4 4825120
3 4 3946030
3 1 3638210
3 5 3433730
4 0 2636490
4 3 3946030
4 2 4825120
4 11 4775630
5 1 4097100
5 3 3433730
5 7 4534610
5 6 4185740
6 8 3513220
6 7 4827730
6 5 4185740
6 11 4556450
6 16 4112690
7 6 4827730
7 21 4519860
7 5 4534610
8 6 3513220
8 10 3711580
8 15 3713520
9 12 2835020
9 10 3405470
10 15 4877520
10 8 3711580
10 11 4754810
10 9 3405470
11 4 4775630
11 6 4556450
11 10 4754810
12 9 2835020
12 14 3310510
12 13 3959040
12 15 4307070
13 12 3959040
13 15 4531430
13 17 4598030
13 16 3964960
14 17 3949500
14 12 3310510
15 10 4877520
15 13 4531430
15 12 4307070
15 8 3713520
16 23 4446790
16 20 3941070
16 6 4112690
16 13 3964960
17 14 3949500
17 13 4598030
17 19 4283430
17 25 5656760
18 22 3908470
18 25 6881600
18 19 5508270
19 17 4283430
19 18 5508270
19 22 1954400
20 16 3941070
20 25 5218240
20 23 4641340
21 24 3908760
21 23 4505090
21 7 4519860
22 18 3908470
22 19 1954400
23 21 4505090
23 24 4550730
23 16 4446790
23 20 4641340
24 21 3908760
24 23 4550730
25 20 5218240
25 18 6881600
25 17 5656760
