0 4 2613020
0 2 2354690
1 2 4616480
1 5 4985230
1 3 4327630
2 1 4616480
2 0 2354690
2 4 4287250
3 4 3998400
3 1 4327630
3 5 4108820
4 0 2613020
4 3 3998400
4 2 4287250
4 11 4488400
5 1 4985230
5 3 4108820
5 7 4744360
5 6 5030430
6 8 3791830
6 7 5008370
6 5 5030430
6 11 4862830
6 16 4437080
7 6 5008370
7 21 4510030
7 5 4744360
8 6 3791830
8 10 3036970
8 15 3161140
9 12 3059660
9 10 2903870
10 15 3908890
10 8 3036970
10 11 4107970
10 9 2903870
11 4 4488400
11 6 4862830
11 10 4107970
12 9 3059660
12 14 3524390
12 13 3991310
12 15 4064680
13 12 3991310
13 15 3959690
13 17 4712710
13 16 3733020
14 17 4245790
14 12 3524390
15 10 3908890
15 13 3959690
15 12 4064680
15 8 3161140
16 23 4214020
16 20 3775200
16 6 4437080
16 13 3733020
17 14 4245790
17 13 4712710
17 19 4832370
17 25 5759220
18 22 4181110
18 25 6733120
18 19 5806270
19 17 4832370
19 18 5806270
19 22 2500480
20 16 3775200
20 25 4975010
20 23 4409500
21 24 3798970
21 23 4573040
21 7 4510030
22 18 4181110
22 19 2500480
23 21 4573040
23 24 4074250
23 16 4214020
23 20 4409500
24 21 3798970
24 23 4074250
25 20 4975010
25 18 6733120
25 17 5759220
