0 4 1262200
0 2 1649940
1 2 3023090
1 5 2676150
1 3 2471370
2 1 3023090
2 0 1649940
2 4 2599440
3 4 2047720
3 1 2471370
3 5 2088520
4 0 1262200
4 3 2047720
4 2 2599440
4 11 2380880
5 1 2676150
5 3 2088520
5 7 2319610
5 6 2179780
6 8 1559810
6 7 2206090
6 5 2179780
6 11 2308160
6 16 1800580
7 6 2206090
7 21 2001020
7 5 2319610
8 6 1559810
8 10 1788850
8 15 1720120
9 12 1526190
9 10 1687050
10 15 2455610
10 8 1788850
10 11 2537200
10 9 1687050
11 4 2380880
11 6 2308160
11 10 2537200
12 9 1526190
12 14 1669330
12 13 2120440
12 15 2294750
13 12 2120440
13 15 2212570
13 17 2172470
13 16 1786580
14 17 1721360
14 12 1669330
15 10 2455610
15 13 2212570
15 12 2294750
15 8 1720120
16 23 2009110
16 20 1839260
16 6 1800580
16 13 1786580
17 14 1721360
17 13 2172470
17 19 2026770
17 25 2435820
18 22 1681760
18 25 2840400
18 19 2431350
19 17 2026770
19 18 2431350
19 22 997270
20 16 1839260
20 25 2354290
20 23 2313470
21 24 1682140
21 23 2069720
21 7 2001020
22 18 1681760
22 19 997270
23 21 2069720
23 24 2095740
23 16 2009110
23 20 2313470
24 21 1682140
24 23 2095740
25 20 2354290
25 18 2840400
25 17 2435820
