0 4 2349700
0 2 2729720
1 2 5041670
1 5 4767460
1 3 4257920
2 1 5041670
2 0 2729720
2 4 4562820
3 4 3779070
3 1 4257920
3 5 3884880
4 0 2349700
4 3 3779070
4 2 4562820
4 11 4298480
5 1 4767460
5 3 3884880
5 7 4355680
5 6 4506520
6 8 3301690
6 7 4467780
6 5 4506520
6 11 4516390
6 16 4348420
7 6 4467780
7 21 3948640
7 5 4355680
8 6 3301690
8 10 3396220
8 15 3555160
9 12 3220190
9 10 3076280
10 15 4966620
10 8 3396220
10 11 4610920
10 9 3076280
11 4 4298480
11 6 4516390
11 10 4610920
12 9 3220190
12 14 3926880
12 13 5061060
12 15 5110530
13 12 5061060
13 15 5076090
13 17 5622030
13 16 4552420
14 17 4487850
14 12 3926880
15 10 4966620
15 13 5076090
15 12 5110530
15 8 3555160
16 23 4732520
16 20 4200820
16 6 4348420
16 13 4552420
17 14 4487850
17 13 5622030
17 19 5060260
17 25 6916300
18 22 3959010
18 25 7403080
18 19 5547040
19 17 5060260
19 18 5547040
19 22 2315050
20 16 4200820
20 25 5969290
20 23 4855120
21 24 3293120
21 23 4483580
21 7 3948640
22 18 3959010
22 19 2315050
23 21 4483580
23 24 4196360
23 16 4732520
23 20 4855120
24 21 3293120
24 23 4196360
25 20 5969290
25 18 7403080
25 17 6916300
