0 4 1678720
0 2 2132580
1 2 3206470
1 5 2666920
1 3 2181440
2 1 3206470
2 0 2132580
2 4 3485900
3 4 2460870
3 1 2181440
3 5 2375180
4 0 1678720
4 3 2460870
4 2 3485900
4 11 3133560
5 1 2666920
5 3 2375180
5 7 2893200
5 6 2970280
6 8 2471010
6 7 3002820
6 5 2970280
6 11 3157490
6 16 2731870
7 6 3002820
7 21 2636330
7 5 2893200
8 6 2471010
8 10 2553300
8 15 2573990
9 12 2618540
9 10 2307140
10 15 3265170
10 8 2553300
10 11 3239780
10 9 2307140
11 4 3133560
11 6 3157490
11 10 3239780
12 9 2618540
12 14 2931320
12 13 3604250
12 15 3576570
13 12 3604250
13 15 3313540
13 17 3504650
13 16 2862530
14 17 2831720
14 12 2931320
15 10 3265170
15 13 3313540
15 12 3576570
15 8 2573990
16 23 3566050
16 20 2908090
16 6 2731870
16 13 2862530
17 14 2831720
17 13 3504650
17 19 3060390
17 25 4267190
18 22 2143370
18 25 4505950
18 19 3299150
19 17 3060390
19 18 3299150
19 22 1296920
20 16 2908090
20 25 4149320
20 23 4090300
21 24 2221770
21 23 3547590
21 7 2636330
22 18 2143370
22 19 1296920
23 21 3547590
23 24 3422440
23 16 3566050
23 20 4090300
24 21 2221770
24 23 3422440
25 20 4149320
25 18 4505950
25 17 4267190
