0 4 2410220
0 2 2482390
1 2 4992200
1 5 4624030
1 3 4371340
2 1 4992200
2 0 2482390
2 4 4836790
3 4 4215930
3 1 4371340
3 5 3919930
4 0 2410220
4 3 4215930
4 2 4836790
4 11 4650390
5 1 4624030
5 3 3919930
5 7 4921600
5 6 4278170
6 8 3852260
6 7 5027150
6 5 4278170
6 11 4459940
6 16 4216920
7 6 5027150
7 21 4058560
7 5 4921600
8 6 3852260
8 10 3939340
8 15 4605240
9 12 3818890
9 10 3158810
10 15 5223780
10 8 3939340
10 11 4547020
10 9 3158810
11 4 4650390
11 6 4459940
11 10 4547020
12 9 3818890
12 14 3990010
12 13 5907760
12 15 5883860
13 12 5907760
13 15 5913580
13 17 5519620
13 16 4993800
14 17 3601870
14 12 3990010
15 10 5223780
15 13 5913580
15 12 5883860
15 8 4605240
16 23 5860910
16 20 4881110
16 6 4216920
16 13 4993800
17 14 3601870
17 13 5519620
17 19 4717490
17 25 5856980
18 22 4787730
18 25 7631380
18 19 6491890
19 17 4717490
19 18 6491890
19 22 2629060
20 16 4881110
20 25 6162150
20 23 6691900
21 24 2803910
21 23 5059120
21 7 4058560
22 18 4787730
22 19 2629060
23 21 5059120
23 24 5416490
23 16 5860910
23 20 6691900
24 21 2803910
24 23 5416490
25 20 6162150
25 18 7631380
25 17 5856980
