0 4 2088170
0 2 2096500
1 2 3934630
1 5 3581880
1 3 3375700
2 1 3934630
2 0 2096500
2 4 3816190
3 4 3257260
3 1 3375700
3 5 2912840
4 0 2088170
4 3 3257260
4 2 3816190
4 11 3748500
5 1 3581880
5 3 2912840
5 7 3407590
5 6 3261960
6 8 2645810
6 7 3550530
6 5 3261960
6 11 3547020
6 16 2993960
7 6 3550530
7 21 2930980
7 5 3407590
8 6 2645810
8 10 2381010
8 15 2541340
9 12 2203450
9 10 2008350
10 15 3035630
10 8 2381010
10 11 3282220
10 9 2008350
11 4 3748500
11 6 3547020
11 10 3282220
12 9 2203450
12 14 2434380
12 13 3195960
12 15 3230730
13 12 3195960
13 15 3161190
13 17 3194910
13 16 2854720
14 17 2433330
14 12 2434380
15 10 3035630
15 13 3161190
15 12 3230730
15 8 2541340
16 23 3680710
16 20 2884070
16 6 2993960
16 13 2854720
17 14 2433330
17 13 3194910
17 19 2745150
17 25 3597860
18 22 2239840
18 25 3999900
18 19 3147190
19 17 2745150
19 18 3147190
19 22 1319550
20 16 2884070
20 25 3558720
20 23 3981760
21 24 2513190
21 23 3472100
21 7 2930980
22 18 2239840
22 19 1319550
23 21 3472100
23 24 3819490
23 16 3680710
23 20 3981760
24 21 2513190
24 23 3819490
25 20 3558720
25 18 3999900
25 17 3597860
