0 4 1770970
0 2 1990250
1 2 3723850
1 5 3207800
1 3 3048930
2 1 3723850
2 0 1990250
2 4 3588680
3 4 2913760
3 1 3048930
3 5 2616990
4 0 1770970
4 3 2913760
4 2 3588680
4 11 3471300
5 1 3207800
5 3 2616990
5 7 2775340
5 6 2874740
6 8 2246120
6 7 2874220
6 5 2874740
6 11 3273410
6 16 2827330
7 6 2874220
7 21 2586990
7 5 2775340
8 6 2246120
8 10 2589000
8 15 2536810
9 12 2101910
9 10 2470580
10 15 3607190
10 8 2589000
10 11 3616290
10 9 2470580
11 4 3471300
11 6 3273410
11 10 3616290
12 9 2101910
12 14 2274690
12 13 2994990
12 15 3238520
13 12 2994990
13 15 3311470
13 17 3270670
13 16 2874490
14 17 2550370
14 12 2274690
15 10 3607190
15 13 3311470
15 12 3238520
15 8 2536810
16 23 3776960
16 20 3175570
16 6 2827330
16 13 2874490
17 14 2550370
17 13 3270670
17 19 3266960
17 25 3689600
18 22 2923880
18 25 4691370
18 19 4268730
19 17 3266960
19 18 4268730
19 22 1715670
20 16 3175570
20 25 3787950
20 23 4271490
21 24 2215810
21 23 3636020
21 7 2586990
22 18 2923880
22 19 1715670
23 21 3636020
23 24 3452670
23 16 3776960
23 20 4271490
24 21 2215810
24 23 3452670
25 20 3787950
25 18 4691370
25 17 3689600
