0 4 1477360
0 2 1836590
1 2 3584840
1 5 3291320
1 3 3145990
2 1 3584840
2 0 1836590
2 4 3113730
3 4 2674880
3 1 3145990
3 5 2740590
4 0 1477360
4 3 2674880
4 2 3113730
4 11 2753560
5 1 3291320
5 3 2740590
5 7 3284240
5 6 2870380
6 8 2206700
6 7 3268700
6 5 2870380
6 11 2803730
6 16 2695230
7 6 3268700
7 21 3011850
7 5 3284240
8 6 2206700
8 10 2161180
8 15 2290570
9 12 1855110
9 10 1935150
10 15 2893190
10 8 2161180
10 11 2758210
10 9 1935150
11 4 2753560
11 6 2803730
11 10 2758210
12 9 1855110
12 14 2033690
12 13 2810580
12 15 2813150
13 12 2810580
13 15 3020010
13 17 2973410
13 16 2776530
14 17 2196520
14 12 2033690
15 10 2893190
15 13 3020010
15 12 2813150
15 8 2290570
16 23 3099080
16 20 2393130
16 6 2695230
16 13 2776530
17 14 2196520
17 13 2973410
17 19 2140170
17 25 3287130
18 22 1611470
18 25 3327250
18 19 2180290
19 17 2140170
19 18 2180290
19 22 782140
20 16 2393130
20 25 2947760
20 23 2956590
21 24 2288330
21 23 3001840
21 7 3011850
22 18 1611470
22 19 782140
23 21 3001840
23 24 2949030
23 16 3099080
23 20 2956590
24 21 2288330
24 23 2949030
25 20 2947760
25 18 3327250
25 17 3287130
