0 4 2672390
0 2 2998360
1 2 4950440
1 5 4122250
1 3 3774190
2 1 4950440
2 0 2998360
2 4 5029830
3 4 3853580
3 1 3774190
3 5 3351360
4 0 2672390
4 3 3853580
4 2 5029830
4 11 4761760
5 1 4122250
5 3 3351360
5 7 3653680
5 6 3631940
6 8 2246650
6 7 3586200
6 5 3631940
6 11 4192060
6 16 3374790
7 6 3586200
7 21 3536060
7 5 3653680
8 6 2246650
8 10 2237150
8 15 2238830
9 12 2544540
9 10 2524980
10 15 3547140
10 8 2237150
10 11 4182560
10 9 2524980
11 4 4761760
11 6 4192060
11 10 4182560
12 9 2544540
12 14 3151130
12 13 3685740
12 15 3566700
13 12 3685740
13 15 3667860
13 17 4287030
13 16 3486010
14 17 3752420
14 12 3151130
15 10 3547140
15 13 3667860
15 12 3566700
15 8 2238830
16 23 3893050
16 20 4083170
16 6 3374790
16 13 3486010
17 14 3752420
17 13 4287030
17 19 4431600
17 25 5085470
18 22 3850660
18 25 6117010
18 19 5463140
19 17 4431600
19 18 5463140
19 22 2463560
20 16 4083170
20 25 5182500
20 23 4791100
21 24 3347710
21 23 4032580
21 7 3536060
22 18 3850660
22 19 2463560
23 21 4032580
23 24 3916110
23 16 3893050
23 20 4791100
24 21 3347710
24 23 3916110
25 20 5182500
25 18 6117010
25 17 5085470
