0 4 1796930
0 2 2762960
1 2 4418200
1 5 3346820
1 3 3098620
2 1 4418200
2 0 2762960
2 4 4198470
3 4 2878890
3 1 3098620
3 5 2773540
4 0 1796930
4 3 2878890
4 2 4198470
4 11 3384910
5 1 3346820
5 3 2773540
5 7 3035160
5 6 3082260
6 8 2483020
6 7 3095680
6 5 3082260
6 11 3340080
6 16 2743540
7 6 3095680
7 21 2425740
7 5 3035160
8 6 2483020
8 10 2663940
8 15 2746560
9 12 2311540
9 10 2445260
10 15 3587240
10 8 2663940
10 11 3521000
10 9 2445260
11 4 3384910
11 6 3340080
11 10 3521000
12 9 2311540
12 14 2430890
12 13 2927560
12 15 3453520
13 12 2927560
13 15 3143900
13 17 3026150
13 16 2481120
14 17 2529480
14 12 2430890
15 10 3587240
15 13 3143900
15 12 3453520
15 8 2746560
16 23 2754400
16 20 2547830
16 6 2743540
16 13 2481120
17 14 2529480
17 13 3026150
17 19 2963360
17 25 3465210
18 22 2010760
18 25 3557400
18 19 3055550
19 17 2963360
19 18 3055550
19 22 1447570
20 16 2547830
20 25 3123710
20 23 2957930
21 24 1710820
21 23 2483700
21 7 2425740
22 18 2010760
22 19 1447570
23 21 2483700
23 24 2391620
23 16 2754400
23 20 2957930
24 21 1710820
24 23 2391620
25 20 3123710
25 18 3557400
25 17 3465210
