0 4 2214740
0 2 2498490
1 2 4112430
1 5 3947990
1 3 3228170
2 1 4112430
2 0 2498490
2 4 4070250
3 4 3185990
3 1 3228170
3 5 3305300
4 0 2214740
4 3 3185990
4 2 4070250
4 11 3810050
5 1 3947990
5 3 3305300
5 7 3898700
5 6 3813510
6 8 2532980
6 7 3687090
6 5 3813510
6 11 3717750
6 16 3704740
7 6 3687090
7 21 3043180
7 5 3898700
8 6 2532980
8 10 2731500
8 15 2733240
9 12 2931230
9 10 2559160
10 15 4000680
10 8 2731500
10 11 3916270
10 9 2559160
11 4 3810050
11 6 3717750
11 10 3916270
12 9 2931230
12 14 3708840
12 13 4741940
12 15 4372750
13 12 4741940
13 15 4371610
13 17 5096810
13 16 4274190
14 17 4063710
14 12 3708840
15 10 4000680
15 13 4371610
15 12 4372750
15 8 2733240
16 23 4278360
16 20 3984200
16 6 3704740
16 13 4274190
17 14 4063710
17 13 5096810
17 19 4666230
17 25 5120660
18 22 3214610
18 25 5340370
18 19 4885940
19 17 4666230
19 18 4885940
19 22 2208310
20 16 3984200
20 25 4474660
20 23 4454980
21 24 2417820
21 23 3531610
21 7 3043180
22 18 3214610
22 19 2208310
23 21 3531610
23 24 3635350
23 16 4278360
23 20 4454980
24 21 2417820
24 23 3635350
25 20 4474660
25 18 5340370
25 17 5120660
