0 4 1145930
0 2 1589010
1 2 2688250
1 5 2372690
1 3 2045130
2 1 2688250
2 0 1589010
2 4 2574860
3 4 1931740
3 1 2045130
3 5 2059260
4 0 1145930
4 3 1931740
4 2 2574860
4 11 2193710
5 1 2372690
5 3 2059260
5 7 2346150
5 6 2232520
6 8 1472850
6 7 2191850
6 5 2232520
6 11 2166930
6 16 1838850
7 6 2191850
7 21 1830300
7 5 2346150
8 6 1472850
8 10 1490820
8 15 1483110
9 12 1389920
9 10 1363390
10 15 2106450
10 8 1490820
10 11 2184900
10 9 1363390
11 4 2193710
11 6 2166930
11 10 2184900
12 9 1389920
12 14 1810260
12 13 1996620
12 15 2132980
13 12 1996620
13 15 1962380
13 17 2208190
13 16 1712750
14 17 2021830
14 12 1810260
15 10 2106450
15 13 1962380
15 12 2132980
15 8 1483110
16 23 2056840
16 20 1786750
16 6 1838850
16 13 1712750
17 14 2021830
17 13 2208190
17 19 2046030
17 25 2684500
18 22 1598850
18 25 2864850
18 19 2226380
19 17 2046030
19 18 2226380
19 22 874170
20 16 1786750
20 25 2376330
20 23 2244110
21 24 1263100
21 23 1934660
21 7 1830300
22 18 1598850
22 19 874170
23 21 1934660
23 24 1842640
23 16 2056840
23 20 2244110
24 21 1263100
24 23 1842640
25 20 2376330
25 18 2864850
25 17 2684500
