0 4 539660
0 2 117080
1 2 2416600
1 5 3241240
1 3 818520
2 1 2416600
2 0 117080
2 4 3123090
3 4 841380
3 1 818520
3 5 252520
4 0 539660
4 3 841380
4 2 3123090
4 11 4656420
5 1 3241240
5 3 252520
5 7 1364810
5 6 2375370
6 8 1102010
6 7 1587120
6 5 2375370
6 11 467110
6 16 2233290
7 6 1587120
7 21 2929740
7 5 1364810
8 6 1102010
8 10 242060
8 15 1067010
9 12 315130
9 10 279310
10 15 4435610
10 8 242060
10 11 4591640
10 9 279310
11 4 4656420
11 6 467110
11 10 4591640
12 9 315130
12 14 1348340
12 13 327060
12 15 1877490
13 12 327060
13 15 3901500
13 17 3728670
13 16 1270210
14 17 1428850
14 12 1348340
15 10 4435610
15 13 3901500
15 12 1877490
15 8 1067010
16 23 2492490
16 20 1031430
16 6 2233290
16 13 1270210
17 14 1428850
17 13 3728670
17 19 713480
17 25 3694080
18 22 319470
18 25 5354920
18 19 268920
19 17 713480
19 18 268920
19 22 200360
20 16 1031430
20 25 3355980
20 23 2507540
21 24 1887190
21 23 1259530
21 7 2929740
22 18 319470
22 19 200360
23 21 1259530
23 24 1686950
23 16 2492490
23 20 2507540
24 21 1887190
24 23 1686950
25 20 3355980
25 18 5354920
25 17 3694080
