0 4 124520
0 2 50350
1 2 670050
1 5 1042730
1 3 300580
2 1 670050
2 0 50350
2 4 790210
3 4 373710
3 1 300580
3 5 57560
4 0 124520
4 3 373710
4 2 790210
4 11 1395570
5 1 1042730
5 3 57560
5 7 404890
5 6 799420
6 8 602850
6 7 650000
6 5 799420
6 11 153280
6 16 777440
7 6 650000
7 21 928170
7 5 404890
8 6 602850
8 10 46830
8 15 545040
9 12 97490
9 10 58640
10 15 1316460
10 8 46830
10 11 1265710
10 9 58640
11 4 1395570
11 6 153280
11 10 1265710
12 9 97490
12 14 363490
12 13 212440
12 15 905860
13 12 212440
13 15 1067640
13 17 1020680
13 16 437050
14 17 437020
14 12 363490
15 10 1316460
15 13 1067640
15 12 905860
15 8 545040
16 23 650880
16 20 587080
16 6 777440
16 13 437050
17 14 437020
17 13 1020680
17 19 146830
17 25 1108910
18 22 82560
18 25 1885500
18 19 50490
19 17 146830
19 18 50490
19 22 99400
20 16 587080
20 25 1111020
20 23 721150
21 24 339200
21 23 547980
21 7 928170
22 18 82560
22 19 99400
23 21 547980
23 24 410280
23 16 650880
23 20 721150
24 21 339200
24 23 410280
25 20 1111020
25 18 1885500
25 17 1108910
