0 4 129980
0 2 5910
1 2 584380
1 5 1124110
1 3 192690
2 1 584380
2 0 5910
2 4 560220
3 4 227300
3 1 192690
3 5 13160
4 0 129980
4 3 227300
4 2 560220
4 11 930020
5 1 1124110
5 3 13160
5 7 591520
5 6 650720
6 8 182150
6 7 280960
6 5 650720
6 11 98360
6 16 641080
7 6 280960
7 21 673750
7 5 591520
8 6 182150
8 10 46140
8 15 182450
9 12 67150
9 10 31770
10 15 770570
10 8 46140
10 11 797280
10 9 31770
11 4 930020
11 6 98360
11 10 797280
12 9 67150
12 14 296090
12 13 53950
12 15 409600
13 12 53950
13 15 650200
13 17 566170
13 16 229590
14 17 373290
14 12 296090
15 10 770570
15 13 650200
15 12 409600
15 8 182450
16 23 356780
16 20 510310
16 6 641080
16 13 229590
17 14 373290
17 13 566170
17 19 107250
17 25 734450
18 22 35660
18 25 1405690
18 19 45510
19 17 107250
19 18 45510
19 22 51240
20 16 510310
20 25 926030
20 23 477320
21 24 343700
21 23 349490
21 7 673750
22 18 35660
22 19 51240
23 21 349490
23 24 316420
23 16 356780
23 20 477320
24 21 343700
24 23 316420
25 20 926030
25 18 1405690
25 17 734450
