0 4 98650
0 2 40260
1 2 432560
1 5 799750
1 3 57750
2 1 432560
2 0 40260
2 4 769840
3 4 55930
3 1 57750
3 5 65510
4 0 98650
4 3 55930
4 2 769840
4 11 946500
5 1 799750
5 3 65510
5 7 312910
5 6 586580
6 8 98660
6 7 167180
6 5 586580
6 11 42520
6 16 558310
7 6 167180
7 21 522960
7 5 312910
8 6 98660
8 10 86590
8 15 111470
9 12 69740
9 10 62670
10 15 826750
10 8 86590
10 11 863780
10 9 62670
11 4 946500
11 6 42520
11 10 863780
12 9 69740
12 14 251100
12 13 147840
12 15 182610
13 12 147840
13 15 776210
13 17 780540
13 16 336450
14 17 325230
14 12 251100
15 10 826750
15 13 776210
15 12 182610
15 8 111470
16 23 477730
16 20 389310
16 6 558310
16 13 336450
17 14 325230
17 13 780540
17 19 76210
17 25 888610
18 22 75370
18 25 1600440
18 19 85510
19 17 76210
19 18 85510
19 22 37340
20 16 389310
20 25 1195520
20 23 852970
21 24 179920
21 23 332460
21 7 522960
22 18 75370
22 19 37340
23 21 332460
23 24 348890
23 16 477730
23 20 852970
24 21 179920
24 23 348890
25 20 1195520
25 18 1600440
25 17 888610
