0 4 191910
0 2 62770
1 2 2415420
1 5 2864920
1 3 676810
2 1 2415420
2 0 62770
2 4 1543050
3 4 622440
3 1 676810
3 5 110970
4 0 191910
4 3 622440
4 2 1543050
4 11 2643450
5 1 2864920
5 3 110970
5 7 1045890
5 6 2054330
6 8 525970
6 7 741510
6 5 2054330
6 11 308600
6 16 2126030
7 6 741510
7 21 1588260
7 5 1045890
8 6 525970
8 10 119630
8 15 541390
9 12 394100
9 10 56860
10 15 2693340
10 8 119630
10 11 2424630
10 9 56860
11 4 2643450
11 6 308600
11 10 2424630
12 9 394100
12 14 400190
12 13 861280
12 15 1190750
13 12 861280
13 15 2286730
13 17 2076600
13 16 1490980
14 17 489640
14 12 400190
15 10 2693340
15 13 2286730
15 12 1190750
15 8 541390
16 23 2734720
16 20 825760
16 6 2126030
16 13 1490980
17 14 489640
17 13 2076600
17 19 271120
17 25 2043150
18 22 155500
18 25 3101900
18 19 176950
19 17 271120
19 18 176950
19 22 105060
20 16 825760
20 25 2605900
20 23 1958020
21 24 1019530
21 23 955010
21 7 1588260
22 18 155500
22 19 105060
23 21 955010
23 24 1013250
23 16 2734720
23 20 1958020
24 21 1019530
24 23 1013250
25 20 2605900
25 18 3101900
25 17 2043150
