0 4 506890
0 2 81500
1 2 3363100
1 5 5601810
1 3 803120
2 1 3363100
2 0 81500
2 4 4316170
3 4 959200
3 1 803120
3 5 242590
4 0 506890
4 3 959200
4 2 4316170
4 11 5935290
5 1 5601810
5 3 242590
5 7 2480050
5 6 3818670
6 8 955280
6 7 1121480
6 5 3818670
6 11 447260
6 16 3529890
7 6 1121480
7 21 3463400
7 5 2480050
8 6 955280
8 10 262130
8 15 691930
9 12 395790
9 10 165310
10 15 6023600
10 8 262130
10 11 5877350
10 9 165310
11 4 5935290
11 6 447260
11 10 5877350
12 9 395790
12 14 1384340
12 13 1019060
12 15 2218920
13 12 1019060
13 15 4546120
13 17 4351650
13 16 2046610
14 17 1339520
14 12 1384340
15 10 6023600
15 13 4546120
15 12 2218920
15 8 691930
16 23 2651400
16 20 2492170
16 6 3529890
16 13 2046610
17 14 1339520
17 13 4351650
17 19 535940
17 25 4835910
18 22 388220
18 25 7421610
18 19 286600
19 17 535940
19 18 286600
19 22 250010
20 16 2492170
20 25 5568180
20 23 3345760
21 24 1691640
21 23 2014180
21 7 3463400
22 18 388220
22 19 250010
23 21 2014180
23 24 1981080
23 16 2651400
23 20 3345760
24 21 1691640
24 23 1981080
25 20 5568180
25 18 7421610
25 17 4835910
