0 4 210650
0 2 22410
1 2 935070
1 5 1134160
1 3 134940
2 1 935070
2 0 22410
2 4 654650
3 4 208430
3 1 134940
3 5 120900
4 0 210650
4 3 208430
4 2 654650
4 11 1056870
5 1 1134160
5 3 120900
5 7 711880
5 6 601430
6 8 473190
6 7 562720
6 5 601430
6 11 152100
6 16 566260
7 6 562720
7 21 750410
7 5 711880
8 6 473190
8 10 102340
8 15 387480
9 12 83450
9 10 63720
10 15 816490
10 8 102340
10 11 903150
10 9 63720
11 4 1056870
11 6 152100
11 10 903150
12 9 83450
12 14 287140
12 13 243600
12 15 486310
13 12 243600
13 15 752070
13 17 760920
13 16 447990
14 17 301260
14 12 287140
15 10 816490
15 13 752070
15 12 486310
15 8 387480
16 23 693810
16 20 269540
16 6 566260
16 13 447990
17 14 301260
17 13 760920
17 19 121960
17 25 817790
18 22 81720
18 25 1337580
18 19 119980
19 17 121960
19 18 119980
19 22 78430
20 16 269540
20 25 1163700
20 23 930060
21 24 477450
21 23 270390
21 7 750410
22 18 81720
22 19 78430
23 21 270390
23 24 566530
23 16 693810
23 20 930060
24 21 477450
24 23 566530
25 20 1163700
25 18 1337580
25 17 817790
