0 4 63210
0 2 15930
1 2 519360
1 5 645580
1 3 103940
2 1 519360
2 0 15930
2 4 866010
3 4 176300
3 1 103940
3 5 36900
4 0 63210
4 3 176300
4 2 866010
4 11 1236120
5 1 645580
5 3 36900
5 7 301760
5 6 461730
6 8 100890
6 7 193430
6 5 461730
6 11 104360
6 16 440590
7 6 193430
7 21 689740
7 5 301760
8 6 100890
8 10 104430
8 15 131310
9 12 54450
9 10 52720
10 15 1183140
10 8 104430
10 11 1157530
10 9 52720
11 4 1236120
11 6 104360
11 10 1157530
12 9 54450
12 14 324440
12 13 63740
12 15 243780
13 12 63740
13 15 1079740
13 17 992360
13 16 233940
14 17 338620
14 12 324440
15 10 1183140
15 13 1079740
15 12 243780
15 8 131310
16 23 408700
16 20 247520
16 6 440590
16 13 233940
17 14 338620
17 13 992360
17 19 114730
17 25 1131140
18 22 34370
18 25 1431790
18 19 70480
19 17 114730
19 18 70480
19 22 65670
20 16 247520
20 25 903400
20 23 745800
21 24 271180
21 23 447420
21 7 689740
22 18 34370
22 19 65670
23 21 447420
23 24 256600
23 16 408700
23 20 745800
24 21 271180
24 23 256600
25 20 903400
25 18 1431790
25 17 1131140
