0 4 155000
0 2 60340
1 2 634140
1 5 1095690
1 3 564580
2 1 634140
2 0 60340
2 4 754720
3 4 604360
3 1 564580
3 5 167980
4 0 155000
4 3 604360
4 2 754720
4 11 1652100
5 1 1095690
5 3 167980
5 7 483930
5 6 805580
6 8 121040
6 7 184380
6 5 805580
6 11 96960
6 16 772420
7 6 184380
7 21 854430
7 5 483930
8 6 121040
8 10 103590
8 15 105760
9 12 33040
9 10 8800
10 15 1522520
10 8 103590
10 11 1567240
10 9 8800
11 4 1652100
11 6 96960
11 10 1567240
12 9 33040
12 14 365940
12 13 99000
12 15 809090
13 12 99000
13 15 863330
13 17 797920
13 16 386430
14 17 384890
14 12 365940
15 10 1522520
15 13 863330
15 12 809090
15 8 105760
16 23 574600
16 20 592460
16 6 772420
16 13 386430
17 14 384890
17 13 797920
17 19 98300
17 25 907710
18 22 126860
18 25 1446750
18 19 111010
19 17 98300
19 18 111010
19 22 47050
20 16 592460
20 25 1108210
20 23 619140
21 24 404660
21 23 372790
21 7 854430
22 18 126860
22 19 47050
23 21 372790
23 24 559280
23 16 574600
23 20 619140
24 21 404660
24 23 559280
25 20 1108210
25 18 1446750
25 17 907710
