0 4 598490
0 2 157410
1 2 2595610
1 5 4598970
1 3 538010
2 1 2595610
2 0 157410
2 4 2958750
3 4 610580
3 1 538010
3 5 254910
4 0 598490
4 3 610580
4 2 2958750
4 11 4561480
5 1 4598970
5 3 254910
5 7 2670200
5 6 2481520
6 8 732070
6 7 991180
6 5 2481520
6 11 483110
6 16 2331660
7 6 991180
7 21 2921640
7 5 2670200
8 6 732070
8 10 373050
8 15 579800
9 12 290610
9 10 347920
10 15 4514080
10 8 373050
10 11 4584040
10 9 347920
11 4 4561480
11 6 483110
11 10 4584040
12 9 290610
12 14 1283660
12 13 1181910
12 15 1243160
13 12 1181910
13 15 4011800
13 17 3811080
13 16 2321100
14 17 1367600
14 12 1283660
15 10 4514080
15 13 4011800
15 12 1243160
15 8 579800
16 23 2928690
16 20 1696040
16 6 2331660
16 13 2321100
17 14 1367600
17 13 3811080
17 19 468180
17 25 3982480
18 22 634170
18 25 7162370
18 19 378030
19 17 468180
19 18 378030
19 22 176220
20 16 1696040
20 25 4202420
20 23 2689360
21 24 1467810
21 23 1769990
21 7 2921640
22 18 634170
22 19 176220
23 21 1769990
23 24 2211880
23 16 2928690
23 20 2689360
24 21 1467810
24 23 2211880
25 20 4202420
25 18 7162370
25 17 3982480
