0 4 344120
0 2 57610
1 2 1019150
1 5 1775150
1 3 181790
2 1 1019150
2 0 57610
2 4 1217200
3 4 210980
3 1 181790
3 5 95930
4 0 344120
4 3 210980
4 2 1217200
4 11 1831000
5 1 1775150
5 3 95930
5 7 627170
5 6 1362530
6 8 267290
6 7 639880
6 5 1362530
6 11 383930
6 16 1308510
7 6 639880
7 21 1219020
7 5 627170
8 6 267290
8 10 23300
8 15 318650
9 12 210910
9 10 121090
10 15 1544400
10 8 23300
10 11 1544180
10 9 121090
11 4 1831000
11 6 383930
11 10 1544180
12 9 210910
12 14 462910
12 13 190710
12 15 705780
13 12 190710
13 15 1256510
13 17 1359000
13 16 578040
14 17 425710
14 12 462910
15 10 1544400
15 13 1256510
15 12 705780
15 8 318650
16 23 1330040
16 20 696970
16 6 1308510
16 13 578040
17 14 425710
17 13 1359000
17 19 112970
17 25 1277150
18 22 103730
18 25 2468600
18 19 100250
19 17 112970
19 18 100250
19 22 78160
20 16 696970
20 25 1813850
20 23 1195470
21 24 682390
21 23 616390
21 7 1219020
22 18 103730
22 19 78160
23 21 616390
23 24 988860
23 16 1330040
23 20 1195470
24 21 682390
24 23 988860
25 20 1813850
25 18 2468600
25 17 1277150
