0 4 513260
0 2 173080
1 2 2566270
1 5 3068590
1 3 681620
2 1 2566270
2 0 173080
2 4 3270480
3 4 694880
3 1 681620
3 5 212320
4 0 513260
4 3 694880
4 2 3270480
4 11 4685080
5 1 3068590
5 3 212320
5 7 1435110
5 6 2124940
6 8 1020050
6 7 1563550
6 5 2124940
6 11 523610
6 16 1964170
7 6 1563550
7 21 2878830
7 5 1435110
8 6 1020050
8 10 262460
8 15 996140
9 12 355560
9 10 236710
10 15 4472870
10 8 262460
10 11 4494900
10 9 236710
11 4 4685080
11 6 523610
11 10 4494900
12 9 355560
12 14 1244640
12 13 408860
12 15 1690040
13 12 408860
13 15 3917540
13 17 3831450
13 16 1391090
14 17 1257360
14 12 1244640
15 10 4472870
15 13 3917540
15 12 1690040
15 8 996140
16 23 2318050
16 20 1031530
16 6 1964170
16 13 1391090
17 14 1257360
17 13 3831450
17 19 686710
17 25 3706140
18 22 332000
18 25 5398950
18 19 252670
19 17 686710
19 18 252670
19 22 186050
20 16 1031530
20 25 3415000
20 23 2515400
21 24 2015920
21 23 1097770
21 7 2878830
22 18 332000
22 19 186050
23 21 1097770
23 24 1738070
23 16 2318050
23 20 2515400
24 21 2015920
24 23 1738070
25 20 3415000
25 18 5398950
25 17 3706140
