0 4 123280
0 2 115280
1 2 1169600
1 5 1510660
1 3 481360
2 1 1169600
2 0 115280
2 4 1433250
3 4 442950
3 1 481360
3 5 134550
4 0 123280
4 3 442950
4 2 1433250
4 11 2197850
5 1 1510660
5 3 134550
5 7 651750
5 6 1143900
6 8 319990
6 7 510090
6 5 1143900
6 11 108650
6 16 1063910
7 6 510090
7 21 1407810
7 5 651750
8 6 319990
8 10 44210
8 15 376830
9 12 112550
9 10 115890
10 15 2167100
10 8 44210
10 11 2147120
10 9 115890
11 4 2197850
11 6 108650
11 10 2147120
12 9 112550
12 14 353200
12 13 206130
12 15 1006700
13 12 206130
13 15 1734890
13 17 1787840
13 16 985420
14 17 476040
14 12 353200
15 10 2167100
15 13 1734890
15 12 1006700
15 8 376830
16 23 1357320
16 20 636490
16 6 1063910
16 13 985420
17 14 476040
17 13 1787840
17 19 134820
17 25 1620410
18 22 52370
18 25 2611550
18 19 103760
19 17 134820
19 18 103760
19 22 100620
20 16 636490
20 25 1672910
20 23 1103820
21 24 691410
21 23 810110
21 7 1407810
22 18 52370
22 19 100620
23 21 810110
23 24 942740
23 16 1357320
23 20 1103820
24 21 691410
24 23 942740
25 20 1672910
25 18 2611550
25 17 1620410
