0 4 96540
0 2 30950
1 2 776760
1 5 1139640
1 3 230720
2 1 776760
2 0 30950
2 4 544040
3 4 316410
3 1 230720
3 5 54400
4 0 96540
4 3 316410
4 2 544040
4 11 1014840
5 1 1139640
5 3 54400
5 7 537260
5 6 710410
6 8 494160
6 7 543310
6 5 710410
6 11 135800
6 16 654220
7 6 543310
7 21 763060
7 5 537260
8 6 494160
8 10 45110
8 15 469600
9 12 79770
9 10 56570
10 15 1008370
10 8 45110
10 11 943470
10 9 56570
11 4 1014840
11 6 135800
11 10 943470
12 9 79770
12 14 372400
12 13 199330
12 15 653110
13 12 199330
13 15 899840
13 17 882120
13 16 376940
14 17 439900
14 12 372400
15 10 1008370
15 13 899840
15 12 653110
15 8 469600
16 23 591400
16 20 415360
16 6 654220
16 13 376940
17 14 439900
17 13 882120
17 19 120380
17 25 1029840
18 22 87960
18 25 1710880
18 19 58250
19 17 120380
19 18 58250
19 22 88550
20 16 415360
20 25 1110910
20 23 829120
21 24 280040
21 23 469710
21 7 763060
22 18 87960
22 19 88550
23 21 469710
23 24 381450
23 16 591400
23 20 829120
24 21 280040
24 23 381450
25 20 1110910
25 18 1710880
25 17 1029840
