0 4 85410
0 2 21400
1 2 589800
1 5 1023000
1 3 94620
2 1 589800
2 0 21400
2 4 670260
3 4 194340
3 1 94620
3 5 80300
4 0 85410
4 3 194340
4 2 670260
4 11 921640
5 1 1023000
5 3 80300
5 7 273120
5 6 823590
6 8 165020
6 7 183480
6 5 823590
6 11 102200
6 16 730700
7 6 183480
7 21 645620
7 5 273120
8 6 165020
8 10 77570
8 15 162970
9 12 63750
9 10 48470
10 15 903430
10 8 77570
10 11 846200
10 9 48470
11 4 921640
11 6 102200
11 10 846200
12 9 63750
12 14 469360
12 13 174690
12 15 412270
13 12 174690
13 15 681610
13 17 582200
13 16 347020
14 17 452820
14 12 469360
15 10 903430
15 13 681610
15 12 412270
15 8 162970
16 23 698640
16 20 443230
16 6 730700
16 13 347020
17 14 452820
17 13 582200
17 19 78200
17 25 784350
18 22 80280
18 25 1344300
18 19 90630
19 17 78200
19 18 90630
19 22 90120
20 16 443230
20 25 1119070
20 23 693660
21 24 279660
21 23 415930
21 7 645620
22 18 80280
22 19 90120
23 21 415930
23 24 352250
23 16 698640
23 20 693660
24 21 279660
24 23 352250
25 20 1119070
25 18 1344300
25 17 784350
