0 4 238230
0 2 25640
1 2 964770
1 5 1337240
1 3 117590
2 1 964770
2 0 25640
2 4 824490
3 4 198380
3 1 117590
3 5 126920
4 0 238230
4 3 198380
4 2 824490
4 11 1239890
5 1 1337240
5 3 126920
5 7 724700
5 6 842950
6 8 603250
6 7 703390
6 5 842950
6 11 159200
6 16 811740
7 6 703390
7 21 914030
7 5 724700
8 6 603250
8 10 114410
8 15 486240
9 12 40890
9 10 76430
10 15 971100
10 8 114410
10 11 1047300
10 9 76430
11 4 1239890
11 6 159200
11 10 1047300
12 9 40890
12 14 368090
12 13 303530
12 15 635780
13 12 303530
13 15 893200
13 17 873560
13 16 600060
14 17 401760
14 12 368090
15 10 971100
15 13 893200
15 12 635780
15 8 486240
16 23 985410
16 20 401250
16 6 811740
16 13 600060
17 14 401760
17 13 873560
17 19 124910
17 25 956540
18 22 46080
18 25 1627220
18 19 158640
19 17 124910
19 18 158640
19 22 65180
20 16 401250
20 25 1470800
20 23 1118220
21 24 536510
21 23 389660
21 7 914030
22 18 46080
22 19 65180
23 21 389660
23 24 645420
23 16 985410
23 20 1118220
24 21 536510
24 23 645420
25 20 1470800
25 18 1627220
25 17 956540
