0 4 145520
0 2 58250
1 2 412200
1 5 797530
1 3 316850
2 1 412200
2 0 58250
2 4 1237900
3 4 306840
3 1 316850
3 5 34310
4 0 145520
4 3 306840
4 2 1237900
4 11 1741860
5 1 797530
5 3 34310
5 7 450640
5 6 499130
6 8 68360
6 7 200900
6 5 499130
6 11 134590
6 16 415540
7 6 200900
7 21 591060
7 5 450640
8 6 68360
8 10 88630
8 15 54440
9 12 105380
9 10 97790
10 15 1520700
10 8 88630
10 11 1553330
10 9 97790
11 4 1741860
11 6 134590
11 10 1553330
12 9 105380
12 14 261820
12 13 102880
12 15 497500
13 12 102880
13 15 985920
13 17 1055670
13 16 229850
14 17 256460
14 12 261820
15 10 1520700
15 13 985920
15 12 497500
15 8 54440
16 23 271530
16 20 318130
16 6 415540
16 13 229850
17 14 256460
17 13 1055670
17 19 262210
17 25 937910
18 22 85470
18 25 1082500
18 19 92370
19 17 262210
19 18 92370
19 22 158910
20 16 318130
20 25 715420
20 23 411220
21 24 397570
21 23 207110
21 7 591060
22 18 85470
22 19 158910
23 21 207110
23 24 386230
23 16 271530
23 20 411220
24 21 397570
24 23 386230
25 20 715420
25 18 1082500
25 17 937910
