0 4 186670
0 2 9360
1 2 758860
1 5 1020230
1 3 335730
2 1 758860
2 0 9360
2 4 1079100
3 4 368240
3 1 335730
3 5 97890
4 0 186670
4 3 368240
4 2 1079100
4 11 1803640
5 1 1020230
5 3 97890
5 7 674760
5 6 434030
6 8 393550
6 7 506260
6 5 434030
6 11 110970
6 16 445260
7 6 506260
7 21 624580
7 5 674760
8 6 393550
8 10 48850
8 15 396890
9 12 135160
9 10 81230
10 15 1716670
10 8 48850
10 11 1706900
10 9 81230
11 4 1803640
11 6 110970
11 10 1706900
12 9 135160
12 14 381660
12 13 111340
12 15 768980
13 12 111340
13 15 1328540
13 17 1406830
13 16 319260
14 17 429970
14 12 381660
15 10 1716670
15 13 1328540
15 12 768980
15 8 396890
16 23 475790
16 20 345100
16 6 445260
16 13 319260
17 14 429970
17 13 1406830
17 19 228580
17 25 1338010
18 22 137850
18 25 1583030
18 19 156800
19 17 228580
19 18 156800
19 22 83270
20 16 345100
20 25 1131610
20 23 914500
21 24 417430
21 23 245610
21 7 624580
22 18 137850
22 19 83270
23 21 245610
23 24 792720
23 16 475790
23 20 914500
24 21 417430
24 23 792720
25 20 1131610
25 18 1583030
25 17 1338010
