0 4 966680
0 2 996960
1 2 2061700
1 5 2085840
1 3 1911970
2 1 2061700
2 0 996960
2 4 1871820
3 4 1722090
3 1 1911970
3 5 1776510
4 0 966680
4 3 1722090
4 2 1871820
4 11 1931580
5 1 2085840
5 3 1776510
5 7 2206460
5 6 2113790
6 8 1778580
6 7 2369870
6 5 2113790
6 11 2149410
6 16 1791750
7 6 2369870
7 21 2017550
7 5 2206460
8 6 1778580
8 10 1592640
8 15 1901940
9 12 1454550
9 10 1395790
10 15 2214620
10 8 1592640
10 11 1963470
10 9 1395790
11 4 1931580
11 6 2149410
11 10 1963470
12 9 1454550
12 14 1593580
12 13 1911540
12 15 2273380
13 12 1911540
13 15 2162080
13 17 2140300
13 16 1553270
14 17 1822340
14 12 1593580
15 10 2214620
15 13 2162080
15 12 2273380
15 8 1901940
16 23 1618000
16 20 1551190
16 6 1791750
16 13 1553270
17 14 1822340
17 13 2140300
17 19 2047380
17 25 2416110
18 22 1691960
18 25 2727720
18 19 2358990
19 17 2047380
19 18 2358990
19 22 947370
20 16 1551190
20 25 2073970
20 23 1862890
21 24 1562080
21 23 1751130
21 7 2017550
22 18 1691960
22 19 947370
23 21 1751130
23 24 1740650
23 16 1618000
23 20 1862890
24 21 1562080
24 23 1740650
25 20 2073970
25 18 2727720
25 17 2416110
