0 4 2340270
0 2 2200130
1 2 4820970
1 5 4889250
1 3 4597640
2 1 4820970
2 0 2200130
2 4 4254280
3 4 4030950
3 1 4597640
3 5 3959090
4 0 2340270
4 3 4030950
4 2 4254280
4 11 4437670
5 1 4889250
5 3 3959090
5 7 5170770
5 6 4868160
6 8 3701270
6 7 5788230
6 5 4868160
6 11 4983270
6 16 4646070
7 6 5788230
7 21 4819780
7 5 5170770
8 6 3701270
8 10 2957250
8 15 3166090
9 12 2587820
9 10 2792480
10 15 4206420
10 8 2957250
10 11 4239250
10 9 2792480
11 4 4437670
11 6 4983270
11 10 4239250
12 9 2587820
12 14 2895150
12 13 3688040
12 15 4001760
13 12 3688040
13 15 4101540
13 17 4038420
13 16 3797170
14 17 3245530
14 12 2895150
15 10 4206420
15 13 4101540
15 12 4001760
15 8 3166090
16 23 4858200
16 20 4374590
16 6 4646070
16 13 3797170
17 14 3245530
17 13 4038420
17 19 3977130
17 25 4685590
18 22 2689500
18 25 5020250
18 19 4311790
19 17 3977130
19 18 4311790
19 22 2042950
20 16 4374590
20 25 5012410
20 23 5426270
21 24 3439410
21 23 4729300
21 7 4819780
22 18 2689500
22 19 2042950
23 21 4729300
23 24 4619990
23 16 4858200
23 20 5426270
24 21 3439410
24 23 4619990
25 20 5012410
25 18 5020250
25 17 4685590
