0 4 1157590
0 2 1528640
1 2 2493530
1 5 2151490
1 3 1926290
2 1 2493530
2 0 1528640
2 4 2354830
3 4 1787590
3 1 1926290
3 5 1816600
4 0 1157590
4 3 1787590
4 2 2354830
4 11 1980100
5 1 2151490
5 3 1816600
5 7 1948500
5 6 1815940
6 8 1159290
6 7 1722640
6 5 1815940
6 11 1783250
6 16 1754060
7 6 1722640
7 21 1892790
7 5 1948500
8 6 1159290
8 10 1463770
8 15 1381560
9 12 1406730
9 10 1397130
10 15 2116830
10 8 1463770
10 11 2087730
10 9 1397130
11 4 1980100
11 6 1783250
11 10 2087730
12 9 1406730
12 14 1626520
12 13 2082270
12 15 2126430
13 12 2082270
13 15 1990460
13 17 2007310
13 16 1932170
14 17 1551560
14 12 1626520
15 10 2116830
15 13 1990460
15 12 2126430
15 8 1381560
16 23 2429960
16 20 2046600
16 6 1754060
16 13 1932170
17 14 1551560
17 13 2007310
17 19 1669870
17 25 2287440
18 22 1384240
18 25 2504020
18 19 1886450
19 17 1669870
19 18 1886450
19 22 769210
20 16 2046600
20 25 2340860
20 23 2558520
21 24 1631990
21 23 2436130
21 7 1892790
22 18 1384240
22 19 769210
23 21 2436130
23 24 2137740
23 16 2429960
23 20 2558520
24 21 1631990
24 23 2137740
25 20 2340860
25 18 2504020
25 17 2287440
