0 4 1118570
0 2 1187460
1 2 1896610
1 5 1829570
1 3 1518830
2 1 1896610
2 0 1187460
2 4 2015730
3 4 1637950
3 1 1518830
3 5 1639800
4 0 1118570
4 3 1637950
4 2 2015730
4 11 2143500
5 1 1829570
5 3 1639800
5 7 2106320
5 6 2024890
6 8 1692520
6 7 2180670
6 5 2024890
6 11 2219700
6 16 1967170
7 6 2180670
7 21 1994080
7 5 2106320
8 6 1692520
8 10 1886680
8 15 1781050
9 12 1251070
9 10 1547680
10 15 2381930
10 8 1886680
10 11 2413860
10 9 1547680
11 4 2143500
11 6 2219700
11 10 2413860
12 9 1251070
12 14 1414760
12 13 1975840
12 15 2085320
13 12 1975840
13 15 2166820
13 17 2171800
13 16 1946220
14 17 1610720
14 12 1414760
15 10 2381930
15 13 2166820
15 12 2085320
15 8 1781050
16 23 2336370
16 20 1795800
16 6 1967170
16 13 1946220
17 14 1610720
17 13 2171800
17 19 1811130
17 25 2259150
18 22 1491150
18 25 2386600
18 19 1938580
19 17 1811130
19 18 1938580
19 22 888570
20 16 1795800
20 25 1994270
20 23 2297070
21 24 1620690
21 23 2281850
21 7 1994080
22 18 1491150
22 19 888570
23 21 2281850
23 24 2176480
23 16 2336370
23 20 2297070
24 21 1620690
24 23 2176480
25 20 1994270
25 18 2386600
25 17 2259150
