0 4 1514160
0 2 1716030
1 2 3033990
1 5 2733570
1 3 2484550
2 1 3033990
2 0 1716030
2 4 2980330
3 4 2430890
3 1 2484550
3 5 2332340
4 0 1514160
4 3 2430890
4 2 2980330
4 11 2812560
5 1 2733570
5 3 2332340
5 7 2880020
5 6 2660840
6 8 2185430
6 7 2959500
6 5 2660840
6 11 2793490
6 16 2816910
7 6 2959500
7 21 2702890
7 5 2880020
8 6 2185430
8 10 2140140
8 15 2262650
9 12 1866650
9 10 1875650
10 15 2772250
10 8 2140140
10 11 2748200
10 9 1875650
11 4 2812560
11 6 2793490
11 10 2748200
12 9 1866650
12 14 2318230
12 13 2756120
12 15 2763250
13 12 2756120
13 15 2887630
13 17 3003710
13 16 2887000
14 17 2565820
14 12 2318230
15 10 2772250
15 13 2887630
15 12 2763250
15 8 2262650
16 23 3317810
16 20 2748590
16 6 2816910
16 13 2887000
17 14 2565820
17 13 3003710
17 19 2922270
17 25 3179950
18 22 2043960
18 25 3505710
18 19 3248030
19 17 2922270
19 18 3248030
19 22 1513550
20 16 2748590
20 25 2918330
20 23 3172900
21 24 2273380
21 23 2984610
21 7 2702890
22 18 2043960
22 19 1513550
23 21 2984610
23 24 3030890
23 16 3317810
23 20 3172900
24 21 2273380
24 23 3030890
25 20 2918330
25 18 3505710
25 17 3179950
