0 4 1964360
0 2 2657060
1 2 4531580
1 5 3872580
1 3 3380780
2 1 4531580
2 0 2657060
2 4 4382040
3 4 3231240
3 1 3380780
3 5 3264940
4 0 1964360
4 3 3231240
4 2 4382040
4 11 3760880
5 1 3872580
5 3 3264940
5 7 3558240
5 6 3655880
6 8 2710370
6 7 3457380
6 5 3655880
6 11 3693720
6 16 3573810
7 6 3457380
7 21 3094540
7 5 3558240
8 6 2710370
8 10 2655710
8 15 2548660
9 12 2200450
9 10 2040500
10 15 3338650
10 8 2655710
10 11 3639060
10 9 2040500
11 4 3760880
11 6 3693720
11 10 3639060
12 9 2200450
12 14 3508500
12 13 3835810
12 15 3498600
13 12 3835810
13 15 3568810
13 17 4418830
13 16 3749310
14 17 4091520
14 12 3508500
15 10 3338650
15 13 3568810
15 12 3498600
15 8 2548660
16 23 4116480
16 20 3356480
16 6 3573810
16 13 3749310
17 14 4091520
17 13 4418830
17 19 3829920
17 25 5603350
18 22 3370720
18 25 6281430
18 19 4508000
19 17 3829920
19 18 4508000
19 22 1590920
20 16 3356480
20 25 4697710
20 23 3880360
21 24 2431260
21 23 3734850
21 7 3094540
22 18 3370720
22 19 1590920
23 21 3734850
23 24 3336770
23 16 4116480
23 20 3880360
24 21 2431260
24 23 3336770
25 20 4697710
25 18 6281430
25 17 5603350
