0 4 2156240
0 2 2542200
1 2 4124030
1 5 3624590
1 3 3351830
2 1 4124030
2 0 2542200
2 4 3830540
3 4 3058340
3 1 3351830
3 5 2944860
4 0 2156240
4 3 3058340
4 2 3830540
4 11 3548800
5 1 3624590
5 3 2944860
5 7 3829170
5 6 3292670
6 8 2360880
6 7 3904220
6 5 3292670
6 11 3510370
6 16 2874300
7 6 3904220
7 21 3908930
7 5 3829170
8 6 2360880
8 10 2097910
8 15 2145540
9 12 2009060
9 10 2188690
10 15 2889410
10 8 2097910
10 11 3247400
10 9 2188690
11 4 3548800
11 6 3510370
11 10 3247400
12 9 2009060
12 14 2268110
12 13 2540060
12 15 2709780
13 12 2540060
13 15 2767320
13 17 2878530
13 16 2489240
14 17 2606580
14 12 2268110
15 10 2889410
15 13 2767320
15 12 2709780
15 8 2145540
16 23 3411000
16 20 2576180
16 6 2874300
16 13 2489240
17 14 2606580
17 13 2878530
17 19 2936500
17 25 3436490
18 22 2742270
18 25 4197440
18 19 3697450
19 17 2936500
19 18 3697450
19 22 1758360
20 16 2576180
20 25 3242500
20 23 3606300
21 24 3112750
21 23 3909130
21 7 3908930
22 18 2742270
22 19 1758360
23 21 3909130
23 24 3644740
23 16 3411000
23 20 3606300
24 21 3112750
24 23 3644740
25 20 3242500
25 18 4197440
25 17 3436490
