0 4 3123300
0 2 3717970
1 2 6232450
1 5 5662420
1 3 4876680
2 1 6232450
2 0 3717970
2 4 6263330
3 4 4907560
3 1 4876680
3 5 4932200
4 0 3123300
4 3 4907560
4 2 6263330
4 11 5716340
5 1 5662420
5 3 4932200
5 7 5566030
5 6 5257930
6 8 3222510
6 7 5106020
6 5 5257930
6 11 5280970
6 16 4150500
7 6 5106020
7 21 4318720
7 5 5566030
8 6 3222510
8 10 3384030
8 15 3566260
9 12 3486170
9 10 3375820
10 15 5303190
10 8 3384030
10 11 5442490
10 9 3375820
11 4 5716340
11 6 5280970
11 10 5442490
12 9 3486170
12 14 4065970
12 13 4479970
12 15 5413540
13 12 4479970
13 15 4551850
13 17 3973560
13 16 3560680
14 17 3559560
14 12 4065970
15 10 5303190
15 13 4551850
15 12 5413540
15 8 3566260
16 23 5069070
16 20 3788610
16 6 4150500
16 13 3560680
17 14 3559560
17 13 3973560
17 19 3511310
17 25 4529470
18 22 2590720
18 25 4672170
18 19 3654010
19 17 3511310
19 18 3654010
19 22 1630490
20 16 3788610
20 25 4402120
20 23 5354600
21 24 2745390
21 23 4929190
21 7 4318720
22 18 2590720
22 19 1630490
23 21 4929190
23 24 4451260
23 16 5069070
23 20 5354600
24 21 2745390
24 23 4451260
25 20 4402120
25 18 4672170
25 17 4529470
