0 4 2042120
0 2 2857570
1 2 4424040
1 5 3538890
1 3 3143330
2 1 4424040
2 0 2857570
2 4 4378210
3 4 3097500
3 1 3143330
3 5 3027800
4 0 2042120
4 3 3097500
4 2 4378210
4 11 3743820
5 1 3538890
5 3 3027800
5 7 3495250
5 6 3451010
6 8 2515030
6 7 3522900
6 5 3451010
6 11 3701770
6 16 3451120
7 6 3522900
7 21 3088110
7 5 3495250
8 6 2515030
8 10 2549140
8 15 2513360
9 12 2180190
9 10 2442270
10 15 3511100
10 8 2549140
10 11 3735880
10 9 2442270
11 4 3743820
11 6 3701770
11 10 3735880
12 9 2180190
12 14 2549850
12 13 2896270
12 15 3249020
13 12 2896270
13 15 3122570
13 17 2907520
13 16 3096700
14 17 2561100
14 12 2549850
15 10 3511100
15 13 3122570
15 12 3249020
15 8 2513360
16 23 3846550
16 20 2797200
16 6 3451120
16 13 3096700
17 14 2561100
17 13 2907520
17 19 2785480
17 25 3257100
18 22 2620140
18 25 3939150
18 19 3467530
19 17 2785480
19 18 3467530
19 22 1678350
20 16 2797200
20 25 2819900
20 23 3220170
21 24 2367850
21 23 3439300
21 7 3088110
22 18 2620140
22 19 1678350
23 21 3439300
23 24 3198070
23 16 3846550
23 20 3220170
24 21 2367850
24 23 3198070
25 20 2819900
25 18 3939150
25 17 3257100
