0 4 2000060
0 2 1682640
1 2 3341770
1 5 3413160
1 3 2982400
2 1 3341770
2 0 1682640
2 4 3320460
3 4 2961090
3 1 2982400
3 5 2715060
4 0 2000060
4 3 2961090
4 2 3320460
4 11 3669470
5 1 3413160
5 3 2715060
5 7 3212300
5 6 3140280
6 8 2363640
6 7 3206760
6 5 3140280
6 11 3417900
6 16 2209980
7 6 3206760
7 21 2502190
7 5 3212300
8 6 2363640
8 10 2415110
8 15 2466670
9 12 1821740
9 10 2144770
10 15 3289240
10 8 2415110
10 11 3469370
10 9 2144770
11 4 3669470
11 6 3417900
11 10 3469370
12 9 1821740
12 14 2074010
12 13 2551560
12 15 2966210
13 12 2551560
13 15 2926150
13 17 2808490
13 16 1898360
14 17 2330940
14 12 2074010
15 10 3289240
15 13 2926150
15 12 2966210
15 8 2466670
16 23 2165170
16 20 1745150
16 6 2209980
16 13 1898360
17 14 2330940
17 13 2808490
17 19 2563290
17 25 2991180
18 22 1620760
18 25 2870420
18 19 2442530
19 17 2563290
19 18 2442530
19 22 1199330
20 16 1745150
20 25 2540980
20 23 2625100
21 24 1530810
21 23 2385360
21 7 2502190
22 18 1620760
22 19 1199330
23 21 2385360
23 24 2190570
23 16 2165170
23 20 2625100
24 21 1530810
24 23 2190570
25 20 2540980
25 18 2870420
25 17 2991180
