0 4 1850930
0 2 1856580
1 2 3206080
1 5 3111300
1 3 2664110
2 1 3206080
2 0 1856580
2 4 3208790
3 4 2666820
3 1 2664110
3 5 2577690
4 0 1850930
4 3 2666820
4 2 3208790
4 11 3258570
5 1 3111300
5 3 2577690
5 7 2722910
5 6 2992520
6 8 2187350
6 7 2690550
6 5 2992520
6 11 3137080
6 16 2629460
7 6 2690550
7 21 2285590
7 5 2722910
8 6 2187350
8 10 2182450
8 15 2272950
9 12 1718520
9 10 1963680
10 15 3040860
10 8 2182450
10 11 3132180
10 9 1963680
11 4 3258570
11 6 3137080
11 10 3132180
12 9 1718520
12 14 2080020
12 13 2530540
12 15 2795700
13 12 2530540
13 15 2866200
13 17 2884730
13 16 2449900
14 17 2434210
14 12 2080020
15 10 3040860
15 13 2866200
15 12 2795700
15 8 2272950
16 23 2579180
16 20 3033180
16 6 2629460
16 13 2449900
17 14 2434210
17 13 2884730
17 19 2649860
17 25 3863460
18 22 2226610
18 25 4409480
18 19 3195880
19 17 2649860
19 18 3195880
19 22 1162030
20 16 3033180
20 25 4163050
20 23 3313600
21 24 1837160
21 23 2504920
21 7 2285590
22 18 2226610
22 19 1162030
23 21 2504920
23 24 2191840
23 16 2579180
23 20 3313600
24 21 1837160
24 23 2191840
25 20 4163050
25 18 4409480
25 17 3863460
