0 4 869660
0 2 1264340
1 2 2020700
1 5 1677300
1 3 1570660
2 1 2020700
2 0 1264340
2 4 1796500
3 4 1346460
3 1 1570660
3 5 1397740
4 0 869660
4 3 1346460
4 2 1796500
4 11 1452820
5 1 1677300
5 3 1397740
5 7 1553620
5 6 1626390
6 8 1199220
6 7 1675630
6 5 1626390
6 11 1626110
6 16 1753510
7 6 1675630
7 21 1427690
7 5 1553620
8 6 1199220
8 10 1068520
8 15 1100140
9 12 1054420
9 10 990010
10 15 1518620
10 8 1068520
10 11 1495410
10 9 990010
11 4 1452820
11 6 1626110
11 10 1495410
12 9 1054420
12 14 1422190
12 13 1500070
12 15 1583030
13 12 1500070
13 15 1467280
13 17 1511430
13 16 1571470
14 17 1433550
14 12 1422190
15 10 1518620
15 13 1467280
15 12 1583030
15 8 1100140
16 23 1820800
16 20 1473530
16 6 1753510
16 13 1571470
17 14 1433550
17 13 1511430
17 19 1267240
17 25 1703930
18 22 900380
18 25 1649160
18 19 1212470
19 17 1267240
19 18 1212470
19 22 583850
20 16 1473530
20 25 1478880
20 23 1535710
21 24 1088600
21 23 1567750
21 7 1427690
22 18 900380
22 19 583850
23 21 1567750
23 24 1403830
23 16 1820800
23 20 1535710
24 21 1088600
24 23 1403830
25 20 1478880
25 18 1649160
25 17 1703930
