0 4 2128990
0 2 1992520
1 2 4178350
1 5 4167670
1 3 3890330
2 1 4178350
2 0 1992520
2 4 3841450
3 4 3553430
3 1 3890330
3 5 3406280
4 0 2128990
4 3 3553430
4 2 3841450
4 11 4146960
5 1 4167670
5 3 3406280
5 7 3679300
5 6 3983400
6 8 3084410
6 7 3979080
6 5 3983400
6 11 4299590
6 16 3686040
7 6 3979080
7 21 2995370
7 5 3679300
8 6 3084410
8 10 2902250
8 15 3448550
9 12 3179410
9 10 2686220
10 15 4465160
10 8 2902250
10 11 4117430
10 9 2686220
11 4 4146960
11 6 4299590
11 10 4117430
12 9 3179410
12 14 3373580
12 13 4013850
12 15 4958350
13 12 4013850
13 15 4066960
13 17 3494590
13 16 3105680
14 17 2854320
14 12 3373580
15 10 4465160
15 13 4066960
15 12 4958350
15 8 3448550
16 23 3409940
16 20 3233110
16 6 3686040
16 13 3105680
17 14 2854320
17 13 3494590
17 19 3096420
17 25 4012720
18 22 1820590
18 25 3760350
18 19 2844050
19 17 3096420
19 18 2844050
19 22 1302660
20 16 3233110
20 25 3768020
20 23 3554150
21 24 1968650
21 23 3023370
21 7 2995370
22 18 1820590
22 19 1302660
23 21 3023370
23 24 2676260
23 16 3409940
23 20 3554150
24 21 1968650
24 23 2676260
25 20 3768020
25 18 3760350
25 17 4012720
