0 4 992900
0 2 1194710
1 2 2208650
1 5 2070610
1 3 1936000
2 1 2208650
2 0 1194710
2 4 1973690
3 4 1701040
3 1 1936000
3 5 1764810
4 0 992900
4 3 1701040
4 2 1973690
4 11 1798700
5 1 2070610
5 3 1764810
5 7 2365120
5 6 1949230
6 8 1476060
6 7 2414930
6 5 1949230
6 11 1912280
6 16 2113960
7 6 2414930
7 21 2390890
7 5 2365120
8 6 1476060
8 10 1384880
8 15 1392720
9 12 1349170
9 10 1182540
10 15 1824520
10 8 1384880
10 11 1821100
10 9 1182540
11 4 1798700
11 6 1912280
11 10 1821100
12 9 1349170
12 14 1600060
12 13 2200660
12 15 1991150
13 12 2200660
13 15 2041870
13 17 2172320
13 16 2240130
14 17 1571720
14 12 1600060
15 10 1824520
15 13 2041870
15 12 1991150
15 8 1392720
16 23 2890540
16 20 2128440
16 6 2113960
16 13 2240130
17 14 1571720
17 13 2172320
17 19 1800820
17 25 2288660
18 22 1205260
18 25 2216640
18 19 1728800
19 17 1800820
19 18 1728800
19 22 984840
20 16 2128440
20 25 2256030
20 23 2790100
21 24 1682090
21 23 2751580
21 7 2390890
22 18 1205260
22 19 984840
23 21 2751580
23 24 2482710
23 16 2890540
23 20 2790100
24 21 1682090
24 23 2482710
25 20 2256030
25 18 2216640
25 17 2288660
