0 4 1544310
0 2 1705800
1 2 2642990
1 5 2378380
1 3 2062410
2 1 2642990
2 0 1705800
2 4 2654850
3 4 2074270
3 1 2062410
3 5 1971150
4 0 1544310
4 3 2074270
4 2 2654850
4 11 2518590
5 1 2378380
5 3 1971150
5 7 1712130
5 6 2146030
6 8 1484120
6 7 1571040
6 5 2146030
6 11 2274380
6 16 1911370
7 6 1571040
7 21 1185600
7 5 1712130
8 6 1484120
8 10 1599520
8 15 1505880
9 12 1256630
9 10 1403960
10 15 2142100
10 8 1599520
10 11 2389780
10 9 1403960
11 4 2518590
11 6 2274380
11 10 2389780
12 9 1256630
12 14 1755970
12 13 1972110
12 15 1994770
13 12 1972110
13 15 2025800
13 17 2353370
13 16 1910470
14 17 2137230
14 12 1755970
15 10 2142100
15 13 2025800
15 12 1994770
15 8 1505880
16 23 2323800
16 20 1718410
16 6 1911370
16 13 1910470
17 14 2137230
17 13 2353370
17 19 2403010
17 25 2468330
18 22 1821940
18 25 2714200
18 19 2648880
19 17 2403010
19 18 2648880
19 22 1275480
20 16 1718410
20 25 1926040
20 23 2224410
21 24 1430870
21 23 2031930
21 7 1185600
22 18 1821940
22 19 1275480
23 21 2031930
23 24 2228740
23 16 2323800
23 20 2224410
24 21 1430870
24 23 2228740
25 20 1926040
25 18 2714200
25 17 2468330
