0 4 1331150
0 2 1925560
1 2 3579070
1 5 3226990
1 3 2760370
2 1 3579070
2 0 1925560
2 4 3119430
3 4 2300730
3 1 2760370
3 5 2543060
4 0 1331150
4 3 2300730
4 2 3119430
4 11 2661080
5 1 3226990
5 3 2543060
5 7 2984930
5 6 2796600
6 8 1842490
6 7 2771850
6 5 2796600
6 11 2690330
6 16 2375170
7 6 2771850
7 21 2339020
7 5 2984930
8 6 1842490
8 10 1784470
8 15 1819440
9 12 1641750
9 10 1760760
10 15 2502450
10 8 1784470
10 11 2632310
10 9 1760760
11 4 2661080
11 6 2690330
11 10 2632310
12 9 1641750
12 14 1952350
12 13 2230220
12 15 2383440
13 12 2230220
13 15 2384200
13 17 2268040
13 16 2198900
14 17 1990170
14 12 1952350
15 10 2502450
15 13 2384200
15 12 2383440
15 8 1819440
16 23 2212860
16 20 2238820
16 6 2375170
16 13 2198900
17 14 1990170
17 13 2268040
17 19 2167130
17 25 2826380
18 22 2341140
18 25 3893380
18 19 3234130
19 17 2167130
19 18 3234130
19 22 1136170
20 16 2238820
20 25 2829240
20 23 2284860
21 24 1876130
21 23 1988380
21 7 2339020
22 18 2341140
22 19 1136170
23 21 1988380
23 24 2146650
23 16 2212860
23 20 2284860
24 21 1876130
24 23 2146650
25 20 2829240
25 18 3893380
25 17 2826380
