0 4 1512390
0 2 2063140
1 2 3765860
1 5 3493080
1 3 3005310
2 1 3765860
2 0 2063140
2 4 3173110
3 4 2412560
3 1 3005310
3 5 2690530
4 0 1512390
4 3 2412560
4 2 3173110
4 11 2698160
5 1 3493080
5 3 2690530
5 7 3884920
5 6 3475730
6 8 2797490
6 7 4182350
6 5 3475730
6 11 3273560
6 16 3282390
7 6 4182350
7 21 3621360
7 5 3884920
8 6 2797490
8 10 2307260
8 15 2830000
9 12 2669860
9 10 1990590
10 15 3315440
10 8 2307260
10 11 2783330
10 9 1990590
11 4 2698160
11 6 3273560
11 10 2783330
12 9 2669860
12 14 3373000
12 13 3723400
12 15 3994710
13 12 3723400
13 15 3566870
13 17 3394210
13 16 3043590
14 17 3043810
14 12 3373000
15 10 3315440
15 13 3566870
15 12 3994710
15 8 2830000
16 23 3481650
16 20 2055830
16 6 3282390
16 13 3043590
17 14 3043810
17 13 3394210
17 19 2928100
17 25 3256880
18 22 2330540
18 25 3565590
18 19 3236810
19 17 2928100
19 18 3236810
19 22 1457070
20 16 2055830
20 25 2170470
20 23 2745860
21 24 2793330
21 23 3411430
21 7 3621360
22 18 2330540
22 19 1457070
23 21 3411430
23 24 3553580
23 16 3481650
23 20 2745860
24 21 2793330
24 23 3553580
25 20 2170470
25 18 3565590
25 17 3256880
