0 4 937430
0 2 1094010
1 2 1657700
1 5 1455780
1 3 1193450
2 1 1657700
2 0 1094010
2 4 1927040
3 4 1462790
3 1 1193450
3 5 1417450
4 0 937430
4 3 1462790
4 2 1927040
4 11 2001510
5 1 1455780
5 3 1417450
5 7 2075930
5 6 1838530
6 8 1656040
6 7 2234680
6 5 1838530
6 11 2114920
6 16 2372430
7 6 2234680
7 21 2360230
7 5 2075930
8 6 1656040
8 10 1768480
8 15 2120540
9 12 2127980
9 10 1637900
10 15 2574220
10 8 1768480
10 11 2227360
10 9 1637900
11 4 2001510
11 6 2114920
11 10 2227360
12 9 2127980
12 14 2351740
12 13 3386630
12 15 3064300
13 12 3386630
13 15 3248610
13 17 3197150
13 16 3159260
14 17 2162260
14 12 2351740
15 10 2574220
15 13 3248610
15 12 3064300
15 8 2120540
16 23 3247040
16 20 2578160
16 6 2372430
16 13 3159260
17 14 2162260
17 13 3197150
17 19 2520400
17 25 3250780
18 22 2460470
18 25 4167700
18 19 3437320
19 17 2520400
19 18 3437320
19 22 1240590
20 16 2578160
20 25 3043470
20 23 3077620
21 24 2370430
21 23 2997440
21 7 2360230
22 18 2460470
22 19 1240590
23 21 2997440
23 24 3119490
23 16 3247040
23 20 3077620
24 21 2370430
24 23 3119490
25 20 3043470
25 18 4167700
25 17 3250780
