0 4 1555930
0 2 1988830
1 2 3122060
1 5 2623440
1 3 2361770
2 1 3122060
2 0 1988830
2 4 3012300
3 4 2252010
3 1 2361770
3 5 2186290
4 0 1555930
4 3 2252010
4 2 3012300
4 11 2591530
5 1 2623440
5 3 2186290
5 7 2618880
5 6 2444060
6 8 1893040
6 7 2614980
6 5 2444060
6 11 2521910
6 16 2410490
7 6 2614980
7 21 2492210
7 5 2618880
8 6 1893040
8 10 1879150
8 15 2000690
9 12 1663160
9 10 1698510
10 15 2533920
10 8 1879150
10 11 2508020
10 9 1698510
11 4 2591530
11 6 2521910
11 10 2508020
12 9 1663160
12 14 1877150
12 13 2372470
12 15 2498570
13 12 2372470
13 15 2529360
13 17 2495600
13 16 2392040
14 17 2000280
14 12 1877150
15 10 2533920
15 13 2529360
15 12 2498570
15 8 2000690
16 23 2905470
16 20 2540460
16 6 2410490
16 13 2392040
17 14 2000280
17 13 2495600
17 19 2025890
17 25 3289120
18 22 1564130
18 25 3446900
18 19 2183670
19 17 2025890
19 18 2183670
19 22 844300
20 16 2540460
20 25 3345200
20 23 3065110
21 24 1912580
21 23 2812370
21 7 2492210
22 18 1564130
22 19 844300
23 21 2812370
23 24 2530330
23 16 2905470
23 20 3065110
24 21 1912580
24 23 2530330
25 20 3345200
25 18 3446900
25 17 3289120
