0 4 1784660
0 2 1917350
1 2 3658780
1 5 3393290
1 3 3087550
2 1 3658780
2 0 1917350
2 4 3360430
3 4 2789200
3 1 3087550
3 5 2656400
4 0 1784660
4 3 2789200
4 2 3360430
4 11 3125670
5 1 3393290
5 3 2656400
5 7 2876250
5 6 2768280
6 8 2030220
6 7 2682390
6 5 2768280
6 11 2799010
6 16 2535700
7 6 2682390
7 21 2526020
7 5 2876250
8 6 2030220
8 10 2055110
8 15 2267590
9 12 2256020
9 10 1860980
10 15 2836680
10 8 2055110
10 11 2823900
10 9 1860980
11 4 3125670
11 6 2799010
11 10 2823900
12 9 2256020
12 14 2813810
12 13 3033110
12 15 3231720
13 12 3033110
13 15 2850550
13 17 3237790
13 16 2574460
14 17 3018490
14 12 2813810
15 10 2836680
15 13 2850550
15 12 3231720
15 8 2267590
16 23 2929770
16 20 2579920
16 6 2535700
16 13 2574460
17 14 3018490
17 13 3237790
17 19 2942420
17 25 3976430
18 22 1663940
18 25 3677790
18 19 2643780
19 17 2942420
19 18 2643780
19 22 1081360
20 16 2579920
20 25 3396040
20 23 3012710
21 24 2153190
21 23 2812120
21 7 2526020
22 18 1663940
22 19 1081360
23 21 2812120
23 24 2703630
23 16 2929770
23 20 3012710
24 21 2153190
24 23 2703630
25 20 3396040
25 18 3677790
25 17 3976430
