0 4 1841890
0 2 1813290
1 2 3380970
1 5 3219060
1 3 2846370
2 1 3380970
2 0 1813290
2 4 3393180
3 4 2858580
3 1 2846370
3 5 2668070
4 0 1841890
4 3 2858580
4 2 3393180
4 11 3482850
5 1 3219060
5 3 2668070
5 7 3186830
5 6 3414440
6 8 2834060
6 7 3560510
6 5 3414440
6 11 3666020
6 16 3379840
7 6 3560510
7 21 2943040
7 5 3186830
8 6 2834060
8 10 2675440
8 15 2773330
9 12 2687480
9 10 2427280
10 15 3568770
10 8 2675440
10 11 3507400
10 9 2427280
11 4 3482850
11 6 3666020
11 10 3507400
12 9 2687480
12 14 3400650
12 13 3866450
12 15 3828970
13 12 3866450
13 15 3704140
13 17 4367550
13 16 3356590
14 17 3901750
14 12 3400650
15 10 3568770
15 13 3704140
15 12 3828970
15 8 2773330
16 23 3331750
16 20 3177320
16 6 3379840
16 13 3356590
17 14 3901750
17 13 4367550
17 19 4328330
17 25 4559610
18 22 3217960
18 25 4927130
18 19 4695850
19 17 4328330
19 18 4695850
19 22 2185290
20 16 3177320
20 25 3754410
20 23 3537510
21 24 2822480
21 23 3122560
21 7 2943040
22 18 3217960
22 19 2185290
23 21 3122560
23 24 3391860
23 16 3331750
23 20 3537510
24 21 2822480
24 23 3391860
25 20 3754410
25 18 4927130
25 17 4559610
