0 4 1362200
0 2 1773820
1 2 2784890
1 5 2484540
1 3 1981300
2 1 2784890
2 0 1773820
2 4 2863380
3 4 2059790
3 1 1981300
3 5 2171060
4 0 1362200
4 3 2059790
4 2 2863380
4 11 2502880
5 1 2484540
5 3 2171060
5 7 2367530
5 6 2439110
6 8 1611860
6 7 2132340
6 5 2439110
6 11 2378960
6 16 2296570
7 6 2132340
7 21 1968170
7 5 2367530
8 6 1611860
8 10 1697820
8 15 1818080
9 12 1698190
9 10 1708440
10 15 2496100
10 8 1697820
10 11 2464920
10 9 1708440
11 4 2502880
11 6 2378960
11 10 2464920
12 9 1698190
12 14 1823560
12 13 2394090
12 15 2485850
13 12 2394090
13 15 2524600
13 17 2545710
13 16 2411030
14 17 1975180
14 12 1823560
15 10 2496100
15 13 2524600
15 12 2485850
15 8 1818080
16 23 2680440
16 20 2226770
16 6 2296570
16 13 2411030
17 14 1975180
17 13 2545710
17 19 2199290
17 25 2629840
18 22 1339930
18 25 2566780
18 19 2136230
19 17 2199290
19 18 2136230
19 22 943700
20 16 2226770
20 25 2332710
20 23 2517990
21 24 1537560
21 23 2423620
21 7 1968170
22 18 1339930
22 19 943700
23 21 2423620
23 24 2085600
23 16 2680440
23 20 2517990
24 21 1537560
24 23 2085600
25 20 2332710
25 18 2566780
25 17 2629840
