0 4 1956520
0 2 2122560
1 2 4081670
1 5 3899070
1 3 3574430
2 1 4081670
2 0 2122560
2 4 3638220
3 4 3130980
3 1 3574430
3 5 3114420
4 0 1956520
4 3 3130980
4 2 3638220
4 11 3472800
5 1 3899070
5 3 3114420
5 7 3486430
5 6 3552350
6 8 2816310
6 7 3599720
6 5 3552350
6 11 3569530
6 16 3221740
7 6 3599720
7 21 3075440
7 5 3486430
8 6 2816310
8 10 2617250
8 15 2949620
9 12 2369200
9 10 2364220
10 15 3599890
10 8 2617250
10 11 3370470
10 9 2364220
11 4 3472800
11 6 3569530
11 10 3370470
12 9 2369200
12 14 2713210
12 13 3451990
12 15 3604870
13 12 3451990
13 15 3779380
13 17 4052430
13 16 3202170
14 17 3313650
14 12 2713210
15 10 3599890
15 13 3779380
15 12 3604870
15 8 2949620
16 23 2977230
16 20 3534810
16 6 3221740
16 13 3202170
17 14 3313650
17 13 4052430
17 19 3711510
17 25 4984690
18 22 2806560
18 25 5219400
18 19 3946220
19 17 3711510
19 18 3946220
19 22 1805000
20 16 3534810
20 25 4891400
20 23 3734200
21 24 2290550
21 23 2896850
21 7 3075440
22 18 2806560
22 19 1805000
23 21 2896850
23 24 2570320
23 16 2977230
23 20 3734200
24 21 2290550
24 23 2570320
25 20 4891400
25 18 5219400
25 17 4984690
