0 4 2233400
0 2 3707620
1 2 5559460
1 5 3728030
1 3 3568650
2 1 5559460
2 0 3707620
2 4 5247060
3 4 3256250
3 1 3568650
3 5 2899040
4 0 2233400
4 3 3256250
4 2 5247060
4 11 3939100
5 1 3728030
5 3 2899040
5 7 3629680
5 6 3281110
6 8 2741210
6 7 3852370
6 5 3281110
6 11 3804580
6 16 3172740
7 6 3852370
7 21 3839860
7 5 3629680
8 6 2741210
8 10 3082000
8 15 2960690
9 12 2768540
9 10 2929560
10 15 4064070
10 8 3082000
10 11 4145370
10 9 2929560
11 4 3939100
11 6 3804580
11 10 4145370
12 9 2768540
12 14 3077350
12 13 3756730
12 15 3903050
13 12 3756730
13 15 3796440
13 17 4108790
13 16 3245900
14 17 3429410
14 12 3077350
15 10 4064070
15 13 3796440
15 12 3903050
15 8 2960690
16 23 3878380
16 20 2907870
16 6 3172740
16 13 3245900
17 14 3429410
17 13 4108790
17 19 3508020
17 25 4487250
18 22 1574050
18 25 3627140
18 19 2647910
19 17 3508020
19 18 2647910
19 22 1374720
20 16 2907870
20 25 3690550
20 23 3944570
21 24 2794100
21 23 4196930
21 7 3839860
22 18 1574050
22 19 1374720
23 21 4196930
23 24 3512250
23 16 3878380
23 20 3944570
24 21 2794100
24 23 3512250
25 20 3690550
25 18 3627140
25 17 4487250
