0 4 1538560
0 2 1433860
1 2 2493280
1 5 2282390
1 3 2103070
2 1 2493280
2 0 1433860
2 4 2587260
3 4 2197050
3 1 2103070
3 5 1881460
4 0 1538560
4 3 2197050
4 2 2587260
4 11 2765730
5 1 2282390
5 3 1881460
5 7 2144400
5 6 2164330
6 8 1701960
6 7 2247950
6 5 2164330
6 11 2553690
6 16 2205690
7 6 2247950
7 21 1895150
7 5 2144400
8 6 1701960
8 10 1973460
8 15 1866700
9 12 1613800
9 10 1700020
10 15 2704120
10 8 1973460
10 11 2825190
10 9 1700020
11 4 2765730
11 6 2553690
11 10 2825190
12 9 1613800
12 14 2016120
12 13 2926660
12 15 2617900
13 12 2926660
13 15 2906120
13 17 3142960
13 16 2679190
14 17 2232420
14 12 2016120
15 10 2704120
15 13 2906120
15 12 2617900
15 8 1866700
16 23 2188750
16 20 1926440
16 6 2205690
16 13 2679190
17 14 2232420
17 13 3142960
17 19 2313220
17 25 3097610
18 22 1450380
18 25 2865900
18 19 2081510
19 17 2313220
19 18 2081510
19 22 924270
20 16 1926440
20 25 2416780
20 23 1971690
21 24 1539020
21 23 1898140
21 7 1895150
22 18 1450380
22 19 924270
23 21 1898140
23 24 1874880
23 16 2188750
23 20 1971690
24 21 1539020
24 23 1874880
25 20 2416780
25 18 2865900
25 17 3097610
