0 4 1695100
0 2 2550510
1 2 3844380
1 5 2933420
1 3 2394190
2 1 3844380
2 0 2550510
2 4 3931610
3 4 2481420
3 1 2394190
3 5 2425870
4 0 1695100
4 3 2481420
4 2 3931610
4 11 3202130
5 1 2933420
5 3 2425870
5 7 4470120
5 6 3462150
6 8 3055480
6 7 4967170
6 5 3462150
6 11 3643630
6 16 3668080
7 6 4967170
7 21 4817130
7 5 4470120
8 6 3055480
8 10 2851050
8 15 3088380
9 12 2642530
9 10 2474270
10 15 3787670
10 8 2851050
10 11 3439200
10 9 2474270
11 4 3202130
11 6 3643630
11 10 3439200
12 9 2642530
12 14 2973020
12 13 3894670
12 15 3955930
13 12 3894670
13 15 3963740
13 17 4170020
13 16 3639720
14 17 3248370
14 12 2973020
15 10 3787670
15 13 3963740
15 12 3955930
15 8 3088380
16 23 4316310
16 20 4142550
16 6 3668080
16 13 3639720
17 14 3248370
17 13 4170020
17 19 3874070
17 25 4689580
18 22 3289630
18 25 5259410
18 19 4443900
19 17 3874070
19 18 4443900
19 22 2156310
20 16 4142550
20 25 4924870
20 23 5081900
21 24 3064830
21 23 4457390
21 7 4817130
22 18 3289630
22 19 2156310
23 21 4457390
23 24 3863100
23 16 4316310
23 20 5081900
24 21 3064830
24 23 3863100
25 20 4924870
25 18 5259410
25 17 4689580
