0 4 3028070
0 2 3042090
1 2 5708060
1 5 5883430
1 3 4961970
2 1 5708060
2 0 3042090
2 4 5560880
3 4 4814790
3 1 4961970
3 5 5004180
4 0 3028070
4 3 4814790
4 2 5560880
4 11 5547100
5 1 5883430
5 3 5004180
5 7 5820120
5 6 5423620
6 8 3254510
6 7 5318100
6 5 5423620
6 11 5234470
6 16 4142390
7 6 5318100
7 21 4871640
7 5 5820120
8 6 3254510
8 10 3124130
8 15 3226020
9 12 3161730
9 10 3200540
10 15 4762730
10 8 3124130
10 11 5104090
10 9 3200540
11 4 5547100
11 6 5234470
11 10 5104090
12 9 3161730
12 14 3266470
12 13 3977080
12 15 4723920
13 12 3977080
13 15 4117780
13 17 3684170
13 16 3367060
14 17 2973560
14 12 3266470
15 10 4762730
15 13 4117780
15 12 4723920
15 8 3226020
16 23 4282090
16 20 3632970
16 6 4142390
16 13 3367060
17 14 2973560
17 13 3684170
17 19 3437210
17 25 4434480
18 22 3007160
18 25 4951390
18 19 3954120
19 17 3437210
19 18 3954120
19 22 1930060
20 16 3632970
20 25 4387160
20 23 4551880
21 24 3893280
21 23 4614840
21 7 4871640
22 18 3007160
22 19 1930060
23 21 4614840
23 24 4479440
23 16 4282090
23 20 4551880
24 21 3893280
24 23 4479440
25 20 4387160
25 18 4951390
25 17 4434480
