0 4 1620870
0 2 1522880
1 2 3425660
1 5 3821560
1 3 3452800
2 1 3425660
2 0 1522880
2 4 2917190
3 4 2944330
3 1 3452800
3 5 3242240
4 0 1620870
4 3 2944330
4 2 2917190
4 11 3159960
5 1 3821560
5 3 3242240
5 7 4090950
5 6 3267060
6 8 2033800
6 7 3747010
6 5 3267060
6 11 3113930
6 16 2751780
7 6 3747010
7 21 3527800
7 5 4090950
8 6 2033800
8 10 1950970
8 15 1981090
9 12 1609130
9 10 1754530
10 15 2787580
10 8 1950970
10 11 3031100
10 9 1754530
11 4 3159960
11 6 3113930
11 10 3031100
12 9 1609130
12 14 1948750
12 13 2700510
12 15 2642180
13 12 2700510
13 15 2876030
13 17 2854090
13 16 2757400
14 17 2102330
14 12 1948750
15 10 2787580
15 13 2876030
15 12 2642180
15 8 1981090
16 23 3433680
16 20 2368420
16 6 2751780
16 13 2757400
17 14 2102330
17 13 2854090
17 19 2412320
17 25 2724960
18 22 1950740
18 25 3121610
18 19 2808970
19 17 2412320
19 18 2808970
19 22 1192590
20 16 2368420
20 25 2416250
20 23 3221660
21 24 2431770
21 23 3385810
21 7 3527800
22 18 1950740
22 19 1192590
23 21 3385810
23 24 3332880
23 16 3433680
23 20 3221660
24 21 2431770
24 23 3332880
25 20 2416250
25 18 3121610
25 17 2724960
