0 4 1264060
0 2 1201270
1 2 2256730
1 5 2543680
1 3 2140030
2 1 2256730
2 0 1201270
2 4 2009090
3 4 1892390
3 1 2140030
3 5 2116550
4 0 1264060
4 3 1892390
4 2 2009090
4 11 2221020
5 1 2543680
5 3 2116550
5 7 2552200
5 6 2461850
6 8 1840500
6 7 2493850
6 5 2461850
6 11 2386830
6 16 2023800
7 6 2493850
7 21 2135910
7 5 2552200
8 6 1840500
8 10 1670820
8 15 1928470
9 12 1627070
9 10 1447900
10 15 2321790
10 8 1670820
10 11 2217150
10 9 1447900
11 4 2221020
11 6 2386830
11 10 2217150
12 9 1627070
12 14 1905040
12 13 2370440
12 15 2500960
13 12 2370440
13 15 2448920
13 17 2409950
13 16 1981250
14 17 1944550
14 12 1905040
15 10 2321790
15 13 2448920
15 12 2500960
15 8 1928470
16 23 2205540
16 20 2094270
16 6 2023800
16 13 1981250
17 14 1944550
17 13 2409950
17 19 2123140
17 25 2792750
18 22 1819520
18 25 3125160
18 19 2455550
19 17 2123140
19 18 2455550
19 22 1108750
20 16 2094270
20 25 2814220
20 23 2655710
21 24 1684460
21 23 2227300
21 7 2135910
22 18 1819520
22 19 1108750
23 21 2227300
23 24 2224140
23 16 2205540
23 20 2655710
24 21 1684460
24 23 2224140
25 20 2814220
25 18 3125160
25 17 2792750
