0 4 1426090
0 2 1562920
1 2 2833920
1 5 2784640
1 3 2392650
2 1 2833920
2 0 1562920
2 4 2645210
3 4 2203940
3 1 2392650
3 5 2291490
4 0 1426090
4 3 2203940
4 2 2645210
4 11 2633730
5 1 2784640
5 3 2291490
5 7 2300820
5 6 2498760
6 8 1673910
6 7 2116100
6 5 2498760
6 11 2536560
6 16 1963090
7 6 2116100
7 21 1857770
7 5 2300820
8 6 1673910
8 10 1564010
8 15 1661080
9 12 1616780
9 10 1465990
10 15 2191310
10 8 1564010
10 11 2426660
10 9 1465990
11 4 2633730
11 6 2536560
11 10 2426660
12 9 1616780
12 14 2189870
12 13 2241780
12 15 2342100
13 12 2241780
13 15 2188060
13 17 2703460
13 16 1849940
14 17 2651550
14 12 2189870
15 10 2191310
15 13 2188060
15 12 2342100
15 8 1661080
16 23 2227080
16 20 2127930
16 6 1963090
16 13 1849940
17 14 2651550
17 13 2703460
17 19 2896600
17 25 3211710
18 22 2332920
18 25 3599670
18 19 3284560
19 17 2896600
19 18 3284560
19 22 1522380
20 16 2127930
20 25 2873980
20 23 2742870
21 24 1579090
21 23 2319700
21 7 1857770
22 18 2332920
22 19 1522380
23 21 2319700
23 24 2101410
23 16 2227080
23 20 2742870
24 21 1579090
24 23 2101410
25 20 2873980
25 18 3599670
25 17 3211710
