0 4 1104590
0 2 1193470
1 2 2076250
1 5 1943880
1 3 1682390
2 1 2076250
2 0 1193470
2 4 1980100
3 4 1586240
3 1 1682390
3 5 1542750
4 0 1104590
4 3 1586240
4 2 1980100
4 11 1957320
5 1 1943880
5 3 1542750
5 7 1849550
5 6 1840310
6 8 1325800
6 7 1885620
6 5 1840310
6 11 1949900
6 16 1653020
7 6 1885620
7 21 1613490
7 5 1849550
8 6 1325800
8 10 1240590
8 15 1202650
9 12 1227470
9 10 1303080
10 15 1668020
10 8 1240590
10 11 1864690
10 9 1303080
11 4 1957320
11 6 1949900
11 10 1864690
12 9 1227470
12 14 1356380
12 13 1497130
12 15 1592410
13 12 1497130
13 15 1534800
13 17 1717850
13 16 1434590
14 17 1577100
14 12 1356380
15 10 1668020
15 13 1534800
15 12 1592410
15 8 1202650
16 23 1863510
16 20 1434840
16 6 1653020
16 13 1434590
17 14 1577100
17 13 1717850
17 19 1949190
17 25 1900220
18 22 1466630
18 25 2261000
18 19 2309970
19 17 1949190
19 18 2309970
19 22 1058860
20 16 1434840
20 25 1622140
20 23 1868690
21 24 1378240
21 23 1814740
21 7 1613490
22 18 1466630
22 19 1058860
23 21 1814740
23 24 1860860
23 16 1863510
23 20 1868690
24 21 1378240
24 23 1860860
25 20 1622140
25 18 2261000
25 17 1900220
