0 4 907100
0 2 1154050
1 2 1942310
1 5 1670350
1 3 1362200
2 1 1942310
2 0 1154050
2 4 1955790
3 4 1375680
3 1 1362200
3 5 1350670
4 0 907100
4 3 1375680
4 2 1955790
4 11 1841990
5 1 1670350
5 3 1350670
5 7 2083680
5 6 1993830
6 8 1819740
6 7 2418690
6 5 1993830
6 11 2151990
6 16 2032890
7 6 2418690
7 21 2091950
7 5 2083680
8 6 1819740
8 10 1569610
8 15 1890390
9 12 1760750
9 10 1239510
10 15 2149360
10 8 1569610
10 11 1901860
10 9 1239510
11 4 1841990
11 6 2151990
11 10 1901860
12 9 1760750
12 14 2223530
12 13 2465810
12 15 2670600
13 12 2465810
13 15 2265350
13 17 2465630
13 16 1898750
14 17 2223350
14 12 2223530
15 10 2149360
15 13 2265350
15 12 2670600
15 8 1890390
16 23 2020670
16 20 1777840
16 6 2032890
16 13 1898750
17 14 2223350
17 13 2465630
17 19 2311190
17 25 2874460
18 22 1595660
18 25 2820670
18 19 2257400
19 17 2311190
19 18 2257400
19 22 1089940
20 16 1777840
20 25 2348480
20 23 2061570
21 24 1601500
21 23 1989880
21 7 2091950
22 18 1595660
22 19 1089940
23 21 1989880
23 24 1916020
23 16 2020670
23 20 2061570
24 21 1601500
24 23 1916020
25 20 2348480
25 18 2820670
25 17 2874460
