0 4 1619020
0 2 2060150
1 2 3441690
1 5 2867950
1 3 2746860
2 1 3441690
2 0 2060150
2 4 3152050
3 4 2457220
3 1 2746860
3 5 2324610
4 0 1619020
4 3 2457220
4 2 3152050
4 11 2932150
5 1 2867950
5 3 2324610
5 7 2482280
5 6 2552920
6 8 1984840
6 7 2589500
6 5 2552920
6 11 2906760
6 16 2258700
7 6 2589500
7 21 2335120
7 5 2482280
8 6 1984840
8 10 1997040
8 15 2028420
9 12 1509630
9 10 1827040
10 15 2715920
10 8 1997040
10 11 2918960
10 9 1827040
11 4 2932150
11 6 2906760
11 10 2918960
12 9 1509630
12 14 1686580
12 13 2093410
12 15 2398510
13 12 2093410
13 15 2442200
13 17 2290630
13 16 1997180
14 17 1883800
14 12 1686580
15 10 2715920
15 13 2442200
15 12 2398510
15 8 2028420
16 23 2264070
16 20 1699510
16 6 2258700
16 13 1997180
17 14 1883800
17 13 2290630
17 19 2005600
17 25 2286110
18 22 1878420
18 25 2722990
18 19 2442480
19 17 2005600
19 18 2442480
19 22 1002980
20 16 1699510
20 25 1834910
20 23 2106320
21 24 2075110
21 23 2411130
21 7 2335120
22 18 1878420
22 19 1002980
23 21 2411130
23 24 2334860
23 16 2264070
23 20 2106320
24 21 2075110
24 23 2334860
25 20 1834910
25 18 2722990
25 17 2286110
