0 4 1189980
0 2 1754620
1 2 2951860
1 5 2349900
1 3 2118120
2 1 2951860
2 0 1754620
2 4 2772960
3 4 1939220
3 1 2118120
3 5 1901900
4 0 1189980
4 3 1939220
4 2 2772960
4 11 2274720
5 1 2349900
5 3 1901900
5 7 2078510
5 6 2284070
6 8 1999670
6 7 2228900
6 5 2284070
6 11 2387790
6 16 2228570
7 6 2228900
7 21 1998950
7 5 2078510
8 6 1999670
8 10 1922480
8 15 2145400
9 12 1931410
9 10 1668000
10 15 2503000
10 8 1922480
10 11 2310600
10 9 1668000
11 4 2274720
11 6 2387790
11 10 2310600
12 9 1931410
12 14 2164290
12 13 2590120
12 15 2766410
13 12 2590120
13 15 2549630
13 17 2585140
13 16 2198010
14 17 2159310
14 12 2164290
15 10 2503000
15 13 2549630
15 12 2766410
15 8 2145400
16 23 2183780
16 20 1869430
16 6 2228570
16 13 2198010
17 14 2159310
17 13 2585140
17 19 2316630
17 25 2454030
18 22 1782230
18 25 2739970
18 19 2602570
19 17 2316630
19 18 2602570
19 22 1015980
20 16 1869430
20 25 1913650
20 23 2030530
21 24 1710490
21 23 2159720
21 7 1998950
22 18 1782230
22 19 1015980
23 21 2159720
23 24 1895650
23 16 2183780
23 20 2030530
24 21 1710490
24 23 1895650
25 20 1913650
25 18 2739970
25 17 2454030
