0 4 1663110
0 2 2009270
1 2 3377700
1 5 3169350
1 3 2610140
2 1 3377700
2 0 2009270
2 4 3375160
3 4 2607600
3 1 2610140
3 5 2745410
4 0 1663110
4 3 2607600
4 2 3375160
4 11 3278700
5 1 3169350
5 3 2745410
5 7 3117820
5 6 3325810
6 8 2436690
6 7 3139010
6 5 3325810
6 11 3437700
6 16 3189980
7 6 3139010
7 21 2368120
7 5 3117820
8 6 2436690
8 10 2485010
8 15 2603260
9 12 2294050
9 10 2293850
10 15 3561890
10 8 2485010
10 11 3486020
10 9 2293850
11 4 3278700
11 6 3437700
11 10 3486020
12 9 2294050
12 14 2624260
12 13 3342010
12 15 3562090
13 12 3342010
13 15 3460060
13 17 3475490
13 16 3136470
14 17 2757740
14 12 2624260
15 10 3561890
15 13 3460060
15 12 3562090
15 8 2603260
16 23 3642540
16 20 2883410
16 6 3189980
16 13 3136470
17 14 2757740
17 13 3475490
17 19 3230890
17 25 3992200
18 22 2423610
18 25 4397130
18 19 3635820
19 17 3230890
19 18 3635820
19 22 1538570
20 16 2883410
20 25 3503630
20 23 3492990
21 24 2074670
21 23 3028670
21 7 2368120
22 18 2423610
22 19 1538570
23 21 3028670
23 24 3298120
23 16 3642540
23 20 3492990
24 21 2074670
24 23 3298120
25 20 3503630
25 18 4397130
25 17 3992200
