0 4 1020940
0 2 1237360
1 2 2188200
1 5 2012290
1 3 1834530
2 1 2188200
2 0 1237360
2 4 2042940
3 4 1689270
3 1 1834530
3 5 1729780
4 0 1020940
4 3 1689270
4 2 2042940
4 11 1885870
5 1 2012290
5 3 1729780
5 7 2183930
5 6 1824170
6 8 1197530
6 7 2100560
6 5 1824170
6 11 1843010
6 16 1606100
7 6 2100560
7 21 2035910
7 5 2183930
8 6 1197530
8 10 1134210
8 15 1109470
9 12 966290
9 10 994630
10 15 1589420
10 8 1134210
10 11 1779690
10 9 994630
11 4 1885870
11 6 1843010
11 10 1779690
12 9 966290
12 14 1415130
12 13 1634490
12 15 1561080
13 12 1634490
13 15 1638090
13 17 1811000
13 16 1591450
14 17 1591640
14 12 1415130
15 10 1589420
15 13 1638090
15 12 1561080
15 8 1109470
16 23 1740640
16 20 1508720
16 6 1606100
16 13 1591450
17 14 1591640
17 13 1811000
17 19 1503020
17 25 2143580
18 22 1099530
18 25 2287860
18 19 1647300
19 17 1503020
19 18 1647300
19 22 547770
20 16 1508720
20 25 1961350
20 23 1777960
21 24 1532980
21 23 1810690
21 7 2035910
22 18 1099530
22 19 547770
23 21 1810690
23 24 1732170
23 16 1740640
23 20 1777960
24 21 1532980
24 23 1732170
25 20 1961350
25 18 2287860
25 17 2143580
