0 4 759120
0 2 957610
1 2 1619170
1 5 1550740
1 3 1230520
2 1 1619170
2 0 957610
2 4 1556230
3 4 1167580
3 1 1230520
3 5 1297640
4 0 759120
4 3 1167580
4 2 1556230
4 11 1400150
5 1 1550740
5 3 1297640
5 7 1866120
5 6 1632050
6 8 1211010
6 7 1880310
6 5 1632050
6 11 1544400
6 16 1509590
7 6 1880310
7 21 1805080
7 5 1866120
8 6 1211010
8 10 1099640
8 15 1134110
9 12 853220
9 10 964460
10 15 1457970
10 8 1099640
10 11 1433030
10 9 964460
11 4 1400150
11 6 1544400
11 10 1433030
12 9 853220
12 14 1019830
12 13 1194150
12 15 1346730
13 12 1194150
13 15 1339860
13 17 1420960
13 16 1280110
14 17 1246640
14 12 1019830
15 10 1457970
15 13 1339860
15 12 1346730
15 8 1134110
16 23 1883800
16 20 1438570
16 6 1509590
16 13 1280110
17 14 1246640
17 13 1420960
17 19 1473190
17 25 1861120
18 22 1214930
18 25 2131960
18 19 1744030
19 17 1473190
19 18 1744030
19 22 762640
20 16 1438570
20 25 1785900
20 23 1949430
21 24 1398830
21 23 1945220
21 7 1805080
22 18 1214930
22 19 762640
23 21 1945220
23 24 1848270
23 16 1883800
23 20 1949430
24 21 1398830
24 23 1848270
25 20 1785900
25 18 2131960
25 17 1861120
