0 4 2295440
0 2 2643970
1 2 5532250
1 5 5420180
1 3 5012760
2 1 5532250
2 0 2643970
2 4 4847750
3 4 4328260
3 1 5012760
3 5 4564720
4 0 2295440
4 3 4328260
4 2 4847750
4 11 4396800
5 1 5420180
5 3 4564720
5 7 5243300
5 6 4731790
6 8 3340330
6 7 5002950
6 5 4731790
6 11 4392910
6 16 3841970
7 6 5002950
7 21 4422100
7 5 5243300
8 6 3340330
8 10 2861960
8 15 3083290
9 12 2572000
9 10 2301460
10 15 3756030
10 8 2861960
10 11 3914540
10 9 2301460
11 4 4396800
11 6 4392910
11 10 3914540
12 9 2572000
12 14 3214520
12 13 3956900
12 15 4026570
13 12 3956900
13 15 3907690
13 17 4121750
13 16 3515260
14 17 3379370
14 12 3214520
15 10 3756030
15 13 3907690
15 12 4026570
15 8 3083290
16 23 4597010
16 20 3190960
16 6 3841970
16 13 3515260
17 14 3379370
17 13 4121750
17 19 3634870
17 25 4213900
18 22 2137360
18 25 4003300
18 19 3424270
19 17 3634870
19 18 3424270
19 22 1577350
20 16 3190960
20 25 3605870
20 23 4595470
21 24 2832530
21 23 4665630
21 7 4422100
22 18 2137360
22 19 1577350
23 21 4665630
23 24 4168420
23 16 4597010
23 20 4595470
24 21 2832530
24 23 4168420
25 20 3605870
25 18 4003300
25 17 4213900
