0 4 1229100
0 2 1777210
1 2 2532600
1 5 1792650
1 3 1483760
2 1 2532600
2 0 1777210
2 4 2718490
3 4 1669650
3 1 1483760
3 5 1477810
4 0 1229100
4 3 1669650
4 2 2718490
4 11 2172660
5 1 1792650
5 3 1477810
5 7 1902450
5 6 2051410
6 8 1867370
6 7 2167160
6 5 2051410
6 11 2245530
6 16 2165850
7 6 2167160
7 21 1724450
7 5 1902450
8 6 1867370
8 10 1773230
8 15 1852380
9 12 1885260
9 10 1577830
10 15 2206990
10 8 1773230
10 11 2151390
10 9 1577830
11 4 2172660
11 6 2245530
11 10 2151390
12 9 1885260
12 14 1719350
12 13 2408280
12 15 2514420
13 12 2408280
13 15 2180000
13 17 1825120
13 16 2044720
14 17 1136190
14 12 1719350
15 10 2206990
15 13 2180000
15 12 2514420
15 8 1852380
16 23 2479880
16 20 2099630
16 6 2165850
16 13 2044720
17 14 1136190
17 13 1825120
17 19 1459890
17 25 1971640
18 22 1442330
18 25 2501370
18 19 1989620
19 17 1459890
19 18 1989620
19 22 796110
20 16 2099630
20 25 2275290
20 23 2563930
21 24 1368450
21 23 2187440
21 7 1724450
22 18 1442330
22 19 796110
23 21 2187440
23 24 2125190
23 16 2479880
23 20 2563930
24 21 1368450
24 23 2125190
25 20 2275290
25 18 2501370
25 17 1971640
