0 4 2101110
0 2 1627710
1 2 3480540
1 5 3802360
1 3 3549130
2 1 3480540
2 0 1627710
2 4 3130780
3 4 3199370
3 1 3549130
3 5 3047790
4 0 2101110
4 3 3199370
4 2 3130780
4 11 3542330
5 1 3802360
5 3 3047790
5 7 2991600
5 6 3256940
6 8 2359750
6 7 2947520
6 5 3256940
6 11 3346670
6 16 2859100
7 6 2947520
7 21 2063010
7 5 2991600
8 6 2359750
8 10 2248230
8 15 2506320
9 12 1930910
9 10 2012740
10 15 3247910
10 8 2248230
10 11 3235150
10 9 2012740
11 4 3542330
11 6 3346670
11 10 3235150
12 9 1930910
12 14 2300980
12 13 2927270
12 15 3166080
13 12 2927270
13 15 3267190
13 17 3315890
13 16 2766860
14 17 2689600
14 12 2300980
15 10 3247910
15 13 3267190
15 12 3166080
15 8 2506320
16 23 2613510
16 20 2788380
16 6 2859100
16 13 2766860
17 14 2689600
17 13 3315890
17 19 3046860
17 25 3722940
18 22 2164250
18 25 3870220
18 19 3194140
19 17 3046860
19 18 3194140
19 22 1460430
20 16 2788380
20 25 3456950
20 23 2896550
21 24 2072080
21 23 2082760
21 7 2063010
22 18 2164250
22 19 1460430
23 21 2082760
23 24 2711000
23 16 2613510
23 20 2896550
24 21 2072080
24 23 2711000
25 20 3456950
25 18 3870220
25 17 3722940
