0 4 1925110
0 2 1839520
1 2 2771500
1 5 2548180
1 3 2151210
2 1 2771500
2 0 1839520
2 4 2875330
3 4 2255040
3 1 2151210
3 5 1946130
4 0 1925110
4 3 2255040
4 2 2875330
4 11 2954660
5 1 2548180
5 3 1946130
5 7 2539930
5 6 2538520
6 8 2103590
6 7 2735350
6 5 2538520
6 11 2841170
6 16 2989370
7 6 2735350
7 21 2480400
7 5 2539930
8 6 2103590
8 10 2389600
8 15 2301240
9 12 2375050
9 10 2157250
10 15 3217600
10 8 2389600
10 11 3127180
10 9 2157250
11 4 2954660
11 6 2841170
11 10 3127180
12 9 2375050
12 14 2949300
12 13 3604860
12 15 3435400
13 12 3604860
13 15 3298700
13 17 3484550
13 16 3356480
14 17 2828990
14 12 2949300
15 10 3217600
15 13 3298700
15 12 3435400
15 8 2301240
16 23 4458960
16 20 3051820
16 6 2989370
16 13 3356480
17 14 2828990
17 13 3484550
17 19 2982380
17 25 3339480
18 22 2497310
18 25 3709620
18 19 3352520
19 17 2982380
19 18 3352520
19 22 1608610
20 16 3051820
20 25 3018430
20 23 4265980
21 24 2622030
21 23 3948580
21 7 2480400
22 18 2497310
22 19 1608610
23 21 3948580
23 24 4346570
23 16 4458960
23 20 4265980
24 21 2622030
24 23 4346570
25 20 3018430
25 18 3709620
25 17 3339480
