0 4 1651620
0 2 1845620
1 2 3310390
1 5 3188360
1 3 2838680
2 1 3310390
2 0 1845620
2 4 3064120
3 4 2592410
3 1 2838680
3 5 2664380
4 0 1651620
4 3 2592410
4 2 3064120
4 11 3082550
5 1 3188360
5 3 2664380
5 7 2801000
5 6 2967530
6 8 2147410
6 7 2754470
6 5 2967530
6 11 3107990
6 16 2639310
7 6 2754470
7 21 2249860
7 5 2801000
8 6 2147410
8 10 2163120
8 15 2420390
9 12 2099440
9 10 2009060
10 15 3209690
10 8 2163120
10 11 3123700
10 9 2009060
11 4 3082550
11 6 3107990
11 10 3123700
12 9 2099440
12 14 2751110
12 13 3043060
12 15 3300070
13 12 3043060
13 15 3209950
13 17 3678790
13 16 2655280
14 17 3386840
14 12 2751110
15 10 3209690
15 13 3209950
15 12 3300070
15 8 2420390
16 23 2645650
16 20 2765610
16 6 2639310
16 13 2655280
17 14 3386840
17 13 3678790
17 19 3707160
17 25 4706900
18 22 2765650
18 25 5042350
18 19 4042610
19 17 3707160
19 18 4042610
19 22 1732720
20 16 2765610
20 25 4091380
20 23 3053640
21 24 2025460
21 23 2422730
21 7 2249860
22 18 2765650
22 19 1732720
23 21 2422730
23 24 2536410
23 16 2645650
23 20 3053640
24 21 2025460
24 23 2536410
25 20 4091380
25 18 5042350
25 17 4706900
