0 4 1891540
0 2 2026990
1 2 3024260
1 5 2483870
1 3 2094920
2 1 3024260
2 0 2026990
2 4 3495650
3 4 2566310
3 1 2094920
3 5 2161370
4 0 1891540
4 3 2566310
4 2 3495650
4 11 3495680
5 1 2483870
5 3 2161370
5 7 2395160
5 6 2587640
6 8 1918760
6 7 2432480
6 5 2587640
6 11 3128060
6 16 2596270
7 6 2432480
7 21 2151890
7 5 2395160
8 6 1918760
8 10 2299260
8 15 2185690
9 12 1523960
9 10 2062300
10 15 3272390
10 8 2299260
10 11 3508560
10 9 2062300
11 4 3495680
11 6 3128060
11 10 3508560
12 9 1523960
12 14 1952960
12 13 2553770
12 15 2734050
13 12 2553770
13 15 2978540
13 17 2848480
13 16 2682920
14 17 2247670
14 12 1952960
15 10 3272390
15 13 2978540
15 12 2734050
15 8 2185690
16 23 2912100
16 20 2338460
16 6 2596270
16 13 2682920
17 14 2247670
17 13 2848480
17 19 2393830
17 25 3252970
18 22 1941850
18 25 3616200
18 19 2757060
19 17 2393830
19 18 2757060
19 22 1073750
20 16 2338460
20 25 2858290
20 23 2682980
21 24 1960350
21 23 2660200
21 7 2151890
22 18 1941850
22 19 1073750
23 21 2660200
23 24 2556770
23 16 2912100
23 20 2682980
24 21 1960350
24 23 2556770
25 20 2858290
25 18 3616200
25 17 3252970
