0 4 1869790
0 2 1998700
1 2 4306530
1 5 4239950
1 3 4142710
2 1 4306530
2 0 1998700
2 4 3795090
3 4 3631270
3 1 4142710
3 5 3693600
4 0 1869790
4 3 3631270
4 2 3795090
4 11 3791440
5 1 4239950
5 3 3693600
5 7 3395580
5 6 3451160
6 8 2315090
6 7 3055900
6 5 3451160
6 11 3514090
6 16 2627230
7 6 3055900
7 21 2671750
7 5 3395580
8 6 2315090
8 10 2419940
8 15 2592010
9 12 2301570
9 10 2196220
10 15 3493250
10 8 2419940
10 11 3618940
10 9 2196220
11 4 3791440
11 6 3514090
11 10 3618940
12 9 2301570
12 14 2773320
12 13 3367270
12 15 3598600
13 12 3367270
13 15 3433990
13 17 3845850
13 16 2672820
14 17 3251900
14 12 2773320
15 10 3493250
15 13 3433990
15 12 3598600
15 8 2592010
16 23 2784460
16 20 2741130
16 6 2627230
16 13 2672820
17 14 3251900
17 13 3845850
17 19 3357940
17 25 4724500
18 22 2235640
18 25 4486710
18 19 3120150
19 17 3357940
19 18 3120150
19 22 1342330
20 16 2741130
20 25 4149620
20 23 3382610
21 24 2187820
21 23 2884560
21 7 2671750
22 18 2235640
22 19 1342330
23 21 2884560
23 24 2729200
23 16 2784460
23 20 3382610
24 21 2187820
24 23 2729200
25 20 4149620
25 18 4486710
25 17 4724500
