0 4 1970830
0 2 2463230
1 2 4167660
1 5 3521510
1 3 3223300
2 1 4167660
2 0 2463230
2 4 4096040
3 4 3151680
3 1 3223300
3 5 2997930
4 0 1970830
4 3 3151680
4 2 4096040
4 11 3738850
5 1 3521510
5 3 2997930
5 7 3684720
5 6 3276900
6 8 2557200
6 7 3665480
6 5 3276900
6 11 3565860
6 16 2946590
7 6 3665480
7 21 3330660
7 5 3684720
8 6 2557200
8 10 2359100
8 15 2554420
9 12 2231420
9 10 1977160
10 15 3056780
10 8 2359100
10 11 3367760
10 9 1977160
11 4 3738850
11 6 3565860
11 10 3367760
12 9 2231420
12 14 2413030
12 13 3220340
12 15 3311040
13 12 3220340
13 15 3161400
13 17 3184250
13 16 2853110
14 17 2376940
14 12 2413030
15 10 3056780
15 13 3161400
15 12 3311040
15 8 2554420
16 23 3295830
16 20 2704910
16 6 2946590
16 13 2853110
17 14 2376940
17 13 3184250
17 19 2749450
17 25 3308700
18 22 1875230
18 25 3435190
18 19 2875940
19 17 2749450
19 18 2875940
19 22 1200390
20 16 2704910
20 25 3046950
20 23 3365220
21 24 2117520
21 23 3272080
21 7 3330660
22 18 1875230
22 19 1200390
23 21 3272080
23 24 2801580
23 16 3295830
23 20 3365220
24 21 2117520
24 23 2801580
25 20 3046950
25 18 3435190
25 17 3308700
