0 4 894580
0 2 1173100
1 2 2080860
1 5 1745560
1 3 1620300
2 1 2080860
2 0 1173100
2 4 1898080
3 4 1437520
3 1 1620300
3 5 1380740
4 0 894580
4 3 1437520
4 2 1898080
4 11 1780570
5 1 1745560
5 3 1380740
5 7 1705150
5 6 1526660
6 8 1081140
6 7 1725810
6 5 1526660
6 11 1744450
6 16 1362310
7 6 1725810
7 21 1688090
7 5 1705150
8 6 1081140
8 10 1031160
8 15 1020050
9 12 871200
9 10 1044270
10 15 1436250
10 8 1031160
10 11 1694470
10 9 1044270
11 4 1780570
11 6 1744450
11 10 1694470
12 9 871200
12 14 1006390
12 13 1172340
12 15 1263180
13 12 1172340
13 15 1334300
13 17 1482830
13 16 1210380
14 17 1316880
14 12 1006390
15 10 1436250
15 13 1334300
15 12 1263180
15 8 1020050
16 23 1617310
16 20 1346170
16 6 1362310
16 13 1210380
17 14 1316880
17 13 1482830
17 19 1469060
17 25 1695230
18 22 1170520
18 25 1886390
18 19 1660220
19 17 1469060
19 18 1660220
19 22 726220
20 16 1346170
20 25 1591650
20 23 1786180
21 24 1546710
21 23 1764600
21 7 1688090
22 18 1170520
22 19 726220
23 21 1764600
23 24 1839430
23 16 1617310
23 20 1786180
24 21 1546710
24 23 1839430
25 20 1591650
25 18 1886390
25 17 1695230
