0 4 790710
0 2 897980
1 2 1559950
1 5 1415040
1 3 1205580
2 1 1559950
2 0 897980
2 4 1610370
3 4 1256000
3 1 1205580
3 5 1218360
4 0 790710
4 3 1256000
4 2 1610370
4 11 1491050
5 1 1415040
5 3 1218360
5 7 1478600
5 6 1476500
6 8 1180590
6 7 1527280
6 5 1476500
6 11 1502090
6 16 1335040
7 6 1527280
7 21 1313580
7 5 1478600
8 6 1180590
8 10 1207900
8 15 1382950
9 12 1107710
9 10 1069820
10 15 1754850
10 8 1207900
10 11 1529400
10 9 1069820
11 4 1491050
11 6 1502090
11 10 1529400
12 9 1107710
12 14 1241920
12 13 1617690
12 15 1792740
13 12 1617690
13 15 1754850
13 17 1764790
13 16 1362350
14 17 1389020
14 12 1241920
15 10 1754850
15 13 1754850
15 12 1792740
15 8 1382950
16 23 1318470
16 20 1294190
16 6 1335040
16 13 1362350
17 14 1389020
17 13 1764790
17 19 1672150
17 25 1963930
18 22 1088890
18 25 2042740
18 19 1750960
19 17 1672150
19 18 1750960
19 22 732450
20 16 1294190
20 25 1710780
20 23 1467760
21 24 1088480
21 23 1294910
21 7 1313580
22 18 1088890
22 19 732450
23 21 1294910
23 24 1285610
23 16 1318470
23 20 1467760
24 21 1088480
24 23 1285610
25 20 1710780
25 18 2042740
25 17 1963930
