0 4 1016830
0 2 1563050
1 2 2629510
1 5 2023330
1 3 1823280
2 1 2629510
2 0 1563050
2 4 2512420
3 4 1706190
3 1 1823280
3 5 1646230
4 0 1016830
4 3 1706190
4 2 2512420
4 11 2057510
5 1 2023330
5 3 1646230
5 7 1925700
5 6 2004300
6 8 1543700
6 7 2083720
6 5 2004300
6 11 2155570
6 16 1988790
7 6 2083720
7 21 1663500
7 5 1925700
8 6 1543700
8 10 1654270
8 15 1650020
9 12 1479420
9 10 1614480
10 15 2379210
10 8 1654270
10 11 2266140
10 9 1614480
11 4 2057510
11 6 2155570
11 10 2266140
12 9 1479420
12 14 1434540
12 13 2134520
12 15 2244150
13 12 2134520
13 15 2265330
13 17 2185760
13 16 1985480
14 17 1485780
14 12 1434540
15 10 2379210
15 13 2265330
15 12 2244150
15 8 1650020
16 23 1797430
16 20 1791680
16 6 1988790
16 13 1985480
17 14 1485780
17 13 2185760
17 19 1749590
17 25 2260140
18 22 1338820
18 25 2292350
18 19 1781800
19 17 1749590
19 18 1781800
19 22 840380
20 16 1791680
20 25 2036280
20 23 1773850
21 24 1321830
21 23 1550740
21 7 1663500
22 18 1338820
22 19 840380
23 21 1550740
23 24 1550690
23 16 1797430
23 20 1773850
24 21 1321830
24 23 1550690
25 20 2036280
25 18 2292350
25 17 2260140
