0 4 1013970
0 2 1135680
1 2 2150410
1 5 2095890
1 3 1795110
2 1 2150410
2 0 1135680
2 4 2072610
3 4 1717310
3 1 1795110
3 5 1784500
4 0 1013970
4 3 1717310
4 2 2072610
4 11 2029600
5 1 2095890
5 3 1784500
5 7 1914190
5 6 1953540
6 8 1402510
6 7 1782450
6 5 1953540
6 11 1965050
6 16 1582220
7 6 1782450
7 21 1656560
7 5 1914190
8 6 1402510
8 10 1439610
8 15 1493420
9 12 1524530
9 10 1242350
10 15 1949810
10 8 1439610
10 11 2002150
10 9 1242350
11 4 2029600
11 6 1965050
11 10 2002150
12 9 1524530
12 14 1693550
12 13 2100650
12 15 2231990
13 12 2100650
13 15 1872280
13 17 1775710
13 16 1541790
14 17 1368610
14 12 1693550
15 10 1949810
15 13 1872280
15 12 2231990
15 8 1493420
16 23 2100730
16 20 1714570
16 6 1582220
16 13 1541790
17 14 1368610
17 13 1775710
17 19 1596880
17 25 2356600
18 22 1228300
18 25 2536350
18 19 1776630
19 17 1596880
19 18 1776630
19 22 834950
20 16 1714570
20 25 2494610
20 23 2472660
21 24 1243460
21 23 2214420
21 7 1656560
22 18 1228300
22 19 834950
23 21 2214420
23 24 1887860
23 16 2100730
23 20 2472660
24 21 1243460
24 23 1887860
25 20 2494610
25 18 2536350
25 17 2356600
