0 4 1217740
0 2 1541830
1 2 2399040
1 5 2118620
1 3 1809840
2 1 2399040
2 0 1541830
2 4 2293770
3 4 1704570
3 1 1809840
3 5 1748240
4 0 1217740
4 3 1704570
4 2 2293770
4 11 2006530
5 1 2118620
5 3 1748240
5 7 1920960
5 6 2036140
6 8 1537430
6 7 1900080
6 5 2036140
6 11 2029320
6 16 1889580
7 6 1900080
7 21 1537190
7 5 1920960
8 6 1537430
8 10 1500170
8 15 1639020
9 12 1500560
9 10 1367770
10 15 2079590
10 8 1500170
10 11 1992060
10 9 1367770
11 4 2006530
11 6 2029320
11 10 1992060
12 9 1500560
12 14 1965740
12 13 2054350
12 15 2212380
13 12 2054350
13 15 2060410
13 17 2268230
13 16 1833140
14 17 2179620
14 12 1965740
15 10 2079590
15 13 2060410
15 12 2212380
15 8 1639020
16 23 1944370
16 20 1789130
16 6 1889580
16 13 1833140
17 14 2179620
17 13 2268230
17 19 2178670
17 25 2421610
18 22 1865840
18 25 2737080
18 19 2494140
19 17 2178670
19 18 2494140
19 22 1094960
20 16 1789130
20 25 2011750
20 23 1969600
21 24 1351220
21 23 1707160
21 7 1537190
22 18 1865840
22 19 1094960
23 21 1707160
23 24 1768900
23 16 1944370
23 20 1969600
24 21 1351220
24 23 1768900
25 20 2011750
25 18 2737080
25 17 2421610
