0 4 1681060
0 2 2272600
1 2 3428340
1 5 2796220
1 3 2302140
2 1 3428340
2 0 2272600
2 4 3513280
3 4 2387080
3 1 2302140
3 5 2346500
4 0 1681060
4 3 2387080
4 2 3513280
4 11 2911180
5 1 2796220
5 3 2346500
5 7 2773140
5 6 2871630
6 8 2389500
6 7 2804190
6 5 2871630
6 11 2901650
6 16 2302760
7 6 2804190
7 21 2452500
7 5 2773140
8 6 2389500
8 10 2244480
8 15 2287130
9 12 2079810
9 10 1986990
10 15 2655290
10 8 2244480
10 11 2756630
10 9 1986990
11 4 2911180
11 6 2901650
11 10 2756630
12 9 2079810
12 14 2025390
12 13 2503390
12 15 2748110
13 12 2503390
13 15 2453220
13 17 2106250
13 16 1955670
14 17 1628250
14 12 2025390
15 10 2655290
15 13 2453220
15 12 2748110
15 8 2287130
16 23 2362700
16 20 1926850
16 6 2302760
16 13 1955670
17 14 1628250
17 13 2106250
17 19 1849820
17 25 2029100
18 22 1532670
18 25 2303590
18 19 2124310
19 17 1849820
19 18 2124310
19 22 1104000
20 16 1926850
20 25 2102530
20 23 2586710
21 24 2482770
21 23 2610930
21 7 2452500
22 18 1532670
22 19 1104000
23 21 2610930
23 24 2894400
23 16 2362700
23 20 2586710
24 21 2482770
24 23 2894400
25 20 2102530
25 18 2303590
25 17 2029100
