0 4 1168560
0 2 1612410
1 2 3019550
1 5 2480420
1 3 2427930
2 1 3019550
2 0 1612410
2 4 2643090
3 4 2051470
3 1 2427930
3 5 1956190
4 0 1168560
4 3 2051470
4 2 2643090
4 11 2258370
5 1 2480420
5 3 1956190
5 7 1761090
5 6 2088370
6 8 1798920
6 7 1840780
6 5 2088370
6 11 2242780
6 16 1880190
7 6 1840780
7 21 1422450
7 5 1761090
8 6 1798920
8 10 1793550
8 15 1878870
9 12 1732440
9 10 1615920
10 15 2242640
10 8 1793550
10 11 2237410
10 9 1615920
11 4 2258370
11 6 2242780
11 10 2237410
12 9 1732440
12 14 1515120
12 13 2128710
12 15 2359160
13 12 2128710
13 15 2097510
13 17 1717560
13 16 1729690
14 17 1103970
14 12 1515120
15 10 2242640
15 13 2097510
15 12 2359160
15 8 1878870
16 23 2040400
16 20 1755250
16 6 1880190
16 13 1729690
17 14 1103970
17 13 1717560
17 19 1421450
17 25 1738650
18 22 1193440
18 25 2008490
18 19 1691290
19 17 1421450
19 18 1691290
19 22 776990
20 16 1755250
20 25 1913710
20 23 2203330
21 24 1284260
21 23 1909940
21 7 1422450
22 18 1193440
22 19 776990
23 21 1909940
23 24 1862800
23 16 2040400
23 20 2203330
24 21 1284260
24 23 1862800
25 20 1913710
25 18 2008490
25 17 1738650
