0 4 747550
0 2 1020560
1 2 1494110
1 5 1226460
1 3 1015140
2 1 1494110
2 0 1020560
2 4 1479650
3 4 1000680
3 1 1015140
3 5 1006040
4 0 747550
4 3 1000680
4 2 1479650
4 11 1206720
5 1 1226460
5 3 1006040
5 7 1071630
5 6 1175630
6 8 886140
6 7 1029900
6 5 1175630
6 11 1170350
6 16 1002930
7 6 1029900
7 21 862080
7 5 1071630
8 6 886140
8 10 864010
8 15 920040
9 12 721700
9 10 728620
10 15 1145670
10 8 864010
10 11 1148220
10 9 728620
11 4 1206720
11 6 1170350
11 10 1148220
12 9 721700
12 14 890100
12 13 1124090
12 15 1138750
13 12 1124090
13 15 1187040
13 17 1288130
13 16 1022170
14 17 1054140
14 12 890100
15 10 1145670
15 13 1187040
15 12 1138750
15 8 920040
16 23 1134020
16 20 998080
16 6 1002930
16 13 1022170
17 14 1054140
17 13 1288130
17 19 1257890
17 25 1576020
18 22 1219660
18 25 1964620
18 19 1646490
19 17 1257890
19 18 1646490
19 22 685070
20 16 998080
20 25 1436180
20 23 1260140
21 24 956690
21 23 1097170
21 7 862080
22 18 1219660
22 19 685070
23 21 1097170
23 24 1255600
23 16 1134020
23 20 1260140
24 21 956690
24 23 1255600
25 20 1436180
25 18 1964620
25 17 1576020
