0 4 1418720
0 2 1802580
1 2 2710470
1 5 2254920
1 3 1838140
2 1 2710470
2 0 1802580
2 4 2945900
3 4 2073570
3 1 1838140
3 5 2001880
4 0 1418720
4 3 2073570
4 2 2945900
4 11 2647560
5 1 2254920
5 3 2001880
5 7 2444200
5 6 2510280
6 8 2087010
6 7 2535820
6 5 2510280
6 11 2667490
6 16 2307870
7 6 2535820
7 21 2225330
7 5 2444200
8 6 2087010
8 10 2156300
8 15 2174990
9 12 2211540
9 10 1948140
10 15 2759170
10 8 2156300
10 11 2736780
10 9 1948140
11 4 2647560
11 6 2667490
11 10 2736780
12 9 2211540
12 14 2477320
12 13 3045250
12 15 3022570
13 12 3045250
13 15 2800540
13 17 2962650
13 16 2418530
14 17 2394720
14 12 2477320
15 10 2759170
15 13 2800540
15 12 3022570
15 8 2174990
16 23 3010050
16 20 2455090
16 6 2307870
16 13 2418530
17 14 2394720
17 13 2962650
17 19 2587390
17 25 3607190
18 22 1813370
18 25 3809950
18 19 2790150
19 17 2587390
19 18 2790150
19 22 1095920
20 16 2455090
20 25 3504320
20 23 3451300
21 24 1874770
21 23 2993590
21 7 2225330
22 18 1813370
22 19 1095920
23 21 2993590
23 24 2887440
23 16 3010050
23 20 3451300
24 21 1874770
24 23 2887440
25 20 3504320
25 18 3809950
25 17 3607190
