0 4 1611310
0 2 2178210
1 2 3846850
1 5 3336800
1 3 2944810
2 1 3846850
2 0 2178210
2 4 3310860
3 4 2408820
3 1 2944810
3 5 2465670
4 0 1611310
4 3 2408820
4 2 3310860
4 11 2765390
5 1 3336800
5 3 2465670
5 7 3391210
5 6 2866450
6 8 2070280
6 7 3400000
6 5 2866450
6 11 2831030
6 16 2499330
7 6 3400000
7 21 3362600
7 5 3391210
8 6 2070280
8 10 1864230
8 15 2205950
9 12 2038330
9 10 1796100
10 15 2804860
10 8 1864230
10 11 2624980
10 9 1796100
11 4 2765390
11 6 2831030
11 10 2624980
12 9 2038330
12 14 2770370
12 13 2816240
12 15 3047090
13 12 2816240
13 15 2915730
13 17 3680650
13 16 2404150
14 17 3634780
14 12 2770370
15 10 2804860
15 13 2915730
15 12 3047090
15 8 2205950
16 23 3069830
16 20 2898640
16 6 2499330
16 13 2404150
17 14 3634780
17 13 3680650
17 19 3976090
17 25 4912250
18 22 3327870
18 25 5615980
18 19 4679820
19 17 3976090
19 18 4679820
19 22 1923810
20 16 2898640
20 25 4410970
20 23 3845050
21 24 2678140
21 23 3408340
21 7 3362600
22 18 3327870
22 19 1923810
23 21 3408340
23 24 3286040
23 16 3069830
23 20 3845050
24 21 2678140
24 23 3286040
25 20 4410970
25 18 5615980
25 17 4912250
