0 4 1831060
0 2 1861130
1 2 3705550
1 5 3746850
1 3 3409840
2 1 3705550
2 0 1861130
2 4 3380930
3 4 3085220
3 1 3409840
3 5 3156590
4 0 1831060
4 3 3085220
4 2 3380930
4 11 3334530
5 1 3746850
5 3 3156590
5 7 3728990
5 6 3479550
6 8 2431270
6 7 3714940
6 5 3479550
6 11 3391850
6 16 3064970
7 6 3714940
7 21 3193190
7 5 3728990
8 6 2431270
8 10 2106850
8 15 2153610
9 12 2172170
9 10 2024570
10 15 2863420
10 8 2106850
10 11 3067430
10 9 2024570
11 4 3334530
11 6 3391850
11 10 3067430
12 9 2172170
12 14 2470760
12 13 2903580
12 15 3011020
13 12 2903580
13 15 2802740
13 17 2985790
13 16 2679870
14 17 2552970
14 12 2470760
15 10 2863420
15 13 2802740
15 12 3011020
15 8 2153610
16 23 2924380
16 20 2715350
16 6 3064970
16 13 2679870
17 14 2552970
17 13 2985790
17 19 2622870
17 25 3256400
18 22 1610750
18 25 2931730
18 19 2298200
19 17 2622870
19 18 2298200
19 22 1282010
20 16 2715350
20 25 3001390
20 23 2975290
21 24 2293140
21 23 2803160
21 7 3193190
22 18 1610750
22 19 1282010
23 21 2803160
23 24 2674300
23 16 2924380
23 20 2975290
24 21 2293140
24 23 2674300
25 20 3001390
25 18 2931730
25 17 3256400
