0 4 2257110
0 2 2224260
1 2 4022620
1 5 4066790
1 3 3461730
2 1 4022620
2 0 2224260
2 4 4045330
3 4 3484440
3 1 3461730
3 5 3495760
4 0 2257110
4 3 3484440
4 2 4045330
4 11 4215970
5 1 4066790
5 3 3495760
5 7 4442780
5 6 3710970
6 8 2065520
6 7 4052930
6 5 3710970
6 11 3837440
6 16 3150510
7 6 4052930
7 21 3740670
7 5 4442780
8 6 2065520
8 10 2074330
8 15 1925030
9 12 2059000
9 10 2131490
10 15 3189440
10 8 2074330
10 11 3846250
10 9 2131490
11 4 4215970
11 6 3837440
11 10 3846250
12 9 2059000
12 14 3006380
12 13 3311840
12 15 3116950
13 12 3311840
13 15 3235030
13 17 3949170
13 16 3204910
14 17 3643710
14 12 3006380
15 10 3189440
15 13 3235030
15 12 3116950
15 8 1925030
16 23 3302430
16 20 2848030
16 6 3150510
16 13 3204910
17 14 3643710
17 13 3949170
17 19 3544290
17 25 4293450
18 22 3235520
18 25 5077030
18 19 4327870
19 17 3544290
19 18 4327870
19 22 1527810
20 16 2848030
20 25 3417320
20 23 3170560
21 24 2474860
21 23 3160780
21 7 3740670
22 18 3235520
22 19 1527810
23 21 3160780
23 24 2939040
23 16 3302430
23 20 3170560
24 21 2474860
24 23 2939040
25 20 3417320
25 18 5077030
25 17 4293450
