0 4 1556380
0 2 2045960
1 2 3420880
1 5 2852380
1 3 2559670
2 1 3420880
2 0 2045960
2 4 3326660
3 4 2465450
3 1 2559670
3 5 2386530
4 0 1556380
4 3 2465450
4 2 3326660
4 11 2809330
5 1 2852380
5 3 2386530
5 7 2640990
5 6 2773660
6 8 2294760
6 7 2735410
6 5 2773660
6 11 2824830
6 16 2578930
7 6 2735410
7 21 2422070
7 5 2640990
8 6 2294760
8 10 2250440
8 15 2333030
9 12 1837950
9 10 1856030
10 15 2862030
10 8 2250440
10 11 2780510
10 9 1856030
11 4 2809330
11 6 2824830
11 10 2780510
12 9 1837950
12 14 2258520
12 13 2974910
12 15 2843950
13 12 2974910
13 15 3075580
13 17 3396790
13 16 2748160
14 17 2680400
14 12 2258520
15 10 2862030
15 13 3075580
15 12 2843950
15 8 2333030
16 23 2649590
16 20 2716380
16 6 2578930
16 13 2748160
17 14 2680400
17 13 3396790
17 19 3046150
17 25 3843990
18 22 2265270
18 25 4205740
18 19 3407900
19 17 3046150
19 18 3407900
19 22 1362630
20 16 2716380
20 25 3621960
20 23 3076190
21 24 2021980
21 23 2625400
21 7 2422070
22 18 2265270
22 19 1362630
23 21 2625400
23 24 2405980
23 16 2649590
23 20 3076190
24 21 2021980
24 23 2405980
25 20 3621960
25 18 4205740
25 17 3843990
