0 4 1640310
0 2 1960030
1 2 3411200
1 5 3182340
1 3 2717490
2 1 3411200
2 0 1960030
2 4 3226200
3 4 2532490
3 1 2717490
3 5 2623350
4 0 1640310
4 3 2532490
4 2 3226200
4 11 3020690
5 1 3182340
5 3 2623350
5 7 3861810
5 6 3363230
6 8 2880630
6 7 4136840
6 5 3363230
6 11 3386580
6 16 3038770
7 6 4136840
7 21 3739590
7 5 3861810
8 6 2880630
8 10 2349030
8 15 2623190
9 12 1959270
9 10 1815710
10 15 2849220
10 8 2349030
10 11 2854980
10 9 1815710
11 4 3020690
11 6 3386580
11 10 2854980
12 9 1959270
12 14 2326120
12 13 2848590
12 15 2992780
13 12 2848590
13 15 2979190
13 17 2989200
13 16 2637140
14 17 2466730
14 12 2326120
15 10 2849220
15 13 2979190
15 12 2992780
15 8 2623190
16 23 3493080
16 20 2456110
16 6 3038770
16 13 2637140
17 14 2466730
17 13 2989200
17 19 2767190
17 25 3425930
18 22 2125490
18 25 3828040
18 19 3169300
19 17 2767190
19 18 3169300
19 22 1347170
20 16 2456110
20 25 3090700
20 23 3509910
21 24 2686500
21 23 3695320
21 7 3739590
22 18 2125490
22 19 1347170
23 21 3695320
23 24 3538060
23 16 3493080
23 20 3509910
24 21 2686500
24 23 3538060
25 20 3090700
25 18 3828040
25 17 3425930
