0 4 2004350
0 2 2283790
1 2 4013060
1 5 3738860
1 3 3295560
2 1 4013060
2 0 2283790
2 4 3714560
3 4 2997060
3 1 3295560
3 5 3002300
4 0 2004350
4 3 2997060
4 2 3714560
4 11 3447970
5 1 3738860
5 3 3002300
5 7 3289120
5 6 3394630
6 8 2219180
6 7 3238150
6 5 3394630
6 11 3402240
6 16 3486000
7 6 3238150
7 21 2984830
7 5 3289120
8 6 2219180
8 10 2212060
8 15 2153720
9 12 2424790
9 10 2139570
10 15 3271080
10 8 2212060
10 11 3395120
10 9 2139570
11 4 3447970
11 6 3402240
11 10 3395120
12 9 2424790
12 14 2908820
12 13 3522930
12 15 3556300
13 12 3522930
13 15 3179370
13 17 3639620
13 16 3387170
14 17 3025510
14 12 2908820
15 10 3271080
15 13 3179370
15 12 3556300
15 8 2153720
16 23 4321650
16 20 3190180
16 6 3486000
16 13 3387170
17 14 3025510
17 13 3639620
17 19 3438530
17 25 3903840
18 22 2572640
18 25 4160960
18 19 3695650
19 17 3438530
19 18 3695650
19 22 1620810
20 16 3190180
20 25 3213230
20 23 3883490
21 24 2968960
21 23 3925990
21 7 2984830
22 18 2572640
22 19 1620810
23 21 3925990
23 24 4057930
23 16 4321650
23 20 3883490
24 21 2968960
24 23 4057930
25 20 3213230
25 18 4160960
25 17 3903840
