0 4 1252710
0 2 1418040
1 2 2649060
1 5 2419450
1 3 2330240
2 1 2649060
2 0 1418040
2 4 2280770
3 4 1961950
3 1 2330240
3 5 1897670
4 0 1252710
4 3 1961950
4 2 2280770
4 11 2226480
5 1 2419450
5 3 1897670
5 7 2276390
5 6 2200060
6 8 1806090
6 7 2489570
6 5 2200060
6 11 2375380
6 16 2051770
7 6 2489570
7 21 2334680
7 5 2276390
8 6 1806090
8 10 1586110
8 15 1685640
9 12 1150230
9 10 1400560
10 15 2072810
10 8 1586110
10 11 2155400
10 9 1400560
11 4 2226480
11 6 2375380
11 10 2155400
12 9 1150230
12 14 1447010
12 13 1777400
12 15 1822480
13 12 1777400
13 15 2127260
13 17 2317690
13 16 1886240
14 17 1987300
14 12 1447010
15 10 2072810
15 13 2127260
15 12 1822480
15 8 1685640
16 23 2160440
16 20 1911350
16 6 2051770
16 13 1886240
17 14 1987300
17 13 2317690
17 19 2258930
17 25 2792860
18 22 1970870
18 25 3228990
18 19 2695060
19 17 2258930
19 18 2695060
19 22 1240470
20 16 1911350
20 25 2582460
20 23 2381490
21 24 2033400
21 23 2367020
21 7 2334680
22 18 1970870
22 19 1240470
23 21 2367020
23 24 2296960
23 16 2160440
23 20 2381490
24 21 2033400
24 23 2296960
25 20 2582460
25 18 3228990
25 17 2792860
