0 4 1979870
0 2 2177330
1 2 3730880
1 5 3352260
1 3 2896120
2 1 3730880
2 0 2177330
2 4 3796300
3 4 2961540
3 1 2896120
3 5 2780380
4 0 1979870
4 3 2961540
4 2 3796300
4 11 3544800
5 1 3352260
5 3 2780380
5 7 3186240
5 6 2956740
6 8 1991730
6 7 2906460
6 5 2956740
6 11 3083860
6 16 2997040
7 6 2906460
7 21 2496260
7 5 3186240
8 6 1991730
8 10 2307970
8 15 2207930
9 12 2166460
9 10 2349960
10 15 3209400
10 8 2307970
10 11 3400100
10 9 2349960
11 4 3544800
11 6 3083860
11 10 3400100
12 9 2166460
12 14 2519810
12 13 3116150
12 15 3025900
13 12 3116150
13 15 3199610
13 17 3372430
13 16 3303490
14 17 2776090
14 12 2519810
15 10 3209400
15 13 3199610
15 12 3025900
15 8 2207930
16 23 3848890
16 20 3022290
16 6 2997040
16 13 3303490
17 14 2776090
17 13 3372430
17 19 2711960
17 25 3761930
18 22 2375270
18 25 4322690
18 19 3272720
19 17 2711960
19 18 3272720
19 22 1071470
20 16 3022290
20 25 3398160
20 23 3554060
21 24 2281970
21 23 3118610
21 7 2496260
22 18 2375270
22 19 1071470
23 21 3118610
23 24 3544020
23 16 3848890
23 20 3554060
24 21 2281970
24 23 3544020
25 20 3398160
25 18 4322690
25 17 3761930
