0 4 1490690
0 2 2440670
1 2 3782180
1 5 3104040
1 3 2503730
2 1 3782180
2 0 2440670
2 4 3533940
3 4 2255490
3 1 2503730
3 5 2527330
4 0 1490690
4 3 2255490
4 2 3533940
4 11 2688200
5 1 3104040
5 3 2527330
5 7 3503500
5 6 2950440
6 8 1984070
6 7 3326300
6 5 2950440
6 11 2782840
6 16 2490970
7 6 3326300
7 21 3165180
7 5 3503500
8 6 1984070
8 10 1850540
8 15 2009670
9 12 1598400
9 10 1499040
10 15 2665310
10 8 1850540
10 11 2649310
10 9 1499040
11 4 2688200
11 6 2782840
11 10 2649310
12 9 1598400
12 14 2290090
12 13 2649020
12 15 2764670
13 12 2649020
13 15 2708790
13 17 2806910
13 16 2400920
14 17 2447980
14 12 2290090
15 10 2665310
15 13 2708790
15 12 2764670
15 8 2009670
16 23 2821090
16 20 2287000
16 6 2490970
16 13 2400920
17 14 2447980
17 13 2806910
17 19 2255990
17 25 3210220
18 22 2071250
18 25 3492550
18 19 2538320
19 17 2255990
19 18 2538320
19 22 1024230
20 16 2287000
20 25 2882530
20 23 2899390
21 24 2753600
21 23 2942240
21 7 3165180
22 18 2071250
22 19 1024230
23 21 2942240
23 24 3244840
23 16 2821090
23 20 2899390
24 21 2753600
24 23 3244840
25 20 2882530
25 18 3492550
25 17 3210220
