0 4 1865280
0 2 2634560
1 2 3910500
1 5 3066550
1 3 2391530
2 1 3910500
2 0 2634560
2 4 4257400
3 4 2738430
3 1 2391530
3 5 2663760
4 0 1865280
4 3 2738430
4 2 4257400
4 11 3459430
5 1 3066550
5 3 2663760
5 7 3121490
5 6 3318750
6 8 2233540
6 7 3101460
6 5 3318750
6 11 3364730
6 16 2838660
7 6 3101460
7 21 2231730
7 5 3121490
8 6 2233540
8 10 2337720
8 15 2217430
9 12 1853950
9 10 2316060
10 15 3386790
10 8 2337720
10 11 3468910
10 9 2316060
11 4 3459430
11 6 3364730
11 10 3468910
12 9 1853950
12 14 1980820
12 13 2433410
12 15 2924680
13 12 2433410
13 15 2775230
13 17 2445310
13 16 2331280
14 17 1992720
14 12 1980820
15 10 3386790
15 13 2775230
15 12 2924680
15 8 2217430
16 23 2478140
16 20 2324610
16 6 2838660
16 13 2331280
17 14 1992720
17 13 2445310
17 19 2392570
17 25 2547810
18 22 2029890
18 25 3153760
18 19 2998520
19 17 2392570
19 18 2998520
19 22 1209850
20 16 2324610
20 25 2379790
20 23 2424150
21 24 1577630
21 23 2068470
21 7 2231730
22 18 2029890
22 19 1209850
23 21 2068470
23 24 2086840
23 16 2478140
23 20 2424150
24 21 1577630
24 23 2086840
25 20 2379790
25 18 3153760
25 17 2547810
