0 4 1539380
0 2 1555130
1 2 2957140
1 5 3000840
1 3 2681680
2 1 2957140
2 0 1555130
2 4 2740990
3 4 2465530
3 1 2681680
3 5 2524980
4 0 1539380
4 3 2465530
4 2 2740990
4 11 2771470
5 1 3000840
5 3 2524980
5 7 3279430
5 6 2884670
6 8 2025420
6 7 3319960
6 5 2884670
6 11 2871450
6 16 2507520
7 6 3319960
7 21 3011680
7 5 3279430
8 6 2025420
8 10 1822280
8 15 1915230
9 12 1771700
9 10 1665530
10 15 2611870
10 8 1822280
10 11 2668310
10 9 1665530
11 4 2771470
11 6 2871450
11 10 2668310
12 9 1771700
12 14 2187840
12 13 2710750
12 15 2718040
13 12 2710750
13 15 2697530
13 17 2958030
13 16 2390040
14 17 2435120
14 12 2187840
15 10 2611870
15 13 2697530
15 12 2718040
15 8 1915230
16 23 2810820
16 20 2207200
16 6 2507520
16 13 2390040
17 14 2435120
17 13 2958030
17 19 2657600
17 25 3164440
18 22 1831010
18 25 3330080
18 19 2823240
19 17 2657600
19 18 2823240
19 22 1097150
20 16 2207200
20 25 2713810
20 23 2928180
21 24 2139450
21 23 2920220
21 7 3011680
22 18 1831010
22 19 1097150
23 21 2920220
23 24 2751030
23 16 2810820
23 20 2928180
24 21 2139450
24 23 2751030
25 20 2713810
25 18 3330080
25 17 3164440
