0 4 1033500
0 2 1334180
1 2 2225380
1 5 1832680
1 3 1665210
2 1 2225380
2 0 1334180
2 4 2204680
3 4 1644510
3 1 1665210
3 5 1552490
4 0 1033500
4 3 1644510
4 2 2204680
4 11 1875850
5 1 1832680
5 3 1552490
5 7 1833630
5 6 1891930
6 8 1614800
6 7 2005600
6 5 1891930
6 11 1955800
6 16 1691710
7 6 2005600
7 21 1568810
7 5 1833630
8 6 1614800
8 10 1381840
8 15 1585730
9 12 1458680
9 10 1108520
10 15 1801870
10 8 1381840
10 11 1722840
10 9 1108520
11 4 1875850
11 6 1955800
11 10 1722840
12 9 1458680
12 14 1836500
12 13 1896430
12 15 2152030
13 12 1896430
13 15 1750160
13 17 1830270
13 16 1407040
14 17 1770340
14 12 1836500
15 10 1801870
15 13 1750160
15 12 2152030
15 8 1585730
16 23 1519570
16 20 1302650
16 6 1691710
16 13 1407040
17 14 1770340
17 13 1830270
17 19 1700500
17 25 1947600
18 22 1130350
18 25 1903170
18 19 1656070
19 17 1700500
19 18 1656070
19 22 709300
20 16 1302650
20 25 1507500
20 23 1502700
21 24 1155520
21 23 1454970
21 7 1568810
22 18 1130350
22 19 709300
23 21 1454970
23 24 1420170
23 16 1519570
23 20 1502700
24 21 1155520
24 23 1420170
25 20 1507500
25 18 1903170
25 17 1947600
