0 4 1237490
0 2 1702330
1 2 2959460
1 5 2587130
1 3 2318450
2 1 2959460
2 0 1702330
2 4 2751440
3 4 2110430
3 1 2318450
3 5 2202940
4 0 1237490
4 3 2110430
4 2 2751440
4 11 2396730
5 1 2587130
5 3 2202940
5 7 2486100
5 6 2422440
6 8 1853840
6 7 2436920
6 5 2422440
6 11 2440060
6 16 2382150
7 6 2436920
7 21 2337630
7 5 2486100
8 6 1853840
8 10 1809950
8 15 1798910
9 12 1685790
9 10 1630440
10 15 2274440
10 8 1809950
10 11 2396170
10 9 1630440
11 4 2396730
11 6 2440060
11 10 2396170
12 9 1685790
12 14 1981500
12 13 2517880
12 15 2329790
13 12 2517880
13 15 2451490
13 17 2696100
13 16 2515310
14 17 2159720
14 12 1981500
15 10 2274440
15 13 2451490
15 12 2329790
15 8 1798910
16 23 2970740
16 20 2087810
16 6 2382150
16 13 2515310
17 14 2159720
17 13 2696100
17 19 2310410
17 25 2598200
18 22 1611080
18 25 2801910
18 19 2514120
19 17 2310410
19 18 2514120
19 22 965160
20 16 2087810
20 25 2114180
20 23 2667510
21 24 1890820
21 23 2862560
21 7 2337630
22 18 1611080
22 19 965160
23 21 2862560
23 24 2578700
23 16 2970740
23 20 2667510
24 21 1890820
24 23 2578700
25 20 2114180
25 18 2801910
25 17 2598200
