0 4 2163570
0 2 2132180
1 2 4144850
1 5 4122550
1 3 3706030
2 1 4144850
2 0 2132180
2 4 3886150
3 4 3447330
3 1 3706030
3 5 3393640
4 0 2163570
4 3 3447330
4 2 3886150
4 11 3964750
5 1 4122550
5 3 3393640
5 7 3427670
5 6 3570200
6 8 2433600
6 7 3187710
6 5 3570200
6 11 3671100
6 16 3275210
7 6 3187710
7 21 3018240
7 5 3427670
8 6 2433600
8 10 2571600
8 15 2639220
9 12 2516400
9 10 2388290
10 15 3673860
10 8 2571600
10 11 3809100
10 9 2388290
11 4 3964750
11 6 3671100
11 10 3809100
12 9 2516400
12 14 2846800
12 13 3968400
12 15 3801970
13 12 3968400
13 15 3907910
13 17 3976470
13 16 3647260
14 17 2854870
14 12 2846800
15 10 3673860
15 13 3907910
15 12 3801970
15 8 2639220
16 23 4221090
16 20 3432610
16 6 3275210
16 13 3647260
17 14 2854870
17 13 3976470
17 19 3476230
17 25 4000180
18 22 2338880
18 25 4108880
18 19 3584930
19 17 3476230
19 18 3584930
19 22 1827810
20 16 3432610
20 25 3883400
20 23 4433520
21 24 2469510
21 23 4106650
21 7 3018240
22 18 2338880
22 19 1827810
23 21 4106650
23 24 3584860
23 16 4221090
23 20 4433520
24 21 2469510
24 23 3584860
25 20 3883400
25 18 4108880
25 17 4000180
