0 4 1912020
0 2 1932390
1 2 3933410
1 5 4009010
1 3 3480010
2 1 3933410
2 0 1932390
2 4 3830410
3 4 3377010
3 1 3480010
3 5 3472980
4 0 1912020
4 3 3377010
4 2 3830410
4 11 3919500
5 1 4009010
5 3 3472980
5 7 3838980
5 6 3806980
6 8 2723800
6 7 3643980
6 5 3806980
6 11 3820470
6 16 3509250
7 6 3643980
7 21 3226500
7 5 3838980
8 6 2723800
8 10 2951940
8 15 3018160
9 12 2988740
9 10 2745670
10 15 4134480
10 8 2951940
10 11 4048610
10 9 2745670
11 4 3919500
11 6 3820470
11 10 4048610
12 9 2988740
12 14 3836850
12 13 4191540
12 15 4377550
13 12 4191540
13 15 4014690
13 17 4479370
13 16 3617600
14 17 4124680
14 12 3836850
15 10 4134480
15 13 4014690
15 12 4377550
15 8 3018160
16 23 4041930
16 20 3664100
16 6 3509250
16 13 3617600
17 14 4124680
17 13 4479370
17 19 4286810
17 25 5481080
18 22 3342400
18 25 6106770
18 19 4912500
19 17 4286810
19 18 4912500
19 22 1873460
20 16 3664100
20 25 4876890
20 23 4299510
21 24 2661190
21 23 3727180
21 7 3226500
22 18 3342400
22 19 1873460
23 21 3727180
23 24 3611350
23 16 4041930
23 20 4299510
24 21 2661190
24 23 3611350
25 20 4876890
25 18 6106770
25 17 5481080
