0 4 2948490
0 2 3515160
1 2 5670780
1 5 4877900
1 3 4375100
2 1 5670780
2 0 3515160
2 4 5606050
3 4 4310370
3 1 4375100
3 5 4084160
4 0 2948490
4 3 4310370
4 2 5606050
4 11 5239660
5 1 4877900
5 3 4084160
5 7 4245470
5 6 4563360
6 8 3272310
6 7 4221870
6 5 4563360
6 11 4989850
6 16 4006280
7 6 4221870
7 21 3650920
7 5 4245470
8 6 3272310
8 10 3219270
8 15 3285380
9 12 3394500
9 10 3054310
10 15 4499790
10 8 3219270
10 11 4936810
10 9 3054310
11 4 5239660
11 6 4989850
11 10 4936810
12 9 3394500
12 14 3667380
12 13 5063680
12 15 4839980
13 12 5063680
13 15 4789600
13 17 4970210
13 16 4243050
14 17 3573910
14 12 3667380
15 10 4499790
15 13 4789600
15 12 4839980
15 8 3285380
16 23 4158070
16 20 3668970
16 6 4006280
16 13 4243050
17 14 3573910
17 13 4970210
17 19 4272860
17 25 4969240
18 22 2990450
18 25 5215320
18 19 4518940
19 17 4272860
19 18 4518940
19 22 2090110
20 16 3668970
20 25 4438250
20 23 4354240
21 24 2832950
21 23 4120600
21 7 3650920
22 18 2990450
22 19 2090110
23 21 4120600
23 24 3555690
23 16 4158070
23 20 4354240
24 21 2832950
24 23 3555690
25 20 4438250
25 18 5215320
25 17 4969240
