0 4 1477740
0 2 2390810
1 2 3871630
1 5 3193180
1 3 2483660
2 1 3871630
2 0 2390810
2 4 3854470
3 4 2466500
3 1 2483660
3 5 2701120
4 0 1477740
4 3 2466500
4 2 3854470
4 11 3087620
5 1 3193180
5 3 2701120
5 7 3686000
5 6 3255390
6 8 2509030
6 7 3530750
6 5 3255390
6 11 3166990
6 16 2644500
7 6 3530750
7 21 3422750
7 5 3686000
8 6 2509030
8 10 2479040
8 15 2457390
9 12 1665900
9 10 1990940
10 15 3018510
10 8 2479040
10 11 3137000
10 9 1990940
11 4 3087620
11 6 3166990
11 10 3137000
12 9 1665900
12 14 1976170
12 13 2370290
12 15 2693470
13 12 2370290
13 15 2673680
13 17 2717380
13 16 2269680
14 17 2323260
14 12 1976170
15 10 3018510
15 13 2673680
15 12 2693470
15 8 2457390
16 23 2582720
16 20 2441640
16 6 2644500
16 13 2269680
17 14 2323260
17 13 2717380
17 19 2627210
17 25 3165920
18 22 2306030
18 25 3527540
18 19 2988830
19 17 2627210
19 18 2988830
19 22 1487360
20 16 2441640
20 25 2971000
20 23 2835500
21 24 2548030
21 23 2930360
21 7 3422750
22 18 2306030
22 19 1487360
23 21 2930360
23 24 2594250
23 16 2582720
23 20 2835500
24 21 2548030
24 23 2594250
25 20 2971000
25 18 3527540
25 17 3165920
