0 4 1254230
0 2 1583190
1 2 2471060
1 5 2072060
1 3 1754900
2 1 2471060
2 0 1583190
2 4 2503180
3 4 1787020
3 1 1754900
3 5 1716980
4 0 1254230
4 3 1787020
4 2 2503180
4 11 2133770
5 1 2072060
5 3 1716980
5 7 2304540
5 6 2014370
6 8 1599960
6 7 2284770
6 5 2014370
6 11 2043960
6 16 1984300
7 6 2284770
7 21 2082700
7 5 2304540
8 6 1599960
8 10 1616080
8 15 1848740
9 12 1853970
9 10 1457390
10 15 2259500
10 8 1616080
10 11 2060080
10 9 1457390
11 4 2133770
11 6 2043960
11 10 2060080
12 9 1853970
12 14 1960960
12 13 2704550
12 15 2656080
13 12 2704550
13 15 2540630
13 17 2451430
13 16 2281550
14 17 1707840
14 12 1960960
15 10 2259500
15 13 2540630
15 12 2656080
15 8 1848740
16 23 2411020
16 20 2076000
16 6 1984300
16 13 2281550
17 14 1707840
17 13 2451430
17 19 2024020
17 25 2272200
18 22 1565610
18 25 2537030
18 19 2288850
19 17 2024020
19 18 2288850
19 22 1011040
20 16 2076000
20 25 2204320
20 23 2513020
21 24 1915800
21 23 2219250
21 7 2082700
22 18 1565610
22 19 1011040
23 21 2219250
23 24 2544590
23 16 2411020
23 20 2513020
24 21 1915800
24 23 2544590
25 20 2204320
25 18 2537030
25 17 2272200
