0 4 2735500
0 2 2760380
1 2 5436220
1 5 5538390
1 3 4815880
2 1 5436220
2 0 2760380
2 4 4979360
3 4 4359020
3 1 4815880
3 5 4486070
4 0 2735500
4 3 4359020
4 2 4979360
4 11 5117210
5 1 5538390
5 3 4486070
5 7 5454670
5 6 4877990
6 8 3343680
6 7 5124080
6 5 4877990
6 11 4913670
6 16 4322110
7 6 5124080
7 21 4518890
7 5 5454670
8 6 3343680
8 10 3695800
8 15 3486830
9 12 2543250
9 10 3562830
10 15 5042670
10 8 3695800
10 11 5265790
10 9 3562830
11 4 5117210
11 6 4913670
11 10 5265790
12 9 2543250
12 14 3097200
12 13 3534480
12 15 4023090
13 12 3534480
13 15 4345090
13 17 4574980
13 16 3976650
14 17 4137700
14 12 3097200
15 10 5042670
15 13 4345090
15 12 4023090
15 8 3486830
16 23 5153570
16 20 3228740
16 6 4322110
16 13 3976650
17 14 4137700
17 13 4574980
17 19 4066630
17 25 4971150
18 22 2350360
18 25 4471610
18 19 3567090
19 17 4066630
19 18 3567090
19 22 1623050
20 16 3228740
20 25 3504740
20 23 4285490
21 24 2748640
21 23 4773670
21 7 4518890
22 18 2350360
22 19 1623050
23 21 4773670
23 24 4185290
23 16 5153570
23 20 4285490
24 21 2748640
24 23 4185290
25 20 3504740
25 18 4471610
25 17 4971150
