0 4 2152940
0 2 1984560
1 2 3979340
1 5 3951640
1 3 3516050
2 1 3979340
2 0 1984560
2 4 3947080
3 4 3483790
3 1 3516050
3 5 3287710
4 0 2152940
4 3 3483790
4 2 3947080
4 11 4118010
5 1 3951640
5 3 3287710
5 7 4107020
5 6 3636080
6 8 2692980
6 7 4019800
6 5 3636080
6 11 3834710
6 16 3325790
7 6 4019800
7 21 3760560
7 5 4107020
8 6 2692980
8 10 2617360
8 15 2678250
9 12 2098020
9 10 2233650
10 15 3458510
10 8 2617360
10 11 3759090
10 9 2233650
11 4 4118010
11 6 3834710
11 10 3759090
12 9 2098020
12 14 2678130
12 13 3216410
12 15 3322880
13 12 3216410
13 15 3412930
13 17 3823190
13 16 3204590
14 17 3284910
14 12 2678130
15 10 3458510
15 13 3412930
15 12 3322880
15 8 2678250
16 23 4178660
16 20 3136260
16 6 3325790
16 13 3204590
17 14 3284910
17 13 3823190
17 19 3899990
17 25 4610720
18 22 3331150
18 25 5399740
18 19 4689010
19 17 3899990
19 18 4689010
19 22 2102200
20 16 3136260
20 25 4025660
20 23 4212200
21 24 2825090
21 23 4142490
21 7 3760560
22 18 3331150
22 19 2102200
23 21 4142490
23 24 3937200
23 16 4178660
23 20 4212200
24 21 2825090
24 23 3937200
25 20 4025660
25 18 5399740
25 17 4610720
