0 4 758540
0 2 986030
1 2 1409050
1 5 1095540
1 3 953310
2 1 1409050
2 0 986030
2 4 1520510
3 4 1064770
3 1 953310
3 5 978750
4 0 758540
4 3 1064770
4 2 1520510
4 11 1344710
5 1 1095540
5 3 978750
5 7 1429010
5 6 1136720
6 8 919020
6 7 1444750
6 5 1136720
6 11 1274430
6 16 1035510
7 6 1444750
7 21 1434870
7 5 1429010
8 6 919020
8 10 1052020
8 15 1056610
9 12 885190
9 10 920030
10 15 1423050
10 8 1052020
10 11 1407430
10 9 920030
11 4 1344710
11 6 1274430
11 10 1407430
12 9 885190
12 14 1186110
12 13 1266070
12 15 1388210
13 12 1266070
13 15 1305500
13 17 1445650
13 16 1050960
14 17 1365690
14 12 1186110
15 10 1423050
15 13 1305500
15 12 1388210
15 8 1056610
16 23 1208590
16 20 1082180
16 6 1035510
16 13 1050960
17 14 1365690
17 13 1445650
17 19 1526460
17 25 1629270
18 22 1034260
18 25 1745060
18 19 1642250
19 17 1526460
19 18 1642250
19 22 736990
20 16 1082180
20 25 1398200
20 23 1372210
21 24 1012520
21 23 1315660
21 7 1434870
22 18 1034260
22 19 736990
23 21 1315660
23 24 1195480
23 16 1208590
23 20 1372210
24 21 1012520
24 23 1195480
25 20 1398200
25 18 1745060
25 17 1629270
