0 4 866000
0 2 1270450
1 2 2242060
1 5 1745390
1 3 1614540
2 1 2242060
2 0 1270450
2 4 2083650
3 4 1456130
3 1 1614540
3 5 1363910
4 0 866000
4 3 1456130
4 2 2083650
4 11 1691440
5 1 1745390
5 3 1363910
5 7 1657900
5 6 1630560
6 8 1439550
6 7 1793700
6 5 1630560
6 11 1735020
6 16 1543180
7 6 1793700
7 21 1431830
7 5 1657900
8 6 1439550
8 10 1409290
8 15 1485310
9 12 1115910
9 10 1229580
10 15 1781860
10 8 1409290
10 11 1704760
10 9 1229580
11 4 1691440
11 6 1735020
11 10 1704760
12 9 1115910
12 14 1079180
12 13 1560010
12 15 1668190
13 12 1560010
13 15 1749700
13 17 1514290
13 16 1480760
14 17 1033460
14 12 1079180
15 10 1781860
15 13 1749700
15 12 1668190
15 8 1485310
16 23 1759640
16 20 1372350
16 6 1543180
16 13 1480760
17 14 1033460
17 13 1514290
17 19 1166590
17 25 1532120
18 22 985260
18 25 1666410
18 19 1300880
19 17 1166590
19 18 1300880
19 22 630500
20 16 1372350
20 25 1550940
20 23 1811990
21 24 1004290
21 23 1620950
21 7 1431830
22 18 985260
22 19 630500
23 21 1620950
23 24 1582620
23 16 1759640
23 20 1811990
24 21 1004290
24 23 1582620
25 20 1550940
25 18 1666410
25 17 1532120
