0 4 1163110
0 2 1596190
1 2 2797990
1 5 2353290
1 3 2197620
2 1 2797990
2 0 1596190
2 4 2550960
3 4 1950590
3 1 2197620
3 5 1938970
4 0 1163110
4 3 1950590
4 2 2550960
4 11 2290140
5 1 2353290
5 3 1938970
5 7 2083780
5 6 1979720
6 8 1465620
6 7 1968860
6 5 1979720
6 11 2163600
6 16 1681970
7 6 1968860
7 21 1831290
7 5 2083780
8 6 1465620
8 10 1701650
8 15 1406620
9 12 1432900
9 10 1603730
10 15 2041830
10 8 1701650
10 11 2399630
10 9 1603730
11 4 2290140
11 6 2163600
11 10 2399630
12 9 1432900
12 14 1724140
12 13 1864110
12 15 1871000
13 12 1864110
13 15 1739910
13 17 2125620
13 16 1616080
14 17 1985650
14 12 1724140
15 10 2041830
15 13 1739910
15 12 1871000
15 8 1406620
16 23 2216650
16 20 2152320
16 6 1681970
16 13 1616080
17 14 1985650
17 13 2125620
17 19 2026830
17 25 3070940
18 22 1751120
18 25 3477420
18 19 2433310
19 17 2026830
19 18 2433310
19 22 853250
20 16 2152320
20 25 3214580
20 23 2869830
21 24 1701340
21 23 2261910
21 7 1831290
22 18 1751120
22 19 853250
23 21 2261910
23 24 2373590
23 16 2216650
23 20 2869830
24 21 1701340
24 23 2373590
25 20 3214580
25 18 3477420
25 17 3070940
