0 4 370730
0 2 416040
1 2 734290
1 5 686780
1 3 601590
2 1 734290
2 0 416040
2 4 718610
3 4 585910
3 1 601590
3 5 583710
4 0 370730
4 3 585910
4 2 718610
4 11 677500
5 1 686780
5 3 583710
5 7 769970
5 6 726880
6 8 620090
6 7 827950
6 5 726880
6 11 733280
6 16 668120
7 6 827950
7 21 756920
7 5 769970
8 6 620090
8 10 558740
8 15 614320
9 12 474280
9 10 421740
10 15 717740
10 8 558740
10 11 671930
10 9 421740
11 4 677500
11 6 733280
11 10 671930
12 9 474280
12 14 554510
12 13 687880
12 15 770280
13 12 687880
13 15 690920
13 17 647460
13 16 579950
14 17 514090
14 12 554510
15 10 717740
15 13 690920
15 12 770280
15 8 614320
16 23 795690
16 20 622970
16 6 668120
16 13 579950
17 14 514090
17 13 647460
17 19 645320
17 25 747670
18 22 626910
18 25 990820
18 19 888470
19 17 645320
19 18 888470
19 22 342680
20 16 622970
20 25 751750
20 23 867280
21 24 585350
21 23 841400
21 7 756920
22 18 626910
22 19 342680
23 21 841400
23 24 783950
23 16 795690
23 20 867280
24 21 585350
24 23 783950
25 20 751750
25 18 990820
25 17 747670
