0 4 264170
0 2 308240
1 2 604670
1 5 553780
1 3 546270
2 1 604670
2 0 308240
2 4 500950
3 4 442550
3 1 546270
3 5 435730
4 0 264170
4 3 442550
4 2 500950
4 11 487510
5 1 553780
5 3 435730
5 7 526700
5 6 494620
6 8 419970
6 7 578080
6 5 494620
6 11 532070
6 16 490890
7 6 578080
7 21 526990
7 5 526700
8 6 419970
8 10 381850
8 15 431110
9 12 401090
9 10 346020
10 15 519020
10 8 381850
10 11 493950
10 9 346020
11 4 487510
11 6 532070
11 10 493950
12 9 401090
12 14 466840
12 13 561070
12 15 574090
13 12 561070
13 15 555260
13 17 620810
13 16 489010
14 17 526580
14 12 466840
15 10 519020
15 13 555260
15 12 574090
15 8 431110
16 23 506570
16 20 459740
16 6 490890
16 13 489010
17 14 526580
17 13 620810
17 19 613810
17 25 676000
18 22 418760
18 25 732650
18 19 670460
19 17 613810
19 18 670460
19 22 276540
20 16 459740
20 25 568160
20 23 530530
21 24 370160
21 23 510590
21 7 526990
22 18 418760
22 19 276540
23 21 510590
23 24 436930
23 16 506570
23 20 530530
24 21 370160
24 23 436930
25 20 568160
25 18 732650
25 17 676000
