0 4 834970
0 2 934250
1 2 1755850
1 5 1515800
1 3 1441730
2 1 1755850
2 0 934250
2 4 1686680
3 4 1372560
3 1 1441730
3 5 1231790
4 0 834970
4 3 1372560
4 2 1686680
4 11 1635300
5 1 1515800
5 3 1231790
5 7 1305340
5 6 1366590
6 8 1073970
6 7 1366070
6 5 1366590
6 11 1555260
6 16 1346180
7 6 1366070
7 21 1215990
7 5 1305340
8 6 1073970
8 10 1208150
8 15 1188960
9 12 986230
9 10 1146730
10 15 1676490
10 8 1208150
10 11 1689440
10 9 1146730
11 4 1635300
11 6 1555260
11 10 1689440
12 9 986230
12 14 1069330
12 13 1401140
12 15 1515990
13 12 1401140
13 15 1542450
13 17 1532500
13 16 1346320
14 17 1200690
14 12 1069330
15 10 1676490
15 13 1542450
15 12 1515990
15 8 1188960
16 23 1778960
16 20 1492570
16 6 1346180
16 13 1346320
17 14 1200690
17 13 1532500
17 19 1541960
17 25 1733600
18 22 1375880
18 25 2204370
18 19 2012730
19 17 1541960
19 18 2012730
19 22 809670
20 16 1492570
20 25 1774950
20 23 2006490
21 24 1039810
21 23 1710020
21 7 1215990
22 18 1375880
22 19 809670
23 21 1710020
23 24 1622670
23 16 1778960
23 20 2006490
24 21 1039810
24 23 1622670
25 20 1774950
25 18 2204370
25 17 1733600
