0 4 608240
0 2 394240
1 2 987940
1 5 1080060
1 3 1059820
2 1 987940
2 0 394240
2 4 919820
3 4 991700
3 1 1059820
3 5 869820
4 0 608240
4 3 991700
4 2 919820
4 11 1110020
5 1 1080060
5 3 869820
5 7 974770
5 6 1003290
6 8 784750
6 7 1088000
6 5 1003290
6 11 1101370
6 16 1018350
7 6 1088000
7 21 941470
7 5 974770
8 6 784750
8 10 699320
8 15 795290
9 12 645570
9 10 642690
10 15 1041630
10 8 699320
10 11 1015940
10 9 642690
11 4 1110020
11 6 1101370
11 10 1015940
12 9 645570
12 14 828500
12 13 998280
12 15 1044510
13 12 998280
13 15 1091370
13 17 1244810
13 16 982660
14 17 1075030
14 12 828500
15 10 1041630
15 13 1091370
15 12 1044510
15 8 795290
16 23 1105380
16 20 1053190
16 6 1018350
16 13 982660
17 14 1075030
17 13 1244810
17 19 1225030
17 25 1482010
18 22 1006240
18 25 1655620
18 19 1398640
19 17 1225030
19 18 1398640
19 22 613180
20 16 1053190
20 25 1352870
20 23 1238390
21 24 623620
21 23 1057020
21 7 941470
22 18 1006240
22 19 613180
23 21 1057020
23 24 857180
23 16 1105380
23 20 1238390
24 21 623620
24 23 857180
25 20 1352870
25 18 1655620
25 17 1482010
