0 4 1111280
0 2 1025150
1 2 2383830
1 5 2553710
1 3 2359940
2 1 2383830
2 0 1025150
2 4 2048930
3 4 2025040
3 1 2359940
3 5 2108790
4 0 1111280
4 3 2025040
4 2 2048930
4 11 2305410
5 1 2553710
5 3 2108790
5 7 2320730
5 6 2322980
6 8 1738420
6 7 2341150
6 5 2322980
6 11 2409580
6 16 2180720
7 6 2341150
7 21 1823820
7 5 2320730
8 6 1738420
8 10 1687180
8 15 1928650
9 12 1624780
9 10 1611400
10 15 2482390
10 8 1687180
10 11 2358340
10 9 1611400
11 4 2305410
11 6 2409580
11 10 2358340
12 9 1624780
12 14 1819990
12 13 2327130
12 15 2495770
13 12 2327130
13 15 2555220
13 17 2717000
13 16 2202310
14 17 2209860
14 12 1819990
15 10 2482390
15 13 2555220
15 12 2495770
15 8 1928650
16 23 2465720
16 20 2427830
16 6 2180720
16 13 2202310
17 14 2209860
17 13 2717000
17 19 2780030
17 25 3208740
18 22 2452830
18 25 4051370
18 19 3622660
19 17 2780030
19 18 3622660
19 22 1342810
20 16 2427830
20 25 3103840
20 23 2875510
21 24 1840650
21 23 2111070
21 7 1823820
22 18 2452830
22 19 1342810
23 21 2111070
23 24 2642980
23 16 2465720
23 20 2875510
24 21 1840650
24 23 2642980
25 20 3103840
25 18 4051370
25 17 3208740
