0 4 898720
0 2 1142580
1 2 1718470
1 5 1430920
1 3 1166140
2 1 1718470
2 0 1142580
2 4 1865900
3 4 1313570
3 1 1166140
3 5 1269880
4 0 898720
4 3 1313570
4 2 1865900
4 11 1675560
5 1 1430920
5 3 1269880
5 7 1546200
5 6 1553980
6 8 1263210
6 7 1565520
6 5 1553980
6 11 1651190
6 16 1413410
7 6 1565520
7 21 1439630
7 5 1546200
8 6 1263210
8 10 1342800
8 15 1337990
9 12 1366350
9 10 1230140
10 15 1727670
10 8 1342800
10 11 1730780
10 9 1230140
11 4 1675560
11 6 1651190
11 10 1730780
12 9 1366350
12 14 1506940
12 13 1914390
12 15 1863880
13 12 1914390
13 15 1773370
13 17 1884120
13 16 1538700
14 17 1476670
14 12 1506940
15 10 1727670
15 13 1773370
15 12 1863880
15 8 1337990
16 23 1924190
16 20 1551790
16 6 1413410
16 13 1538700
17 14 1476670
17 13 1884120
17 19 1609030
17 25 2287190
18 22 1146730
18 25 2424170
18 19 1746010
19 17 1609030
19 18 1746010
19 22 674420
20 16 1551790
20 25 2240040
20 23 2222460
21 24 1217070
21 23 1958190
21 7 1439630
22 18 1146730
22 19 674420
23 21 1958190
23 24 1853740
23 16 1924190
23 20 2222460
24 21 1217070
24 23 1853740
25 20 2240040
25 18 2424170
25 17 2287190
