0 4 790960
0 2 1154350
1 2 1716880
1 5 1382650
1 3 1190340
2 1 1716880
2 0 1154350
2 4 1683670
3 4 1157130
3 1 1190340
3 5 1186290
4 0 790960
4 3 1157130
4 2 1683670
4 11 1371700
5 1 1382650
5 3 1186290
5 7 1449370
5 6 1343190
6 8 1067440
6 7 1413960
6 5 1343190
6 11 1365450
6 16 1195340
7 6 1413960
7 21 1221930
7 5 1449370
8 6 1067440
8 10 1089180
8 15 1151230
9 12 939970
9 10 941310
10 15 1413310
10 8 1089180
10 11 1387190
10 9 941310
11 4 1371700
11 6 1365450
11 10 1387190
12 9 939970
12 14 1015710
12 13 1394630
12 15 1411970
13 12 1394630
13 15 1458020
13 17 1342330
13 16 1261790
14 17 963410
14 12 1015710
15 10 1413310
15 13 1458020
15 12 1411970
15 8 1151230
16 23 1177070
16 20 1014460
16 6 1195340
16 13 1261790
17 14 963410
17 13 1342330
17 19 924210
17 25 1403330
18 22 542410
18 25 1270420
18 19 791300
19 17 924210
19 18 791300
19 22 355550
20 16 1014460
20 25 1254350
20 23 1108630
21 24 986810
21 23 1097480
21 7 1221930
22 18 542410
22 19 355550
23 21 1097480
23 24 1160570
23 16 1177070
23 20 1108630
24 21 986810
24 23 1160570
25 20 1254350
25 18 1270420
25 17 1403330
