0 4 421730
0 2 489250
1 2 862130
1 5 727960
1 3 651830
2 1 862130
2 0 489250
2 4 876620
3 4 666320
3 1 651830
3 5 599670
4 0 421730
4 3 666320
4 2 876620
4 11 800390
5 1 727960
5 3 599670
5 7 617880
5 6 574340
6 8 387490
6 7 516420
6 5 574340
6 11 632280
6 16 492980
7 6 516420
7 21 569790
7 5 617880
8 6 387490
8 10 516870
8 15 496260
9 12 546340
9 10 500030
10 15 711030
10 8 516870
10 11 761660
10 9 500030
11 4 800390
11 6 632280
11 10 761660
12 9 546340
12 14 621400
12 13 711300
12 15 757340
13 12 711300
13 15 644380
13 17 632640
13 16 555710
14 17 542740
14 12 621400
15 10 711030
15 13 644380
15 12 757340
15 8 496260
16 23 686200
16 20 556220
16 6 492980
16 13 555710
17 14 542740
17 13 632640
17 19 593260
17 25 686030
18 22 553960
18 25 842620
18 19 749850
19 17 593260
19 18 749850
19 22 323690
20 16 556220
20 25 652240
20 23 729340
21 24 481290
21 23 719470
21 7 569790
22 18 553960
22 19 323690
23 21 719470
23 24 621140
23 16 686200
23 20 729340
24 21 481290
24 23 621140
25 20 652240
25 18 842620
25 17 686030
