0 4 376050
0 2 320180
1 2 640500
1 5 626050
1 3 579810
2 1 640500
2 0 320180
2 4 653570
3 4 592880
3 1 579810
3 5 522560
4 0 376050
4 3 592880
4 2 653570
4 11 734500
5 1 626050
5 3 522560
5 7 544480
5 6 600340
6 8 421650
6 7 576020
6 5 600340
6 11 695720
6 16 622070
7 6 576020
7 21 535170
7 5 544480
8 6 421650
8 10 467180
8 15 403650
9 12 356200
9 10 465510
10 15 659410
10 8 467180
10 11 741250
10 9 465510
11 4 734500
11 6 695720
11 10 741250
12 9 356200
12 14 434690
12 13 537020
12 15 550100
13 12 537020
13 15 582800
13 17 641500
13 16 590990
14 17 539170
14 12 434690
15 10 659410
15 13 582800
15 12 550100
15 8 403650
16 23 721030
16 20 445990
16 6 622070
16 13 590990
17 14 539170
17 13 641500
17 19 595080
17 25 654640
18 22 417520
18 25 653750
18 19 594190
19 17 595080
19 18 594190
19 22 300210
20 16 445990
20 25 437860
20 23 554760
21 24 481370
21 23 689990
21 7 535170
22 18 417520
22 19 300210
23 21 689990
23 24 621180
23 16 721030
23 20 554760
24 21 481370
24 23 621180
25 20 437860
25 18 653750
25 17 654640
