0 4 828200
0 2 1357560
1 2 1991870
1 5 1500370
1 3 1340110
2 1 1991870
2 0 1357560
2 4 1810480
3 4 1158720
3 1 1340110
3 5 1196580
4 0 828200
4 3 1158720
4 2 1810480
4 11 1312170
5 1 1500370
5 3 1196580
5 7 1295580
5 6 1421030
6 8 1164710
6 7 1359770
6 5 1421030
6 11 1414220
6 16 1348190
7 6 1359770
7 21 1244000
7 5 1295580
8 6 1164710
8 10 1111530
8 15 1136890
9 12 1154840
9 10 1014700
10 15 1404220
10 8 1111530
10 11 1361040
10 9 1014700
11 4 1312170
11 6 1414220
11 10 1361040
12 9 1154840
12 14 1424330
12 13 1523410
12 15 1544360
13 12 1523410
13 15 1408630
13 17 1706820
13 16 1299420
14 17 1607740
14 12 1424330
15 10 1404220
15 13 1408630
15 12 1544360
15 8 1136890
16 23 1549420
16 20 1353940
16 6 1348190
16 13 1299420
17 14 1607740
17 13 1706820
17 19 1829620
17 25 2118980
18 22 1697910
18 25 2724910
18 19 2435550
19 17 1829620
19 18 2435550
19 22 895640
20 16 1353940
20 25 1854360
20 23 1692200
21 24 1247600
21 23 1570680
21 7 1244000
22 18 1697910
22 19 895640
23 21 1570680
23 24 1564600
23 16 1549420
23 20 1692200
24 21 1247600
24 23 1564600
25 20 1854360
25 18 2724910
25 17 2118980
