0 4 1304000
0 2 1914360
1 2 2767700
1 5 2124930
1 3 1761010
2 1 2767700
2 0 1914360
2 4 2867360
3 4 1860670
3 1 1761010
3 5 1828260
4 0 1304000
4 3 1860670
4 2 2867360
4 11 2159990
5 1 2124930
5 3 1828260
5 7 2432560
5 6 2364660
6 8 2014320
6 7 2605040
6 5 2364660
6 11 2300060
6 16 2373360
7 6 2605040
7 21 2353060
7 5 2432560
8 6 2014320
8 10 1840510
8 15 2084570
9 12 1903820
9 10 1629300
10 15 2433580
10 8 1840510
10 11 2126250
10 9 1629300
11 4 2159990
11 6 2300060
11 10 2126250
12 9 1903820
12 14 2032860
12 13 2751930
12 15 2708100
13 12 2751930
13 15 2721470
13 17 2840590
13 16 2487440
14 17 2121520
14 12 2032860
15 10 2433580
15 13 2721470
15 12 2708100
15 8 2084570
16 23 2884910
16 20 2756600
16 6 2373360
16 13 2487440
17 14 2121520
17 13 2840590
17 19 2677700
17 25 3401140
18 22 2229450
18 25 4131570
18 19 3408130
19 17 2677700
19 18 3408130
19 22 1260840
20 16 2756600
20 25 3595010
20 23 3431930
21 24 1686360
21 23 2796710
21 7 2353060
22 18 2229450
22 19 1260840
23 21 2796710
23 24 2449890
23 16 2884910
23 20 3431930
24 21 1686360
24 23 2449890
25 20 3595010
25 18 4131570
25 17 3401140
