0 4 1023330
0 2 1038460
1 2 1826170
1 5 1800640
1 3 1540680
2 1 1826170
2 0 1038460
2 4 1804850
3 4 1519360
3 1 1540680
3 5 1508960
4 0 1023330
4 3 1519360
4 2 1804850
4 11 1782470
5 1 1800640
5 3 1508960
5 7 1883140
5 6 1787470
6 8 1406630
6 7 1901690
6 5 1787470
6 11 1790620
6 16 1677220
7 6 1901690
7 21 1664470
7 5 1883140
8 6 1406630
8 10 1412900
8 15 1473320
9 12 1184330
9 10 1236810
10 15 1878980
10 8 1412900
10 11 1796890
10 9 1236810
11 4 1782470
11 6 1790620
11 10 1796890
12 9 1184330
12 14 1384730
12 13 1771480
12 15 1826500
13 12 1771480
13 15 1884380
13 17 1987510
13 16 1688890
14 17 1600760
14 12 1384730
15 10 1878980
15 13 1884380
15 12 1826500
15 8 1473320
16 23 2044790
16 20 1814520
16 6 1677220
16 13 1688890
17 14 1600760
17 13 1987510
17 19 1920600
17 25 2267460
18 22 1710740
18 25 2784440
18 19 2437580
19 17 1920600
19 18 2437580
19 22 968700
20 16 1814520
20 25 2234940
20 23 2310890
21 24 1221190
21 23 1936370
21 7 1664470
22 18 1710740
22 19 968700
23 21 1936370
23 24 1825980
23 16 2044790
23 20 2310890
24 21 1221190
24 23 1825980
25 20 2234940
25 18 2784440
25 17 2267460
