0 4 450340
0 2 608240
1 2 982260
1 5 794950
1 3 726570
2 1 982260
2 0 608240
2 4 949120
3 4 693430
3 1 726570
3 5 664020
4 0 450340
4 3 693430
4 2 949120
4 11 825880
5 1 794950
5 3 664020
5 7 752800
5 6 818680
6 8 675550
6 7 839080
6 5 818680
6 11 882750
6 16 786540
7 6 839080
7 21 752910
7 5 752800
8 6 675550
8 10 664750
8 15 638140
9 12 576950
9 10 598160
10 15 856750
10 8 664750
10 11 871950
10 9 598160
11 4 825880
11 6 882750
11 10 871950
12 9 576950
12 14 714440
12 13 834800
12 15 835540
13 12 834800
13 15 829400
13 17 985750
13 16 748390
14 17 865390
14 12 714440
15 10 856750
15 13 829400
15 12 835540
15 8 638140
16 23 793760
16 20 656450
16 6 786540
16 13 748390
17 14 865390
17 13 985750
17 19 866440
17 25 1068240
18 22 490870
18 25 944380
18 19 742580
19 17 866440
19 18 742580
19 22 338330
20 16 656450
20 25 819210
20 23 782090
21 24 713740
21 23 826010
21 7 752910
22 18 490870
22 19 338330
23 21 826010
23 24 807130
23 16 793760
23 20 782090
24 21 713740
24 23 807130
25 20 819210
25 18 944380
25 17 1068240
