0 4 1039020
0 2 1324150
1 2 2209690
1 5 1835950
1 3 1758860
2 1 2209690
2 0 1324150
2 4 2024050
3 4 1573220
3 1 1758860
3 5 1484610
4 0 1039020
4 3 1573220
4 2 2024050
4 11 1880150
5 1 1835950
5 3 1484610
5 7 1590280
5 6 1628920
6 8 1266840
6 7 1657500
6 5 1628920
6 11 1858760
6 16 1440700
7 6 1657500
7 21 1501120
7 5 1590280
8 6 1266840
8 10 1279040
8 15 1298420
9 12 967630
9 10 1171040
10 15 1739920
10 8 1279040
10 11 1870960
10 9 1171040
11 4 1880150
11 6 1858760
11 10 1870960
12 9 967630
12 14 1080580
12 13 1341410
12 15 1536510
13 12 1341410
13 15 1564200
13 17 1466630
13 16 1277180
14 17 1205800
14 12 1080580
15 10 1739920
15 13 1564200
15 12 1536510
15 8 1298420
16 23 1448070
16 20 1083510
16 6 1440700
16 13 1277180
17 14 1205800
17 13 1466630
17 19 1281600
17 25 1462110
18 22 1198420
18 25 1738990
18 19 1558480
19 17 1281600
19 18 1558480
19 22 638980
20 16 1083510
20 25 1170910
20 23 1346320
21 24 1333110
21 23 1547130
21 7 1501120
22 18 1198420
22 19 638980
23 21 1547130
23 24 1496860
23 16 1448070
23 20 1346320
24 21 1333110
24 23 1496860
25 20 1170910
25 18 1738990
25 17 1462110
