0 4 917500
0 2 1415960
1 2 2274250
1 5 1731300
1 3 1597320
2 1 2274250
2 0 1415960
2 4 2146040
3 4 1469110
3 1 1597320
3 5 1424620
4 0 917500
4 3 1469110
4 2 2146040
4 11 1725050
5 1 1731300
5 3 1424620
5 7 1549970
5 6 1572640
6 8 1257970
6 7 1564010
6 5 1572640
6 11 1694600
6 16 1395490
7 6 1564010
7 21 1224500
7 5 1549970
8 6 1257970
8 10 1368560
8 15 1406180
9 12 1183540
9 10 1260880
10 15 1845480
10 8 1368560
10 11 1805190
10 9 1260880
11 4 1725050
11 6 1694600
11 10 1805190
12 9 1183540
12 14 1242890
12 13 1503180
12 15 1768140
13 12 1503180
13 15 1618140
13 17 1563390
13 16 1278740
14 17 1303100
14 12 1242890
15 10 1845480
15 13 1618140
15 12 1768140
15 8 1406180
16 23 1403780
16 20 1299210
16 6 1395490
16 13 1278740
17 14 1303100
17 13 1563390
17 19 1533600
17 25 1773210
18 22 1029760
18 25 1813780
18 19 1574170
19 17 1533600
19 18 1574170
19 22 749190
20 16 1299210
20 25 1583470
20 23 1498690
21 24 870200
21 23 1255460
21 7 1224500
22 18 1029760
22 19 749190
23 21 1255460
23 24 1218000
23 16 1403780
23 20 1498690
24 21 870200
24 23 1218000
25 20 1583470
25 18 1813780
25 17 1773210
