0 4 1456350
0 2 1657790
1 2 2913060
1 5 2714860
1 3 2393560
2 1 2913060
2 0 1657790
2 4 2696560
3 4 2177060
3 1 2393560
3 5 2180300
4 0 1456350
4 3 2177060
4 2 2696560
4 11 2503970
5 1 2714860
5 3 2180300
5 7 2389120
5 6 2464630
6 8 1611180
6 7 2352150
6 5 2464630
6 11 2470240
6 16 2530000
7 6 2352150
7 21 2168830
7 5 2389120
8 6 1611180
8 10 1606060
8 15 1563720
9 12 1760790
9 10 1553570
10 15 2375080
10 8 1606060
10 11 2465120
10 9 1553570
11 4 2503970
11 6 2470240
11 10 2465120
12 9 1760790
12 14 2112820
12 13 2556930
12 15 2582300
13 12 2556930
13 15 2307370
13 17 2641620
13 16 2457170
14 17 2197510
14 12 2112820
15 10 2375080
15 13 2307370
15 12 2582300
15 8 1563720
16 23 3135650
16 20 2316180
16 6 2530000
16 13 2457170
17 14 2197510
17 13 2641620
17 19 2496530
17 25 2835840
18 22 1868640
18 25 3022960
18 19 2683650
19 17 2496530
19 18 2683650
19 22 1176810
20 16 2316180
20 25 2335230
20 23 2819490
21 24 2154960
21 23 2849990
21 7 2168830
22 18 1868640
22 19 1176810
23 21 2849990
23 24 2943930
23 16 3135650
23 20 2819490
24 21 2154960
24 23 2943930
25 20 2335230
25 18 3022960
25 17 2835840
