0 4 1106680
0 2 828080
1 2 1977820
1 5 2088540
1 3 2015720
2 1 1977820
2 0 828080
2 4 1870060
3 4 1907960
3 1 2015720
3 5 1740080
4 0 1106680
4 3 1907960
4 2 1870060
4 11 2168140
5 1 2088540
5 3 1740080
5 7 2026730
5 6 1875760
6 8 1445520
6 7 2089590
6 5 1875760
6 11 2063120
6 16 1681430
7 6 2089590
7 21 1777610
7 5 2026730
8 6 1445520
8 10 1413200
8 15 1462760
9 12 1361410
9 10 1332750
10 15 1923540
10 8 1413200
10 11 2030800
10 9 1332750
11 4 2168140
11 6 2063120
11 10 2030800
12 9 1361410
12 14 1358710
12 13 1742790
12 15 1952200
13 12 1742790
13 15 1763690
13 17 1535250
13 16 1489260
14 17 1151170
14 12 1358710
15 10 1923540
15 13 1763690
15 12 1952200
15 8 1462760
16 23 1777160
16 20 1207630
16 6 1681430
16 13 1489260
17 14 1151170
17 13 1535250
17 19 1258070
17 25 1454930
18 22 791050
18 25 1336700
18 19 1139840
19 17 1258070
19 18 1139840
19 22 651130
20 16 1207630
20 25 1192330
20 23 1560550
21 24 1050940
21 23 1722370
21 7 1777610
22 18 791050
22 19 651130
23 21 1722370
23 24 1458650
23 16 1777160
23 20 1560550
24 21 1050940
24 23 1458650
25 20 1192330
25 18 1336700
25 17 1454930
