0 4 1217360
0 2 1529770
1 2 2302020
1 5 1776550
1 3 1548650
2 1 2302020
2 0 1529770
2 4 2511130
3 4 1757760
3 1 1548650
3 5 1544700
4 0 1217360
4 3 1757760
4 2 2511130
4 11 2160950
5 1 1776550
5 3 1544700
5 7 1756120
5 6 1799790
6 8 1405640
6 7 1783310
6 5 1799790
6 11 1975080
6 16 1538990
7 6 1783310
7 21 1392800
7 5 1756120
8 6 1405640
8 10 1437910
8 15 1493250
9 12 1298400
9 10 1281610
10 15 1946860
10 8 1437910
10 11 2007350
10 9 1281610
11 4 2160950
11 6 1975080
11 10 2007350
12 9 1298400
12 14 1449420
12 13 1762400
12 15 1963650
13 12 1762400
13 15 1800950
13 17 1747180
13 16 1425350
14 17 1434200
14 12 1449420
15 10 1946860
15 13 1800950
15 12 1963650
15 8 1493250
16 23 1611210
16 20 1226280
16 6 1538990
16 13 1425350
17 14 1434200
17 13 1747180
17 19 1433530
17 25 1919690
18 22 729760
18 25 1564580
18 19 1078420
19 17 1433530
19 18 1078420
19 22 623740
20 16 1226280
20 25 1573140
20 23 1586490
21 24 1169810
21 23 1508690
21 7 1392800
22 18 729760
22 19 623740
23 21 1508690
23 24 1632540
23 16 1611210
23 20 1586490
24 21 1169810
24 23 1632540
25 20 1573140
25 18 1564580
25 17 1919690
