0 4 1219030
0 2 1471050
1 2 2490180
1 5 2281660
1 3 1831770
2 1 2490180
2 0 1471050
2 4 2615160
3 4 1956750
3 1 1831770
3 5 2000250
4 0 1219030
4 3 1956750
4 2 2615160
4 11 2414490
5 1 2281660
5 3 2000250
5 7 2245780
5 6 2364910
6 8 1603410
6 7 2160550
6 5 2364910
6 11 2372760
6 16 1924400
7 6 2160550
7 21 1916120
7 5 2245780
8 6 1603410
8 10 1464610
8 15 1543490
9 12 1229300
9 10 1399960
10 15 2080960
10 8 1464610
10 11 2233960
10 9 1399960
11 4 2414490
11 6 2372760
11 10 2233960
12 9 1229300
12 14 1405540
12 13 1678530
12 15 1910300
13 12 1678530
13 15 1928070
13 17 1875430
13 16 1632710
14 17 1602440
14 12 1405540
15 10 2080960
15 13 1928070
15 12 1910300
15 8 1543490
16 23 1949080
16 20 1239830
16 6 1924400
16 13 1632710
17 14 1602440
17 13 1875430
17 19 1714850
17 25 1820110
18 22 1154650
18 25 1880010
18 19 1774750
19 17 1714850
19 18 1774750
19 22 755040
20 16 1239830
20 25 1248100
20 23 1619790
21 24 1760960
21 23 2059930
21 7 1916120
22 18 1154650
22 19 755040
23 21 2059930
23 24 2030070
23 16 1949080
23 20 1619790
24 21 1760960
24 23 2030070
25 20 1248100
25 18 1880010
25 17 1820110
