0 4 1447460
0 2 1505600
1 2 2802720
1 5 2728000
1 3 2505980
2 1 2802720
2 0 1505600
2 4 2650820
3 4 2354080
3 1 2505980
3 5 2337500
4 0 1447460
4 3 2354080
4 2 2650820
4 11 2616280
5 1 2728000
5 3 2337500
5 7 2923760
5 6 2489550
6 8 1724100
6 7 2853790
6 5 2489550
6 11 2529730
6 16 2426170
7 6 2853790
7 21 2790800
7 5 2923760
8 6 1724100
8 10 1686830
8 15 1738270
9 12 1746440
9 10 1554860
10 15 2396480
10 8 1686830
10 11 2492460
10 9 1554860
11 4 2616280
11 6 2529730
11 10 2492460
12 9 1746440
12 14 1939360
12 13 2675170
12 15 2588060
13 12 2675170
13 15 2535030
13 17 2444100
13 16 2527450
14 17 1708290
14 12 1939360
15 10 2396480
15 13 2535030
15 12 2588060
15 8 1738270
16 23 2898770
16 20 2236870
16 6 2426170
16 13 2527450
17 14 1708290
17 13 2444100
17 19 1925170
17 25 2473330
18 22 1333060
18 25 2624870
18 19 2076710
19 17 1925170
19 18 2076710
19 22 840630
20 16 2236870
20 25 2360790
20 23 2702880
21 24 2497970
21 23 2829190
21 7 2790800
22 18 1333060
22 19 840630
23 21 2829190
23 24 3033560
23 16 2898770
23 20 2702880
24 21 2497970
24 23 3033560
25 20 2360790
25 18 2624870
25 17 2473330
