0 4 1427930
0 2 1565200
1 2 2576380
1 5 2276760
1 3 2074020
2 1 2576380
2 0 1565200
2 4 2750550
3 4 2248190
3 1 2074020
3 5 2085840
4 0 1427930
4 3 2248190
4 2 2750550
4 11 2619290
5 1 2276760
5 3 2085840
5 7 3114620
5 6 2497140
6 8 2291030
6 7 3323180
6 5 2497140
6 11 2665500
6 16 2253020
7 6 3323180
7 21 2895250
7 5 3114620
8 6 2291030
8 10 2202780
8 15 2502710
9 12 2227790
9 10 1806790
10 15 2829130
10 8 2202780
10 11 2577250
10 9 1806790
11 4 2619290
11 6 2665500
11 10 2577250
12 9 2227790
12 14 2280800
12 13 3049350
12 15 3250130
13 12 3049350
13 15 2928280
13 17 2510040
13 16 2263920
14 17 1741490
14 12 2280800
15 10 2829130
15 13 2928280
15 12 3250130
15 8 2502710
16 23 2259680
16 20 1808640
16 6 2253020
16 13 2263920
17 14 1741490
17 13 2510040
17 19 1849030
17 25 2490080
18 22 1280230
18 25 2458050
18 19 1817000
19 17 1849030
19 18 1817000
19 22 868710
20 16 1808640
20 25 2252260
20 23 2267980
21 24 1626020
21 23 2284430
21 7 2895250
22 18 1280230
22 19 868710
23 21 2284430
23 24 2060610
23 16 2259680
23 20 2267980
24 21 1626020
24 23 2060610
25 20 2252260
25 18 2458050
25 17 2490080
