0 4 1159220
0 2 1263260
1 2 2335710
1 5 1953450
1 3 1965210
2 1 2335710
2 0 1263260
2 4 2249100
3 4 1878600
3 1 1965210
3 5 1600380
4 0 1159220
4 3 1878600
4 2 2249100
4 11 2152710
5 1 1953450
5 3 1600380
5 7 2522020
5 6 1924590
6 8 1648870
6 7 2857990
6 5 1924590
6 11 2210460
6 16 1717710
7 6 2857990
7 21 2517420
7 5 2522020
8 6 1648870
8 10 1249660
8 15 1380180
9 12 1075640
9 10 1100200
10 15 1592660
10 8 1249660
10 11 1811250
10 9 1100200
11 4 2152710
11 6 2210460
11 10 1811250
12 9 1075640
12 14 1120980
12 13 1411760
12 15 1568100
13 12 1411760
13 15 1566840
13 17 1514710
13 16 1292680
14 17 1223930
14 12 1120980
15 10 1592660
15 13 1566840
15 12 1568100
15 8 1380180
16 23 1862400
16 20 1417910
16 6 1717710
16 13 1292680
17 14 1223930
17 13 1514710
17 19 1469710
17 25 1735920
18 22 1335830
18 25 2246290
18 19 1980080
19 17 1469710
19 18 1980080
19 22 676250
20 16 1417910
20 25 1756940
20 23 2105450
21 24 1283740
21 23 2064680
21 7 2517420
22 18 1335830
22 19 676250
23 21 2064680
23 24 1769000
23 16 1862400
23 20 2105450
24 21 1283740
24 23 1769000
25 20 1756940
25 18 2246290
25 17 1735920
