0 4 452750
0 2 549380
1 2 964250
1 5 821740
1 3 724470
2 1 964250
2 0 549380
2 4 974610
3 4 734830
3 1 724470
3 5 688950
4 0 452750
4 3 734830
4 2 974610
4 11 872260
5 1 821740
5 3 688950
5 7 740740
5 6 754570
6 8 520630
6 7 709090
6 5 754570
6 11 794730
6 16 602580
7 6 709090
7 21 563450
7 5 740740
8 6 520630
8 10 549820
8 15 552990
9 12 595340
9 10 541880
10 15 784470
10 8 549820
10 11 823920
10 9 541880
11 4 872260
11 6 794730
11 10 823920
12 9 595340
12 14 686510
12 13 845780
12 15 837930
13 12 845780
13 15 795490
13 17 900650
13 16 642790
14 17 741380
14 12 686510
15 10 784470
15 13 795490
15 12 837930
15 8 552990
16 23 580190
16 20 589340
16 6 602580
16 13 642790
17 14 741380
17 13 900650
17 19 839630
17 25 934060
18 22 557740
18 25 924950
18 19 830520
19 17 839630
19 18 830520
19 22 408520
20 16 589340
20 25 783300
20 23 687290
21 24 461460
21 23 554890
21 7 563450
22 18 557740
22 19 408520
23 21 554890
23 24 584710
23 16 580190
23 20 687290
24 21 461460
24 23 584710
25 20 783300
25 18 924950
25 17 934060
