0 4 575940
0 2 623470
1 2 1072850
1 5 999130
1 3 917430
2 1 1072850
2 0 623470
2 4 1033450
3 4 878030
3 1 917430
3 5 851840
4 0 575940
4 3 878030
4 2 1033450
4 11 1022020
5 1 999130
5 3 851840
5 7 958200
5 6 961010
6 8 703900
6 7 985670
6 5 961010
6 11 1023300
6 16 865070
7 6 985670
7 21 837490
7 5 958200
8 6 703900
8 10 644590
8 15 702590
9 12 571270
9 10 599140
10 15 927860
10 8 644590
10 11 963990
10 9 599140
11 4 1022020
11 6 1023300
11 10 963990
12 9 571270
12 14 709760
12 13 777130
12 15 899990
13 12 777130
13 15 863000
13 17 886160
13 16 740900
14 17 818790
14 12 709760
15 10 927860
15 13 863000
15 12 899990
15 8 702590
16 23 967510
16 20 742840
16 6 865070
16 13 740900
17 14 818790
17 13 886160
17 19 1007190
17 25 986220
18 22 760630
18 25 1175000
18 19 1195970
19 17 1007190
19 18 1195970
19 22 546860
20 16 742840
20 25 842140
20 23 968690
21 24 714240
21 23 942740
21 7 837490
22 18 760630
22 19 546860
23 21 942740
23 24 964860
23 16 967510
23 20 968690
24 21 714240
24 23 964860
25 20 842140
25 18 1175000
25 17 986220
