0 4 1179180
0 2 1490500
1 2 2602430
1 5 2222150
1 3 2123210
2 1 2602430
2 0 1490500
2 4 2323640
3 4 1844420
3 1 2123210
3 5 1775460
4 0 1179180
4 3 1844420
4 2 2323640
4 11 2159240
5 1 2222150
5 3 1775460
5 7 1814880
5 6 1836380
6 8 1238630
6 7 1776860
6 5 1836380
6 11 2052260
6 16 1725420
7 6 1776860
7 21 1591810
7 5 1814880
8 6 1238630
8 10 1294350
8 15 1239050
9 12 1112760
9 10 1219340
10 15 1854500
10 8 1294350
10 11 2107980
10 9 1219340
11 4 2159240
11 6 2052260
11 10 2107980
12 9 1112760
12 14 1347140
12 13 1612660
12 15 1747920
13 12 1612660
13 15 1663940
13 17 1759320
13 16 1590580
14 17 1493800
14 12 1347140
15 10 1854500
15 13 1663940
15 12 1747920
15 8 1239050
16 23 2190420
16 20 1542340
16 6 1725420
16 13 1590580
17 14 1493800
17 13 1759320
17 19 1581830
17 25 1947390
18 22 636250
18 25 1482950
18 19 1117390
19 17 1581830
19 18 1117390
19 22 692560
20 16 1542340
20 25 1668510
20 23 2080280
21 24 1412070
21 23 2078310
21 7 1591810
22 18 636250
22 19 692560
23 21 2078310
23 24 2062120
23 16 2190420
23 20 2080280
24 21 1412070
24 23 2062120
25 20 1668510
25 18 1482950
25 17 1947390
