0 4 809850
0 2 1222440
1 2 2171700
1 5 1886880
1 3 1697820
2 1 2171700
2 0 1222440
2 4 1916670
3 4 1442790
3 1 1697820
3 5 1570560
4 0 809850
4 3 1442790
4 2 1916670
4 11 1558750
5 1 1886880
5 3 1570560
5 7 1651720
5 6 1581380
6 8 962980
6 7 1473480
6 5 1581380
6 11 1508280
6 16 1235650
7 6 1473480
7 21 1246890
7 5 1651720
8 6 962980
8 10 958090
8 15 1042280
9 12 956270
9 10 971330
10 15 1477550
10 8 958090
10 11 1503390
10 9 971330
11 4 1558750
11 6 1508280
11 10 1503390
12 9 956270
12 14 1159200
12 13 1370610
12 15 1462490
13 12 1370610
13 15 1469860
13 17 1525090
13 16 1223070
14 17 1313680
14 12 1159200
15 10 1477550
15 13 1469860
15 12 1462490
15 8 1042280
16 23 1214890
16 20 1137350
16 6 1235650
16 13 1223070
17 14 1313680
17 13 1525090
17 19 1399740
17 25 1545390
18 22 924250
18 25 1576630
18 19 1430980
19 17 1399740
19 18 1430980
19 22 620550
20 16 1137350
20 25 1312560
20 23 1284080
21 24 859380
21 23 1155790
21 7 1246890
22 18 924250
22 19 620550
23 21 1155790
23 24 1065210
23 16 1214890
23 20 1284080
24 21 859380
24 23 1065210
25 20 1312560
25 18 1576630
25 17 1545390
