0 4 1757260
0 2 2016410
1 2 3194340
1 5 2784530
1 3 2352020
2 1 3194340
2 0 2016410
2 4 3383530
3 4 2541210
3 1 2352020
3 5 2390550
4 0 1757260
4 3 2541210
4 2 3383530
4 11 2946340
5 1 2784530
5 3 2390550
5 7 2933260
5 6 2850680
6 8 2217520
6 7 2960880
6 5 2850680
6 11 2823300
6 16 3092750
7 6 2960880
7 21 2790920
7 5 2933260
8 6 2217520
8 10 2170930
8 15 2201760
9 12 2285970
9 10 1797060
10 15 2815950
10 8 2170930
10 11 2776710
10 9 1797060
11 4 2946340
11 6 2823300
11 10 2776710
12 9 2285970
12 14 3123910
12 13 3683990
12 15 3304860
13 12 3683990
13 15 3225910
13 17 3748540
13 16 3456120
14 17 3188460
14 12 3123910
15 10 2815950
15 13 3225910
15 12 3304860
15 8 2201760
16 23 4055360
16 20 3236900
16 6 3092750
16 13 3456120
17 14 3188460
17 13 3748540
17 19 3311930
17 25 3981860
18 22 2251550
18 25 4050690
18 19 3380760
19 17 3311930
19 18 3380760
19 22 1602610
20 16 3236900
20 25 3619140
20 23 3985060
21 24 2303430
21 23 3670950
21 7 2790920
22 18 2251550
22 19 1602610
23 21 3670950
23 24 3436000
23 16 4055360
23 20 3985060
24 21 2303430
24 23 3436000
25 20 3619140
25 18 4050690
25 17 3981860
