0 4 1326930
0 2 2024900
1 2 3511110
1 5 2921400
1 3 2695730
2 1 3511110
2 0 2024900
2 4 3024390
3 4 2209010
3 1 2695730
3 5 2317270
4 0 1326930
4 3 2209010
4 2 3024390
4 11 2305970
5 1 2921400
5 3 2317270
5 7 2491480
5 6 2192570
6 8 1516890
6 7 2141110
6 5 2192570
6 11 2063860
6 16 1826060
7 6 2141110
7 21 2199440
7 5 2491480
8 6 1516890
8 10 1651830
8 15 1672000
9 12 1823520
9 10 1397460
10 15 2132250
10 8 1651830
10 11 2198800
10 9 1397460
11 4 2305970
11 6 2063860
11 10 2198800
12 9 1823520
12 14 2182820
12 13 2609910
12 15 2558310
13 12 2609910
13 15 2204020
13 17 2361330
13 16 2032770
14 17 1934240
14 12 2182820
15 10 2132250
15 13 2204020
15 12 2558310
15 8 1672000
16 23 1949140
16 20 1856750
16 6 1826060
16 13 2032770
17 14 1934240
17 13 2361330
17 19 2244020
17 25 2568530
18 22 2133660
18 25 3360760
18 19 3036250
19 17 2244020
19 18 3036250
19 22 1118410
20 16 1856750
20 25 2286800
20 23 1995970
21 24 1600670
21 23 2023610
21 7 2199440
22 18 2133660
22 19 1118410
23 21 2023610
23 24 1665420
23 16 1949140
23 20 1995970
24 21 1600670
24 23 1665420
25 20 2286800
25 18 3360760
25 17 2568530
