0 4 927720
0 2 1148700
1 2 1756030
1 5 1394080
1 3 1142440
2 1 1756030
2 0 1148700
2 4 1863000
3 4 1249410
3 1 1142440
3 5 1108440
4 0 927720
4 3 1249410
4 2 1863000
4 11 1630800
5 1 1394080
5 3 1108440
5 7 1735650
5 6 1426080
6 8 1078200
6 7 1801650
6 5 1426080
6 11 1555830
6 16 1281880
7 6 1801650
7 21 1590760
7 5 1735650
8 6 1078200
8 10 1055420
8 15 1048330
9 12 1234090
9 10 1073270
10 15 1439430
10 8 1055420
10 11 1533050
10 9 1073270
11 4 1630800
11 6 1555830
11 10 1533050
12 9 1234090
12 14 1192710
12 13 1560150
12 15 1600250
13 12 1560150
13 15 1392240
13 17 1306360
13 16 1211910
14 17 938920
14 12 1192710
15 10 1439430
15 13 1392240
15 12 1600250
15 8 1048330
16 23 1323820
16 20 1106860
16 6 1281880
16 13 1211910
17 14 938920
17 13 1306360
17 19 1078340
17 25 1330300
18 22 916540
18 25 1520000
18 19 1268040
19 17 1078340
19 18 1268040
19 22 544600
20 16 1106860
20 25 1271030
20 23 1359000
21 24 981240
21 23 1323130
21 7 1590760
22 18 916540
22 19 544600
23 21 1323130
23 24 1234070
23 16 1323820
23 20 1359000
24 21 981240
24 23 1234070
25 20 1271030
25 18 1520000
25 17 1330300
