0 4 741740
0 2 732680
1 2 1318910
1 5 1281470
1 3 1130890
2 1 1318910
2 0 732680
2 4 1338120
3 4 1150100
3 1 1130890
3 5 1103600
4 0 741740
4 3 1150100
4 2 1338120
4 11 1381470
5 1 1281470
5 3 1103600
5 7 1581700
5 6 1569820
6 8 1457900
6 7 1897340
6 5 1569820
6 11 1650610
6 16 1583890
7 6 1897340
7 21 1600490
7 5 1581700
8 6 1457900
8 10 1207630
8 15 1402490
9 12 1279440
9 10 986500
10 15 1579780
10 8 1207630
10 11 1400340
10 9 986500
11 4 1381470
11 6 1650610
11 10 1400340
12 9 1279440
12 14 1337230
12 13 1765610
12 15 1872720
13 12 1765610
13 15 1667530
13 17 1653040
13 16 1421370
14 17 1224660
14 12 1337230
15 10 1579780
15 13 1667530
15 12 1872720
15 8 1402490
16 23 1537660
16 20 1431760
16 6 1583890
16 13 1421370
17 14 1224660
17 13 1653040
17 19 1347390
17 25 1986490
18 22 828540
18 25 1848270
18 19 1209170
19 17 1347390
19 18 1209170
19 22 568490
20 16 1431760
20 25 1904260
20 23 1687100
21 24 1180300
21 23 1542380
21 7 1600490
22 18 828540
22 19 568490
23 21 1542380
23 24 1430920
23 16 1537660
23 20 1687100
24 21 1180300
24 23 1430920
25 20 1904260
25 18 1848270
25 17 1986490
