0 4 865150
0 2 1257560
1 2 2337070
1 5 2108990
1 3 1800370
2 1 2337070
2 0 1257560
2 4 2033430
3 4 1496730
3 1 1800370
3 5 1661060
4 0 865150
4 3 1496730
4 2 2033430
4 11 1729080
5 1 2108990
5 3 1661060
5 7 1950930
5 6 1824600
6 8 1198490
6 7 1805850
6 5 1824600
6 11 1748330
6 16 1545170
7 6 1805850
7 21 1527020
7 5 1950930
8 6 1198490
8 10 1162470
8 15 1185440
9 12 1069750
9 10 1146760
10 15 1630450
10 8 1162470
10 11 1712310
10 9 1146760
11 4 1729080
11 6 1748330
11 10 1712310
12 9 1069750
12 14 1272350
12 13 1452220
12 15 1553440
13 12 1452220
13 15 1552200
13 17 1476040
13 16 1430900
14 17 1296170
14 12 1272350
15 10 1630450
15 13 1552200
15 12 1553440
15 8 1185440
16 23 1444860
16 20 1460820
16 6 1545170
16 13 1430900
17 14 1296170
17 13 1476040
17 19 1413130
17 25 1842380
18 22 1527140
18 25 2539380
18 19 2110130
19 17 1413130
19 18 2110130
19 22 742170
20 16 1460820
20 25 1847240
20 23 1494860
21 24 1224130
21 23 1300380
21 7 1527020
22 18 1527140
22 19 742170
23 21 1300380
23 24 1402650
23 16 1444860
23 20 1494860
24 21 1224130
24 23 1402650
25 20 1847240
25 18 2539380
25 17 1842380
