0 4 745740
0 2 943830
1 2 1465040
1 5 1290620
1 3 1103840
2 1 1465040
2 0 943830
2 4 1403770
3 4 1042570
3 1 1103840
3 5 1066240
4 0 745740
4 3 1042570
4 2 1403770
4 11 1228530
5 1 1290620
5 3 1066240
5 7 1170960
5 6 1242140
6 8 939430
6 7 1160080
6 5 1242140
6 11 1241320
6 16 1153580
7 6 1160080
7 21 937190
7 5 1170960
8 6 939430
8 10 916170
8 15 1001020
9 12 912560
9 10 833770
10 15 1269590
10 8 916170
10 11 1218060
10 9 833770
11 4 1228530
11 6 1241320
11 10 1218060
12 9 912560
12 14 1195740
12 13 1250350
12 15 1348380
13 12 1250350
13 15 1256410
13 17 1380230
13 16 1117140
14 17 1325620
14 12 1195740
15 10 1269590
15 13 1256410
15 12 1348380
15 8 1001020
16 23 1184370
16 20 1091130
16 6 1153580
16 13 1117140
17 14 1325620
17 13 1380230
17 19 1326670
17 25 1473610
18 22 1137840
18 25 1667080
18 19 1520140
19 17 1326670
19 18 1520140
19 22 668960
20 16 1091130
20 25 1225750
20 23 1199600
21 24 823220
21 23 1039160
21 7 937190
22 18 1137840
22 19 668960
23 21 1039160
23 24 1076900
23 16 1184370
23 20 1199600
24 21 823220
24 23 1076900
25 20 1225750
25 18 1667080
25 17 1473610
