0 4 1495800
0 2 2109110
1 2 3862180
1 5 3395070
1 3 2954330
2 1 3862180
2 0 2109110
2 4 3473170
3 4 2565320
3 1 2954330
3 5 2711520
4 0 1495800
4 3 2565320
4 2 3473170
4 11 2926460
5 1 3395070
5 3 2711520
5 7 2855110
5 6 2918470
6 8 1865110
6 7 2621320
6 5 2918470
6 11 2838870
6 16 2418700
7 6 2621320
7 21 1983070
7 5 2855110
8 6 1865110
8 10 1757510
8 15 1782770
9 12 1577240
9 10 1670200
10 15 2494740
10 8 1757510
10 11 2731270
10 9 1670200
11 4 2926460
11 6 2838870
11 10 2731270
12 9 1577240
12 14 1986500
12 13 2279510
12 15 2401780
13 12 2279510
13 15 2397730
13 17 2614980
13 16 2214090
14 17 2321970
14 12 1986500
15 10 2494740
15 13 2397730
15 12 2401780
15 8 1782770
16 23 2834330
16 20 2448740
16 6 2418700
16 13 2214090
17 14 2321970
17 13 2614980
17 19 2263980
17 25 3263220
18 22 1132990
18 25 2845420
18 19 1846180
19 17 2263980
19 18 1846180
19 22 860270
20 16 2448740
20 25 3158350
20 23 3130350
21 24 1778430
21 23 2462060
21 7 1983070
22 18 1132990
22 19 860270
23 21 2462060
23 24 2832310
23 16 2834330
23 20 3130350
24 21 1778430
24 23 2832310
25 20 3158350
25 18 2845420
25 17 3263220
