0 4 1295640
0 2 1318360
1 2 2081450
1 5 1950110
1 3 1723780
2 1 2081450
2 0 1318360
2 4 2178920
3 4 1821250
3 1 1723780
3 5 1712630
4 0 1295640
4 3 1821250
4 2 2178920
4 11 2265300
5 1 1950110
5 3 1712630
5 7 2215110
5 6 1933550
6 8 1295790
6 7 2209700
6 5 1933550
6 11 2151270
6 16 1740380
7 6 2209700
7 21 2183850
7 5 2215110
8 6 1295790
8 10 1369740
8 15 1206160
9 12 1194480
9 10 1445500
10 15 1912460
10 8 1369740
10 11 2225220
10 9 1445500
11 4 2265300
11 6 2151270
11 10 2225220
12 9 1194480
12 14 1403240
12 13 1580800
12 15 1661440
13 12 1580800
13 15 1668240
13 17 1874390
13 16 1570110
14 17 1696830
14 12 1403240
15 10 1912460
15 13 1668240
15 12 1661440
15 8 1206160
16 23 2177990
16 20 1441140
16 6 1740380
16 13 1570110
17 14 1696830
17 13 1874390
17 19 1595110
17 25 2361660
18 22 1012470
18 25 2235180
18 19 1468630
19 17 1595110
19 18 1468630
19 22 572880
20 16 1441140
20 25 1945900
20 23 2066510
21 24 1683340
21 23 2339900
21 7 2183850
22 18 1012470
22 19 572880
23 21 2339900
23 24 2146800
23 16 2177990
23 20 2066510
24 21 1683340
24 23 2146800
25 20 1945900
25 18 2235180
25 17 2361660
