0 4 1462520
0 2 1588560
1 2 3053670
1 5 2915070
1 3 2672430
2 1 3053670
2 0 1588560
2 4 2722220
3 4 2340980
3 1 2672430
3 5 2328420
4 0 1462520
4 3 2340980
4 2 2722220
4 11 2596800
5 1 2915070
5 3 2328420
5 7 2604430
5 6 2656350
6 8 2106310
6 7 2689720
6 5 2656350
6 11 2669530
6 16 2409740
7 6 2689720
7 21 2295440
7 5 2604430
8 6 2106310
8 10 1957250
8 15 2205620
9 12 1771200
9 10 1768220
10 15 2691890
10 8 1957250
10 11 2520470
10 9 1768220
11 4 2596800
11 6 2669530
11 10 2520470
12 9 1771200
12 14 2027210
12 13 2579990
12 15 2694870
13 12 2579990
13 15 2825380
13 17 3028430
13 16 2394170
14 17 2475650
14 12 2027210
15 10 2691890
15 13 2825380
15 12 2694870
15 8 2205620
16 23 2223230
16 20 2640810
16 6 2409740
16 13 2394170
17 14 2475650
17 13 3028430
17 19 2773510
17 25 3722690
18 22 2096560
18 25 3897400
18 19 2948220
19 17 2773510
19 18 2948220
19 22 1349000
20 16 2640810
20 25 3651400
20 23 2786200
21 24 1710550
21 23 2160850
21 7 2295440
22 18 2096560
22 19 1349000
23 21 2160850
23 24 1918320
23 16 2223230
23 20 2786200
24 21 1710550
24 23 1918320
25 20 3651400
25 18 3897400
25 17 3722690
