0 4 944660
0 2 1090490
1 2 1737450
1 5 1500940
1 3 1298340
2 1 1737450
2 0 1090490
2 4 1757930
3 4 1318820
3 1 1298340
3 5 1228140
4 0 944660
4 3 1318820
4 2 1757930
4 11 1577200
5 1 1500940
5 3 1228140
5 7 1263930
5 6 1421780
6 8 989820
6 7 1254970
6 5 1421780
6 11 1477560
6 16 1254500
7 6 1254970
7 21 1027750
7 5 1263930
8 6 989820
8 10 962780
8 15 983380
9 12 778400
9 10 929270
10 15 1379340
10 8 962780
10 11 1450520
10 9 929270
11 4 1577200
11 6 1477560
11 10 1450520
12 9 778400
12 14 1001360
12 13 1109760
12 15 1228470
13 12 1109760
13 15 1281230
13 17 1390660
13 16 1129350
14 17 1282260
14 12 1001360
15 10 1379340
15 13 1281230
15 12 1228470
15 8 983380
16 23 1146500
16 20 1167640
16 6 1254500
16 13 1129350
17 14 1282260
17 13 1390660
17 19 1392290
17 25 1765240
18 22 1122950
18 25 1942070
18 19 1569120
19 17 1392290
19 18 1569120
19 22 719610
20 16 1167640
20 25 1575390
20 23 1217960
21 24 890270
21 23 1077600
21 7 1027750
22 18 1122950
22 19 719610
23 21 1077600
23 24 1009490
23 16 1146500
23 20 1217960
24 21 890270
24 23 1009490
25 20 1575390
25 18 1942070
25 17 1765240
