0 4 1541330
0 2 2145230
1 2 3118210
1 5 2639880
1 3 2035630
2 1 3118210
2 0 2145230
2 4 3214920
3 4 2132340
3 1 2035630
3 5 2257910
4 0 1541330
4 3 2132340
4 2 3214920
4 11 2717710
5 1 2639880
5 3 2257910
5 7 2524880
5 6 2629890
6 8 1719850
6 7 2292610
6 5 2629890
6 11 2611010
6 16 2663460
7 6 2292610
7 21 1915380
7 5 2524880
8 6 1719850
8 10 1893730
8 15 1793200
9 12 1969020
9 10 1806690
10 15 2644850
10 8 1893730
10 11 2784890
10 9 1806690
11 4 2717710
11 6 2611010
11 10 2784890
12 9 1969020
12 14 2538360
12 13 3094940
12 15 2807180
13 12 3094940
13 15 2832080
13 17 3417500
13 16 3024570
14 17 2860920
14 12 2538360
15 10 2644850
15 13 2832080
15 12 2807180
15 8 1793200
16 23 3266000
16 20 2873070
16 6 2663460
16 13 3024570
17 14 2860920
17 13 3417500
17 19 3188940
17 25 3838750
18 22 2741410
18 25 4480220
18 19 3830410
19 17 3188940
19 18 3830410
19 22 1573720
20 16 2873070
20 25 3389590
20 23 3209770
21 24 1640190
21 23 2622930
21 7 1915380
22 18 2741410
22 19 1573720
23 21 2622930
23 24 2619960
23 16 3266000
23 20 3209770
24 21 1640190
24 23 2619960
25 20 3389590
25 18 4480220
25 17 3838750
