0 4 1401160
0 2 1736030
1 2 2509520
1 5 2088160
1 3 1786470
2 1 2509520
2 0 1736030
2 4 2583750
3 4 1860700
3 1 1786470
3 5 1774210
4 0 1401160
4 3 1860700
4 2 2583750
4 11 2354400
5 1 2088160
5 3 1774210
5 7 1994540
5 6 1908980
6 8 1331040
6 7 1827620
6 5 1908980
6 11 2100990
6 16 2062140
7 6 1827620
7 21 1669540
7 5 1994540
8 6 1331040
8 10 1500500
8 15 1450080
9 12 1358360
9 10 1241280
10 15 2030560
10 8 1500500
10 11 2270450
10 9 1241280
11 4 2354400
11 6 2100990
11 10 2270450
12 9 1358360
12 14 1990470
12 13 2532990
12 15 2147640
13 12 2532990
13 15 2365490
13 17 2930950
13 16 2566530
14 17 2388430
14 12 1990470
15 10 2030560
15 13 2365490
15 12 2147640
15 8 1450080
16 23 2430620
16 20 1974220
16 6 2062140
16 13 2566530
17 14 2388430
17 13 2930950
17 19 2586240
17 25 3055860
18 22 1751400
18 25 3089310
18 19 2619690
19 17 2586240
19 18 2619690
19 22 1193130
20 16 1974220
20 25 2283440
20 23 2022620
21 24 1472670
21 23 1952460
21 7 1669540
22 18 1751400
22 19 1193130
23 21 1952460
23 24 1999230
23 16 2430620
23 20 2022620
24 21 1472670
24 23 1999230
25 20 2283440
25 18 3089310
25 17 3055860
