0 4 1884890
0 2 2209390
1 2 3819210
1 5 3195630
1 3 2849830
2 1 3819210
2 0 2209390
2 4 3919520
3 4 2950140
3 1 2849830
3 5 2651060
4 0 1884890
4 3 2950140
4 2 3919520
4 11 3739170
5 1 3195630
5 3 2651060
5 7 3108000
5 6 3207220
6 8 2631370
6 7 3318360
6 5 3207220
6 11 3650450
6 16 2866280
7 6 3318360
7 21 2763970
7 5 3108000
8 6 2631370
8 10 2844680
8 15 2831730
9 12 2887260
9 10 2814760
10 15 3831250
10 8 2844680
10 11 3863760
10 9 2814760
11 4 3739170
11 6 3650450
11 10 3863760
12 9 2887260
12 14 2737780
12 13 3597370
12 15 3903750
13 12 3597370
13 15 3511920
13 17 3243670
13 16 2760260
14 17 2384080
14 12 2737780
15 10 3831250
15 13 3511920
15 12 3903750
15 8 2831730
16 23 2542590
16 20 2103110
16 6 2866280
16 13 2760260
17 14 2384080
17 13 3243670
17 19 2753040
17 25 3067560
18 22 2374610
18 25 3633520
18 19 3319000
19 17 2753040
19 18 3319000
19 22 1279890
20 16 2103110
20 25 2372280
20 23 2330720
21 24 2502250
21 23 2539500
21 7 2763970
22 18 2374610
22 19 1279890
23 21 2539500
23 24 2732950
23 16 2542590
23 20 2330720
24 21 2502250
24 23 2732950
25 20 2372280
25 18 3633520
25 17 3067560
