0 4 1616240
0 2 1904200
1 2 3088030
1 5 2714590
1 3 2511830
2 1 3088030
2 0 1904200
2 4 2868540
3 4 2292340
3 1 2511830
3 5 2206860
4 0 1616240
4 3 2292340
4 2 2868540
4 11 2658800
5 1 2714590
5 3 2206860
5 7 2867170
5 6 2466670
6 8 1768880
6 7 2924220
6 5 2466670
6 11 2630370
6 16 2154300
7 6 2924220
7 21 2926930
7 5 2867170
8 6 1768880
8 10 1571910
8 15 1607540
9 12 1507060
9 10 1640690
10 15 2165410
10 8 1571910
10 11 2433400
10 9 1640690
11 4 2658800
11 6 2630370
11 10 2433400
12 9 1507060
12 14 1700110
12 13 1904060
12 15 2031780
13 12 1904060
13 15 2073320
13 17 2156530
13 16 1865240
14 17 1952580
14 12 1700110
15 10 2165410
15 13 2073320
15 12 2031780
15 8 1607540
16 23 2555000
16 20 1930180
16 6 2154300
16 13 1865240
17 14 1952580
17 13 2156530
17 19 2200500
17 25 2574490
18 22 2056270
18 25 3145440
18 19 2771450
19 17 2200500
19 18 2771450
19 22 1318360
20 16 1930180
20 25 2428500
20 23 2700300
21 24 2330750
21 23 2927130
21 7 2926930
22 18 2056270
22 19 1318360
23 21 2927130
23 24 2728740
23 16 2555000
23 20 2700300
24 21 2330750
24 23 2728740
25 20 2428500
25 18 3145440
25 17 2574490
