0 4 1019480
0 2 872570
1 2 1861270
1 5 1990590
1 3 1789410
2 1 1861270
2 0 872570
2 4 1781410
3 4 1709550
3 1 1789410
3 5 1691960
4 0 1019480
4 3 1709550
4 2 1781410
4 11 1990530
5 1 1990590
5 3 1691960
5 7 1849230
5 6 1916590
6 8 1487610
6 7 1872680
6 5 1916590
6 11 1996390
6 16 1723750
7 6 1872680
7 21 1439150
7 5 1849230
8 6 1487610
8 10 1486780
8 15 1505150
9 12 1494220
9 10 1486540
10 15 1956750
10 8 1486780
10 11 1995560
10 9 1486540
11 4 1990530
11 6 1996390
11 10 1995560
12 9 1494220
12 14 1374600
12 13 1849670
12 15 1964430
13 12 1849670
13 15 1860360
13 17 1704820
13 16 1626530
14 17 1229750
14 12 1374600
15 10 1956750
15 13 1860360
15 12 1964430
15 8 1505150
16 23 2024560
16 20 1666880
16 6 1723750
16 13 1626530
17 14 1229750
17 13 1704820
17 19 1513790
17 25 2018910
18 22 1480510
18 25 2457090
18 19 1951970
19 17 1513790
19 18 1951970
19 22 892080
20 16 1666880
20 25 2100040
20 23 2183980
21 24 1213490
21 23 1807320
21 7 1439150
22 18 1480510
22 19 892080
23 21 1807320
23 24 1947830
23 16 2024560
23 20 2183980
24 21 1213490
24 23 1947830
25 20 2100040
25 18 2457090
25 17 2018910
