0 4 1273700
0 2 1602730
1 2 2728140
1 5 2283430
1 3 1897590
2 1 2728140
2 0 1602730
2 4 2819190
3 4 1988640
3 1 1897590
3 5 1872960
4 0 1273700
4 3 1988640
4 2 2819190
4 11 2514180
5 1 2283430
5 3 1872960
5 7 2474770
5 6 2391280
6 8 1983920
6 7 2607250
6 5 2391280
6 11 2530980
6 16 2672190
7 6 2607250
7 21 2232400
7 5 2474770
8 6 1983920
8 10 1890720
8 15 1980210
9 12 1637910
9 10 1539520
10 15 2426850
10 8 1890720
10 11 2437780
10 9 1539520
11 4 2514180
11 6 2530980
11 10 2437780
12 9 1637910
12 14 2002090
12 13 2645380
12 15 2525240
13 12 2645380
13 15 2636480
13 17 2519560
13 16 2788620
14 17 1876270
14 12 2002090
15 10 2426850
15 13 2636480
15 12 2525240
15 8 1980210
16 23 3174620
16 20 2235280
16 6 2672190
16 13 2788620
17 14 1876270
17 13 2519560
17 19 1900220
17 25 2260880
18 22 1233650
18 25 2305660
18 19 1945000
19 17 1900220
19 18 1945000
19 22 806590
20 16 2235280
20 25 1944600
20 23 2589280
21 24 1594220
21 23 2651340
21 7 2232400
22 18 1233650
22 19 806590
23 21 2651340
23 24 2471500
23 16 3174620
23 20 2589280
24 21 1594220
24 23 2471500
25 20 1944600
25 18 2305660
25 17 2260880
