0 4 790250
0 2 691430
1 2 1068890
1 5 1161460
1 3 928870
2 1 1068890
2 0 691430
2 4 1153620
3 4 1013600
3 1 928870
3 5 1007350
4 0 790250
4 3 1013600
4 2 1153620
4 11 1309150
5 1 1161460
5 3 1007350
5 7 1319010
5 6 1260430
6 8 1012360
6 7 1339500
6 5 1260430
6 11 1323390
6 16 1208670
7 6 1339500
7 21 1407690
7 5 1319010
8 6 1012360
8 10 947950
8 15 1012260
9 12 1047980
9 10 725030
10 15 1216410
10 8 947950
10 11 1258980
10 9 725030
11 4 1309150
11 6 1323390
11 10 1258980
12 9 1047980
12 14 1323750
12 13 1580570
12 15 1539360
13 12 1580570
13 15 1321930
13 17 1511580
13 16 1249780
14 17 1254760
14 12 1323750
15 10 1216410
15 13 1321930
15 12 1539360
15 8 1012260
16 23 1563320
16 20 1172840
16 6 1208670
16 13 1249780
17 14 1254760
17 13 1511580
17 19 1280380
17 25 1879620
18 22 1057140
18 25 2086810
18 19 1487570
19 17 1280380
19 18 1487570
19 22 470310
20 16 1172840
20 25 1654240
20 23 1599740
21 24 1179730
21 23 1703760
21 7 1407690
22 18 1057140
22 19 470310
23 21 1703760
23 24 1466190
23 16 1563320
23 20 1599740
24 21 1179730
24 23 1466190
25 20 1654240
25 18 2086810
25 17 1879620
