0 4 612850
0 2 741580
1 2 1413110
1 5 1260770
1 3 1173560
2 1 1413110
2 0 741580
2 4 1263690
3 4 1024140
3 1 1173560
3 5 1000530
4 0 612850
4 3 1024140
4 2 1263690
4 11 1235480
5 1 1260770
5 3 1000530
5 7 1543230
5 6 1347930
6 8 1304280
6 7 1803420
6 5 1347930
6 11 1472060
6 16 1376630
7 6 1803420
7 21 1505870
7 5 1543230
8 6 1304280
8 10 1265630
8 15 1410930
9 12 1105450
9 10 1110160
10 15 1676120
10 8 1265630
10 11 1433410
10 9 1110160
11 4 1235480
11 6 1472060
11 10 1433410
12 9 1105450
12 14 1150550
12 13 1478450
12 15 1671410
13 12 1478450
13 15 1628460
13 17 1614990
13 16 1290320
14 17 1287090
14 12 1150550
15 10 1676120
15 13 1628460
15 12 1671410
15 8 1410930
16 23 1510800
16 20 1174020
16 6 1376630
16 13 1290320
17 14 1287090
17 13 1614990
17 19 1601550
17 25 1764170
18 22 1325630
18 25 2039890
18 19 1877270
19 17 1601550
19 18 1877270
19 22 856980
20 16 1174020
20 25 1468380
20 23 1539680
21 24 1092040
21 23 1444740
21 7 1505870
22 18 1325630
22 19 856980
23 21 1444740
23 24 1523760
23 16 1510800
23 20 1539680
24 21 1092040
24 23 1523760
25 20 1468380
25 18 2039890
25 17 1764170
