0 4 825390
0 2 770790
1 2 1426110
1 5 1453510
1 3 1248650
2 1 1426110
2 0 770790
2 4 1445880
3 4 1268420
3 1 1248650
3 5 1241220
4 0 825390
4 3 1268420
4 2 1445880
4 11 1463800
5 1 1453510
5 3 1241220
5 7 1470140
5 6 1402080
6 8 1024010
6 7 1426140
6 5 1402080
6 11 1392600
6 16 1467670
7 6 1426140
7 21 1431500
7 5 1470140
8 6 1024010
8 10 1016240
8 15 1205530
9 12 1040940
9 10 990910
10 15 1531830
10 8 1016240
10 11 1384830
10 9 990910
11 4 1463800
11 6 1392600
11 10 1384830
12 9 1040940
12 14 1212800
12 13 1503310
12 15 1581860
13 12 1503310
13 15 1642570
13 17 1642340
13 16 1570640
14 17 1351830
14 12 1212800
15 10 1531830
15 13 1642570
15 12 1581860
15 8 1205530
16 23 1924660
16 20 1559510
16 6 1467670
16 13 1570640
17 14 1351830
17 13 1642340
17 19 1442060
17 25 1820330
18 22 994920
18 25 1824010
18 19 1445740
19 17 1442060
19 18 1445740
19 22 712640
20 16 1559510
20 25 1730880
20 23 1906910
21 24 1250190
21 23 1820430
21 7 1431500
22 18 994920
22 19 712640
23 21 1820430
23 24 1701820
23 16 1924660
23 20 1906910
24 21 1250190
24 23 1701820
25 20 1730880
25 18 1824010
25 17 1820330
