0 4 1193060
0 2 1370790
1 2 2493800
1 5 2171360
1 3 2059470
2 1 2493800
2 0 1370790
2 4 2291310
3 4 1856980
3 1 2059470
3 5 1712270
4 0 1193060
4 3 1856980
4 2 2291310
4 11 2100910
5 1 2171360
5 3 1712270
5 7 1793200
5 6 2059920
6 8 1774990
6 7 2028960
6 5 2059920
6 11 2191960
6 16 2234270
7 6 2028960
7 21 1651620
7 5 1793200
8 6 1774990
8 10 1444970
8 15 1585810
9 12 1603050
9 10 1187870
10 15 1776480
10 8 1444970
10 11 1861940
10 9 1187870
11 4 2100910
11 6 2191960
11 10 1861940
12 9 1603050
12 14 2104270
12 13 2270990
12 15 2191660
13 12 2270990
13 15 1996650
13 17 2416290
13 16 2124420
14 17 2249570
14 12 2104270
15 10 1776480
15 13 1996650
15 12 2191660
15 8 1585810
16 23 2142290
16 20 1964940
16 6 2234270
16 13 2124420
17 14 2249570
17 13 2416290
17 19 2364400
17 25 2990980
18 22 1958080
18 25 3360730
18 19 2734150
19 17 2364400
19 18 2734150
19 22 1196130
20 16 1964940
20 25 2491190
20 23 1934370
21 24 1569590
21 23 1826360
21 7 1651620
22 18 1958080
22 19 1196130
23 21 1826360
23 24 1854950
23 16 2142290
23 20 1934370
24 21 1569590
24 23 1854950
25 20 2491190
25 18 3360730
25 17 2990980
