0 4 359260
0 2 381220
1 2 743740
1 5 639750
1 3 610780
2 1 743740
2 0 381220
2 4 714440
3 4 581480
3 1 610780
3 5 499450
4 0 359260
4 3 581480
4 2 714440
4 11 731640
5 1 639750
5 3 499450
5 7 746020
5 6 667780
6 8 565230
6 7 885380
6 5 667780
6 11 788970
6 16 730670
7 6 885380
7 21 775160
7 5 746020
8 6 565230
8 10 455840
8 15 471270
9 12 390870
9 10 403400
10 15 603790
10 8 455840
10 11 679580
10 9 403400
11 4 731640
11 6 788970
11 10 679580
12 9 390870
12 14 489570
12 13 603910
12 15 591260
13 12 603910
13 15 631870
13 17 682800
13 16 649360
14 17 568460
14 12 489570
15 10 603790
15 13 631870
15 12 591260
15 8 471270
16 23 804180
16 20 665700
16 6 730670
16 13 649360
17 14 568460
17 13 682800
17 19 627780
17 25 844570
18 22 421470
18 25 837320
18 19 620530
19 17 627780
19 18 620530
19 22 335420
20 16 665700
20 25 822630
20 23 815680
21 24 574120
21 23 770430
21 7 775160
22 18 421470
22 19 335420
23 21 770430
23 24 757850
23 16 804180
23 20 815680
24 21 574120
24 23 757850
25 20 822630
25 18 837320
25 17 844570
