0 4 649370
0 2 748410
1 2 1164780
1 5 955940
1 3 891520
2 1 1164780
2 0 748410
2 4 1167560
3 4 894300
3 1 891520
3 5 784500
4 0 649370
4 3 894300
4 2 1167560
4 11 1047700
5 1 955940
5 3 784500
5 7 1258300
5 6 1100100
6 8 910570
6 7 1509480
6 5 1100100
6 11 1189080
6 16 1124920
7 6 1509480
7 21 1462770
7 5 1258300
8 6 910570
8 10 671330
8 15 871840
9 12 669160
9 10 611040
10 15 1073310
10 8 671330
10 11 949840
10 9 611040
11 4 1047700
11 6 1189080
11 10 949840
12 9 669160
12 14 803860
12 13 1013430
12 15 1131430
13 12 1013430
13 15 1155820
13 17 1114730
13 16 968190
14 17 905160
14 12 803860
15 10 1073310
15 13 1155820
15 12 1131430
15 8 871840
16 23 1083600
16 20 1115830
16 6 1124920
16 13 968190
17 14 905160
17 13 1114730
17 19 1019690
17 25 1354990
18 22 914890
18 25 1622150
18 19 1286850
19 17 1019690
19 18 1286850
19 22 475780
20 16 1115830
20 25 1425720
20 23 1300870
21 24 1204350
21 23 1263250
21 7 1462770
22 18 914890
22 19 475780
23 21 1263250
23 24 1209740
23 16 1083600
23 20 1300870
24 21 1204350
24 23 1209740
25 20 1425720
25 18 1622150
25 17 1354990
