0 4 206270
0 2 1
1 2 517430
1 5 731640
1 3 385350
2 1 517430
2 0 1
2 4 663940
3 4 437460
3 1 385350
3 5 54810
4 0 206270
4 3 437460
4 2 663940
4 11 1437850
5 1 731640
5 3 54810
5 7 370510
5 6 517720
6 8 235730
6 7 322230
6 5 517720
6 11 123230
6 16 449310
7 6 322230
7 21 688320
7 5 370510
8 6 235730
8 10 63970
8 15 278360
9 12 47020
9 10 100550
10 15 1293770
10 8 63970
10 11 1381720
10 9 100550
11 4 1437850
11 6 123230
11 10 1381720
12 9 47020
12 14 308040
12 13 537580
12 15 564830
13 12 537580
13 15 1076990
13 17 935530
13 16 791530
14 17 360680
14 12 308040
15 10 1293770
15 13 1076990
15 12 564830
15 8 278360
16 23 927960
16 20 256060
16 6 449310
16 13 791530
17 14 360680
17 13 935530
17 19 121910
17 25 996670
18 22 84010
18 25 1772370
18 19 65550
19 17 121910
19 18 65550
19 22 33740
20 16 256060
20 25 918410
20 23 625540
21 24 329930
21 23 323330
21 7 688320
22 18 84010
22 19 33740
23 21 323330
23 24 385430
23 16 927960
23 20 625540
24 21 329930
24 23 385430
25 20 918410
25 18 1772370
25 17 996670
