0 4 421310
0 2 136960
1 2 1551530
1 5 2069700
1 3 273650
2 1 1551530
2 0 136960
2 4 1319190
3 4 584050
3 1 273650
3 5 105340
4 0 421310
4 3 584050
4 2 1319190
4 11 2320910
5 1 2069700
5 3 105340
5 7 925740
5 6 1288580
6 8 439790
6 7 802630
6 5 1288580
6 11 413180
6 16 1256490
7 6 802630
7 21 1965030
7 5 925740
8 6 439790
8 10 123150
8 15 287470
9 12 205260
9 10 112770
10 15 2149960
10 8 123150
10 11 2183380
10 9 112770
11 4 2320910
11 6 413180
11 10 2183380
12 9 205260
12 14 870480
12 13 176370
12 15 684240
13 12 176370
13 15 1909950
13 17 1927800
13 16 672410
14 17 947190
14 12 870480
15 10 2149960
15 13 1909950
15 12 684240
15 8 287470
16 23 1142950
16 20 757400
16 6 1256490
16 13 672410
17 14 947190
17 13 1927800
17 19 322990
17 25 2253240
18 22 152300
18 25 3471750
18 19 78320
19 17 322990
19 18 78320
19 22 158720
20 16 757400
20 25 2374870
20 23 1684390
21 24 996080
21 23 918710
21 7 1965030
22 18 152300
22 19 158720
23 21 918710
23 24 1044230
23 16 1142950
23 20 1684390
24 21 996080
24 23 1044230
25 20 2374870
25 18 3471750
25 17 2253240
