0 4 425320
0 2 280380
1 2 2935850
1 5 4050950
1 3 860290
2 1 2935850
2 0 280380
2 4 3371660
3 4 1011210
3 1 860290
3 5 380880
4 0 425320
4 3 1011210
4 2 3371660
4 11 5242560
5 1 4050950
5 3 380880
5 7 2228450
5 6 2585060
6 8 1294960
6 7 1937990
6 5 2585060
6 11 447460
6 16 2232190
7 6 1937990
7 21 2951080
7 5 2228450
8 6 1294960
8 10 374880
8 15 1144380
9 12 438320
9 10 269860
10 15 4793340
10 8 374880
10 11 5143900
10 9 269860
11 4 5242560
11 6 447460
11 10 5143900
12 9 438320
12 14 1983730
12 13 1026650
12 15 2335130
13 12 1026650
13 15 3499230
13 17 3311390
13 16 2178490
14 17 1877660
14 12 1983730
15 10 4793340
15 13 3499230
15 12 2335130
15 8 1144380
16 23 2945170
16 20 1472050
16 6 2232190
16 13 2178490
17 14 1877660
17 13 3311390
17 19 682170
17 25 3738250
18 22 88660
18 25 6015360
18 19 525150
19 17 682170
19 18 525150
19 22 340590
20 16 1472050
20 25 4400060
20 23 2997300
21 24 1999450
21 23 1192990
21 7 2951080
22 18 88660
22 19 340590
23 21 1192990
23 24 2051680
23 16 2945170
23 20 2997300
24 21 1999450
24 23 2051680
25 20 4400060
25 18 6015360
25 17 3738250
