0 4 433560
0 2 119100
1 2 1833980
1 5 2851830
1 3 420560
2 1 1833980
2 0 119100
2 4 1220150
3 4 521090
3 1 420560
3 5 87490
4 0 433560
4 3 521090
4 2 1220150
4 11 2509860
5 1 2851830
5 3 87490
5 7 1489260
5 6 1498070
6 8 528860
6 7 1003310
6 5 1498070
6 11 344640
6 16 1490550
7 6 1003310
7 21 1847460
7 5 1489260
8 6 528860
8 10 101990
8 15 579460
9 12 261980
9 10 323610
10 15 2187550
10 8 101990
10 11 2362500
10 9 323610
11 4 2509860
11 6 344640
11 10 2362500
12 9 261980
12 14 818180
12 13 433970
12 15 1034410
13 12 433970
13 15 1760950
13 17 1382020
13 16 1063770
14 17 965950
14 12 818180
15 10 2187550
15 13 1760950
15 12 1034410
15 8 579460
16 23 1542490
16 20 992790
16 6 1490550
16 13 1063770
17 14 965950
17 13 1382020
17 19 353390
17 25 1838790
18 22 88920
18 25 2554140
18 19 58320
19 17 353390
19 18 58320
19 22 68260
20 16 992790
20 25 2268730
20 23 1502260
21 24 1018940
21 23 889200
21 7 1847460
22 18 88920
22 19 68260
23 21 889200
23 24 1149820
23 16 1542490
23 20 1502260
24 21 1018940
24 23 1149820
25 20 2268730
25 18 2554140
25 17 1838790
