0 4 94760
0 2 12870
1 2 575560
1 5 913330
1 3 85970
2 1 575560
2 0 12870
2 4 380350
3 4 134420
3 1 85970
3 5 660
4 0 94760
4 3 134420
4 2 380350
4 11 642040
5 1 913330
5 3 660
5 7 349230
5 6 645880
6 8 213450
6 7 246920
6 5 645880
6 11 84170
6 16 574550
7 6 246920
7 21 461850
7 5 349230
8 6 213450
8 10 54000
8 15 259560
9 12 92770
9 10 23480
10 15 697140
10 8 54000
10 11 668190
10 9 23480
11 4 642040
11 6 84170
11 10 668190
12 9 92770
12 14 275420
12 13 151900
12 15 369010
13 12 151900
13 15 607910
13 17 484150
13 16 231170
14 17 213920
14 12 275420
15 10 697140
15 13 607910
15 12 369010
15 8 259560
16 23 471160
16 20 284310
16 6 574550
16 13 231170
17 14 213920
17 13 484150
17 19 164780
17 25 528600
18 22 108140
18 25 1080780
18 19 81980
19 17 164780
19 18 81980
19 22 118820
20 16 284310
20 25 833980
20 23 613080
21 24 229010
21 23 306330
21 7 461850
22 18 108140
22 19 118820
23 21 306330
23 24 311720
23 16 471160
23 20 613080
24 21 229010
24 23 311720
25 20 833980
25 18 1080780
25 17 528600
