0 4 173460
0 2 47950
1 2 630960
1 5 823730
1 3 97170
2 1 630960
2 0 47950
2 4 673570
3 4 131400
3 1 97170
3 5 31240
4 0 173460
4 3 131400
4 2 673570
4 11 1031360
5 1 823730
5 3 31240
5 7 489340
5 6 443290
6 8 308420
6 7 378110
6 5 443290
6 11 122830
6 16 429420
7 6 378110
7 21 733120
7 5 489340
8 6 308420
8 10 87870
8 15 278320
9 12 137570
9 10 68870
10 15 884740
10 8 87870
10 11 929690
10 9 68870
11 4 1031360
11 6 122830
11 10 929690
12 9 137570
12 14 236260
12 13 80970
12 15 392120
13 12 80970
13 15 837670
13 17 908430
13 16 455060
14 17 298100
14 12 236260
15 10 884740
15 13 837670
15 12 392120
15 8 278320
16 23 603900
16 20 278580
16 6 429420
16 13 455060
17 14 298100
17 13 908430
17 19 166740
17 25 682240
18 22 32280
18 25 1169730
18 19 84860
19 17 166740
19 18 84860
19 22 87110
20 16 278580
20 25 861460
20 23 589810
21 24 345390
21 23 454490
21 7 733120
22 18 32280
22 19 87110
23 21 454490
23 24 491870
23 16 603900
23 20 589810
24 21 345390
24 23 491870
25 20 861460
25 18 1169730
25 17 682240
