0 4 416080
0 2 135640
1 2 1634190
1 5 2154800
1 3 379490
2 1 1634190
2 0 135640
2 4 1191620
3 4 679830
3 1 379490
3 5 110330
4 0 416080
4 3 679830
4 2 1191620
4 11 2527970
5 1 2154800
5 3 110330
5 7 1067290
5 6 1399030
6 8 608630
6 7 962330
6 5 1399030
6 11 499090
6 16 1322630
7 6 962330
7 21 2113980
7 5 1067290
8 6 608630
8 10 98170
8 15 474870
9 12 143710
9 10 126350
10 15 2403040
10 8 98170
10 11 2381730
10 9 126350
11 4 2527970
11 6 499090
11 10 2381730
12 9 143710
12 14 862350
12 13 398590
12 15 1042730
13 12 398590
13 15 2008110
13 17 1950240
13 16 933330
14 17 733070
14 12 862350
15 10 2403040
15 13 2008110
15 12 1042730
15 8 474870
16 23 1436290
16 20 784760
16 6 1322630
16 13 933330
17 14 733070
17 13 1950240
17 19 467570
17 25 2058800
18 22 176200
18 25 3353480
18 19 160520
19 17 467570
19 18 160520
19 22 192820
20 16 784760
20 25 2656530
20 23 1949870
21 24 1086100
21 23 939540
21 7 2113980
22 18 176200
22 19 192820
23 21 939540
23 24 1319020
23 16 1436290
23 20 1949870
24 21 1086100
24 23 1319020
25 20 2656530
25 18 3353480
25 17 2058800
