0 4 138560
0 2 1
1 2 435420
1 5 771500
1 3 477860
2 1 435420
2 0 1
2 4 738870
3 4 536950
3 1 477860
3 5 70410
4 0 138560
4 3 536950
4 2 738870
4 11 1412110
5 1 771500
5 3 70410
5 7 398900
5 6 512610
6 8 159820
6 7 179440
6 5 512610
6 11 79610
6 16 493000
7 6 179440
7 21 617950
7 5 398900
8 6 159820
8 10 39130
8 15 247780
9 12 56660
9 10 78370
10 15 1412550
10 8 39130
10 11 1413180
10 9 78370
11 4 1412110
11 6 79610
11 10 1413180
12 9 56660
12 14 357250
12 13 411430
12 15 667440
13 12 411430
13 15 1015950
13 17 951580
13 16 689160
14 17 415850
14 12 357250
15 10 1412550
15 13 1015950
15 12 667440
15 8 247780
16 23 896550
16 20 263850
16 6 493000
16 13 689160
17 14 415850
17 13 951580
17 19 99330
17 25 1041230
18 22 35580
18 25 1748050
18 19 65480
19 17 99330
19 18 65480
19 22 20600
20 16 263850
20 25 891270
20 23 626610
21 24 234490
21 23 335290
21 7 617950
22 18 35580
22 19 20600
23 21 335290
23 24 404390
23 16 896550
23 20 626610
24 21 234490
24 23 404390
25 20 891270
25 18 1748050
25 17 1041230
