0 4 410680
0 2 153200
1 2 3538680
1 5 4386170
1 3 947510
2 1 3538680
2 0 153200
2 4 3094640
3 4 980300
3 1 947510
3 5 131770
4 0 410680
4 3 980300
4 2 3094640
4 11 4747260
5 1 4386170
5 3 131770
5 7 1386420
5 6 3085420
6 8 958200
6 7 1520090
6 5 3085420
6 11 757100
6 16 3067640
7 6 1520090
7 21 2689340
7 5 1386420
8 6 958200
8 10 509570
8 15 1080090
9 12 448310
9 10 373760
10 15 3959030
10 8 509570
10 11 4409580
10 9 373760
11 4 4747260
11 6 757100
11 10 4409580
12 9 448310
12 14 829870
12 13 1239000
12 15 1963550
13 12 1239000
13 15 3216480
13 17 3281780
13 16 2365660
14 17 1059490
14 12 829870
15 10 3959030
15 13 3216480
15 12 1963550
15 8 1080090
16 23 3761960
16 20 2012250
16 6 3067640
16 13 2365660
17 14 1059490
17 13 3281780
17 19 376840
17 25 3014870
18 22 227410
18 25 6273380
18 19 302540
19 17 376840
19 18 302540
19 22 121690
20 16 2012250
20 25 5286140
20 23 3584810
21 24 1286560
21 23 1646620
21 7 2689340
22 18 227410
22 19 121690
23 21 1646620
23 24 2190640
23 16 3761960
23 20 3584810
24 21 1286560
24 23 2190640
25 20 5286140
25 18 6273380
25 17 3014870
