0 4 295100
0 2 248980
1 2 3037940
1 5 3862070
1 3 964590
2 1 3037940
2 0 248980
2 4 3570940
3 4 1061930
3 1 964590
3 5 344410
4 0 295100
4 3 1061930
4 2 3570940
4 11 5312910
5 1 3862070
5 3 344410
5 7 2126650
5 6 2573280
6 8 1014450
6 7 1508180
6 5 2573280
6 11 352910
6 16 2203730
7 6 1508180
7 21 2409800
7 5 2126650
8 6 1014450
8 10 291480
8 15 908090
9 12 474570
9 10 258730
10 15 5162780
10 8 291480
10 11 5402200
10 9 258730
11 4 5312910
11 6 352910
11 10 5402200
12 9 474570
12 14 1790650
12 13 1176050
12 15 2156990
13 12 1176050
13 15 3726840
13 17 3524710
13 16 2426610
14 17 1879630
14 12 1790650
15 10 5162780
15 13 3726840
15 12 2156990
15 8 908090
16 23 3278100
16 20 1423430
16 6 2203730
16 13 2426610
17 14 1879630
17 13 3524710
17 19 736010
17 25 3844680
18 22 110260
18 25 5928660
18 19 369870
19 17 736010
19 18 369870
19 22 351590
20 16 1423430
20 25 4238010
20 23 2832090
21 24 1830140
21 23 851970
21 7 2409800
22 18 110260
22 19 351590
23 21 851970
23 24 2176290
23 16 3278100
23 20 2832090
24 21 1830140
24 23 2176290
25 20 4238010
25 18 5928660
25 17 3844680
