0 4 176190
0 2 24790
1 2 1755790
1 5 1711890
1 3 317200
2 1 1755790
2 0 24790
2 4 1688740
3 4 356870
3 1 317200
3 5 61310
4 0 176190
4 3 356870
4 2 1688740
4 11 2168600
5 1 1711890
5 3 61310
5 7 741010
5 6 1381380
6 8 268860
6 7 397320
6 5 1381380
6 11 232530
6 16 1372280
7 6 397320
7 21 1483790
7 5 741010
8 6 268860
8 10 143460
8 15 208470
9 12 89000
9 10 101150
10 15 2193840
10 8 143460
10 11 2137480
10 9 101150
11 4 2168600
11 6 232530
11 10 2137480
12 9 89000
12 14 781650
12 13 240100
12 15 920100
13 12 240100
13 15 1638520
13 17 1569380
13 16 710860
14 17 729020
14 12 781650
15 10 2193840
15 13 1638520
15 12 920100
15 8 208470
16 23 1612370
16 20 530840
16 6 1372280
16 13 710860
17 14 729020
17 13 1569380
17 19 158470
17 25 1992940
18 22 43130
18 25 2802000
18 19 191360
19 17 158470
19 18 191360
19 22 57520
20 16 530840
20 25 1712000
20 23 1334850
21 24 835080
21 23 775470
21 7 1483790
22 18 43130
22 19 57520
23 21 775470
23 24 684780
23 16 1612370
23 20 1334850
24 21 835080
24 23 684780
25 20 1712000
25 18 2802000
25 17 1992940
