0 4 127310
0 2 41270
1 2 574910
1 5 1433860
1 3 266920
2 1 574910
2 0 41270
2 4 1156740
3 4 331610
3 1 266920
3 5 1
4 0 127310
4 3 331610
4 2 1156740
4 11 1640780
5 1 1433860
5 3 1
5 7 504660
5 6 1055090
6 8 406370
6 7 419260
6 5 1055090
6 11 93510
6 16 1115370
7 6 419260
7 21 698420
7 5 504660
8 6 406370
8 10 165960
8 15 435550
9 12 138660
9 10 85840
10 15 1771550
10 8 165960
10 11 1775230
10 9 85840
11 4 1640780
11 6 93510
11 10 1775230
12 9 138660
12 14 738250
12 13 356470
12 15 731810
13 12 356470
13 15 1491480
13 17 1363130
13 16 781250
14 17 800730
14 12 738250
15 10 1771550
15 13 1491480
15 12 731810
15 8 435550
16 23 1343080
16 20 427450
16 6 1115370
16 13 781250
17 14 800730
17 13 1363130
17 19 218950
17 25 1759810
18 22 169420
18 25 2917010
18 19 91750
19 17 218950
19 18 91750
19 22 212460
20 16 427450
20 25 1774300
20 23 1457370
21 24 237920
21 23 423410
21 7 698420
22 18 169420
22 19 212460
23 21 423410
23 24 855590
23 16 1343080
23 20 1457370
24 21 237920
24 23 855590
25 20 1774300
25 18 2917010
25 17 1759810
