0 4 166680
0 2 18200
1 2 380710
1 5 743750
1 3 157940
2 1 380710
2 0 18200
2 4 661910
3 4 236800
3 1 157940
3 5 22280
4 0 166680
4 3 236800
4 2 661910
4 11 1207650
5 1 743750
5 3 22280
5 7 289650
5 6 502180
6 8 258830
6 7 396100
6 5 502180
6 11 148880
6 16 501230
7 6 396100
7 21 1200820
7 5 289650
8 6 258830
8 10 35510
8 15 187660
9 12 80390
9 10 91970
10 15 1108000
10 8 35510
10 11 1146920
10 9 91970
11 4 1207650
11 6 148880
11 10 1146920
12 9 80390
12 14 266650
12 13 236220
12 15 353610
13 12 236220
13 15 994600
13 17 852330
13 16 468140
14 17 274930
14 12 266650
15 10 1108000
15 13 994600
15 12 353610
15 8 187660
16 23 665320
16 20 338530
16 6 501230
16 13 468140
17 14 274930
17 13 852330
17 19 74280
17 25 911150
18 22 86060
18 25 1566130
18 19 32310
19 17 74280
19 18 32310
19 22 59710
20 16 338530
20 25 1235280
20 23 956600
21 24 443590
21 23 802620
21 7 1200820
22 18 86060
22 19 59710
23 21 802620
23 24 301590
23 16 665320
23 20 956600
24 21 443590
24 23 301590
25 20 1235280
25 18 1566130
25 17 911150
