0 4 360800
0 2 125000
1 2 3697350
1 5 4836040
1 3 963100
2 1 3697350
2 0 125000
2 4 3251130
3 4 968510
3 1 963100
3 5 101170
4 0 360800
4 3 968510
4 2 3251130
4 11 4876240
5 1 4836040
5 3 101170
5 7 1914930
5 6 3020440
6 8 907400
6 7 1534550
6 5 3020440
6 11 754430
6 16 3002860
7 6 1534550
7 21 2882210
7 5 1914930
8 6 907400
8 10 594030
8 15 954700
9 12 411890
9 10 362960
10 15 4030210
10 8 594030
10 11 4586740
10 9 362960
11 4 4876240
11 6 754430
11 10 4586740
12 9 411890
12 14 808770
12 13 1125840
12 15 1892500
13 12 1125840
13 15 3187570
13 17 3250880
13 16 2117750
14 17 1163050
14 12 808770
15 10 4030210
15 13 3187570
15 12 1892500
15 8 954700
16 23 3429830
16 20 2057230
16 6 3002860
16 13 2117750
17 14 1163050
17 13 3250880
17 19 402960
17 25 3085190
18 22 190210
18 25 6161790
18 19 393170
19 17 402960
19 18 393170
19 22 98290
20 16 2057230
20 25 4941740
20 23 3226190
21 24 1558140
21 23 1503910
21 7 2882210
22 18 190210
22 19 98290
23 21 1503910
23 24 2171840
23 16 3429830
23 20 3226190
24 21 1558140
24 23 2171840
25 20 4941740
25 18 6161790
25 17 3085190
