0 4 257510
0 2 117640
1 2 2217130
1 5 2838110
1 3 622510
2 1 2217130
2 0 117640
2 4 2091730
3 4 729020
3 1 622510
3 5 169060
4 0 257510
4 3 729020
4 2 2091730
4 11 3263810
5 1 2838110
5 3 169060
5 7 1473250
5 6 1605250
6 8 615420
6 7 802310
6 5 1605250
6 11 297410
6 16 1405130
7 6 802310
7 21 2234900
7 5 1473250
8 6 615420
8 10 178680
8 15 603370
9 12 362500
9 10 130750
10 15 2921920
10 8 178680
10 11 3032810
10 9 130750
11 4 3263810
11 6 297410
11 10 3032810
12 9 362500
12 14 1277400
12 13 423400
12 15 1532750
13 12 423400
13 15 2077390
13 17 1971960
13 16 830560
14 17 1394850
14 12 1277400
15 10 2921920
15 13 2077390
15 12 1532750
15 8 603370
16 23 1606950
16 20 581940
16 6 1405130
16 13 830560
17 14 1394850
17 13 1971960
17 19 179930
17 25 2820160
18 22 150390
18 25 4976300
18 19 234260
19 17 179930
19 18 234260
19 22 108600
20 16 581940
20 25 3645980
20 23 3056890
21 24 1105540
21 23 1444870
21 7 2234900
22 18 150390
22 19 108600
23 21 1444870
23 24 1319900
23 16 1606950
23 20 3056890
24 21 1105540
24 23 1319900
25 20 3645980
25 18 4976300
25 17 2820160
