0 4 499410
0 2 119980
1 2 3229670
1 5 4645220
1 3 722020
2 1 3229670
2 0 119980
2 4 3850390
3 4 858580
3 1 722020
3 5 154100
4 0 499410
4 3 858580
4 2 3850390
4 11 5530090
5 1 4645220
5 3 154100
5 7 2006230
5 6 2968470
6 8 1341880
6 7 1777380
6 5 2968470
6 11 408690
6 16 3020490
7 6 1777380
7 21 2717630
7 5 2006230
8 6 1341880
8 10 229160
8 15 1344170
9 12 338700
9 10 338970
10 15 5066290
10 8 229160
10 11 5320010
10 9 338970
11 4 5530090
11 6 408690
11 10 5320010
12 9 338700
12 14 1105980
12 13 1015800
12 15 2571750
13 12 1015800
13 15 3772600
13 17 3696450
13 16 1964190
14 17 1139130
14 12 1105980
15 10 5066290
15 13 3772600
15 12 2571750
15 8 1344170
16 23 3556310
16 20 1468010
16 6 3020490
16 13 1964190
17 14 1139130
17 13 3696450
17 19 580700
17 25 3567170
18 22 329250
18 25 6529590
18 19 368470
19 17 580700
19 18 368470
19 22 361050
20 16 1468010
20 25 3911610
20 23 2424770
21 24 1644740
21 23 1215230
21 7 2717630
22 18 329250
22 19 361050
23 21 1215230
23 24 2132160
23 16 3556310
23 20 2424770
24 21 1644740
24 23 2132160
25 20 3911610
25 18 6529590
25 17 3567170
