0 4 336840
0 2 113710
1 2 1724110
1 5 2139250
1 3 405030
2 1 1724110
2 0 113710
2 4 1319350
3 4 640800
3 1 405030
3 5 90660
4 0 336840
4 3 640800
4 2 1319350
4 11 2297300
5 1 2139250
5 3 90660
5 7 899970
5 6 1448280
6 8 381930
6 7 691600
6 5 1448280
6 11 359410
6 16 1417770
7 6 691600
7 21 1990770
7 5 899970
8 6 381930
8 10 174390
8 15 229640
9 12 244120
9 10 149840
10 15 2135790
10 8 174390
10 11 2180990
10 9 149840
11 4 2297300
11 6 359410
11 10 2180990
12 9 244120
12 14 1016940
12 13 162480
12 15 729650
13 12 162480
13 15 1791930
13 17 1739500
13 16 685780
14 17 1080890
14 12 1016940
15 10 2135790
15 13 1791930
15 12 729650
15 8 229640
16 23 1292040
16 20 695150
16 6 1417770
16 13 685780
17 14 1080890
17 13 1739500
17 19 365840
17 25 2168280
18 22 114360
18 25 3210050
18 19 99460
19 17 365840
19 18 99460
19 22 187880
20 16 695150
20 25 2225250
20 23 1609400
21 24 973390
21 23 955140
21 7 1990770
22 18 114360
22 19 187880
23 21 955140
23 24 951680
23 16 1292040
23 20 1609400
24 21 973390
24 23 951680
25 20 2225250
25 18 3210050
25 17 2168280
