0 4 138750
0 2 50440
1 2 641160
1 5 1065250
1 3 225930
2 1 641160
2 0 50440
2 4 801340
3 4 218930
3 1 225930
3 5 31740
4 0 138750
4 3 218930
4 2 801340
4 11 1166990
5 1 1065250
5 3 31740
5 7 527000
5 6 732800
6 8 183190
6 7 207800
6 5 732800
6 11 118700
6 16 717870
7 6 207800
7 21 1318940
7 5 527000
8 6 183190
8 10 70400
8 15 139870
9 12 158890
9 10 101280
10 15 973750
10 8 70400
10 11 1116220
10 9 101280
11 4 1166990
11 6 118700
11 10 1116220
12 9 158890
12 14 375090
12 13 175790
12 15 330330
13 12 175790
13 15 833190
13 17 786380
13 16 441400
14 17 360110
14 12 375090
15 10 973750
15 13 833190
15 12 330330
15 8 139870
16 23 847920
16 20 366390
16 6 717870
16 13 441400
17 14 360110
17 13 786380
17 19 261460
17 25 602730
18 22 46300
18 25 1487180
18 19 80120
19 17 261460
19 18 80120
19 22 151420
20 16 366390
20 25 1359010
20 23 1144700
21 24 382160
21 23 861510
21 7 1318940
22 18 46300
22 19 151420
23 21 861510
23 24 564910
23 16 847920
23 20 1144700
24 21 382160
24 23 564910
25 20 1359010
25 18 1487180
25 17 602730
