0 4 130410
0 2 18670
1 2 644030
1 5 757580
1 3 106580
2 1 644030
2 0 18670
2 4 348890
3 4 147050
3 1 106580
3 5 4590
4 0 130410
4 3 147050
4 2 348890
4 11 665470
5 1 757580
5 3 4590
5 7 339140
5 6 489780
6 8 201220
6 7 252460
6 5 489780
6 11 69560
6 16 401730
7 6 252460
7 21 531650
7 5 339140
8 6 201220
8 10 57760
8 15 235660
9 12 101950
9 10 14730
10 15 675980
10 8 57760
10 11 667370
10 9 14730
11 4 665470
11 6 69560
11 10 667370
12 9 101950
12 14 313260
12 13 160600
12 15 372890
13 12 160600
13 15 570080
13 17 421540
13 16 313650
14 17 250940
14 12 313260
15 10 675980
15 13 570080
15 12 372890
15 8 235660
16 23 497350
16 20 186940
16 6 401730
16 13 313650
17 14 250940
17 13 421540
17 19 176990
17 25 507370
18 22 99510
18 25 938840
18 19 65240
19 17 176990
19 18 65240
19 22 111230
20 16 186940
20 25 844070
20 23 735040
21 24 215000
21 23 374920
21 7 531650
22 18 99510
22 19 111230
23 21 374920
23 24 316000
23 16 497350
23 20 735040
24 21 215000
24 23 316000
25 20 844070
25 18 938840
25 17 507370
