0 4 150430
0 2 73670
1 2 833260
1 5 1478650
1 3 164780
2 1 833260
2 0 73670
2 4 660670
3 4 118400
3 1 164780
3 5 4280
4 0 150430
4 3 118400
4 2 660670
4 11 1018250
5 1 1478650
5 3 4280
5 7 822360
5 6 832330
6 8 178170
6 7 254110
6 5 832330
6 11 182010
6 16 784130
7 6 254110
7 21 1087460
7 5 822360
8 6 178170
8 10 48080
8 15 237540
9 12 148770
9 10 58580
10 15 1080620
10 8 48080
10 11 1009100
10 9 58580
11 4 1018250
11 6 182010
11 10 1009100
12 9 148770
12 14 217720
12 13 267170
12 15 300090
13 12 267170
13 15 1042120
13 17 1040260
13 16 558800
14 17 329490
14 12 217720
15 10 1080620
15 13 1042120
15 12 300090
15 8 237540
16 23 766910
16 20 564670
16 6 784130
16 13 558800
17 14 329490
17 13 1040260
17 19 168770
17 25 944430
18 22 116300
18 25 1883700
18 19 96460
19 17 168770
19 18 96460
19 22 115950
20 16 564670
20 25 1474370
20 23 1012990
21 24 350900
21 23 723130
21 7 1087460
22 18 116300
22 19 115950
23 21 723130
23 24 630890
23 16 766910
23 20 1012990
24 21 350900
24 23 630890
25 20 1474370
25 18 1883700
25 17 944430
