0 4 450290
0 2 111040
1 2 3060660
1 5 4068470
1 3 602060
2 1 3060660
2 0 111040
2 4 3611230
3 4 692080
3 1 602060
3 5 179860
4 0 450290
4 3 692080
4 2 3611230
4 11 5185440
5 1 4068470
5 3 179860
5 7 1812360
5 6 2683450
6 8 973380
6 7 1289200
6 5 2683450
6 11 346480
6 16 2596530
7 6 1289200
7 21 3128390
7 5 1812360
8 6 973380
8 10 261790
8 15 930150
9 12 245900
9 10 212390
10 15 4829150
10 8 261790
10 11 5126070
10 9 212390
11 4 5185440
11 6 346480
11 10 5126070
12 9 245900
12 14 740450
12 13 828930
12 15 2138180
13 12 828930
13 15 3776350
13 17 3441610
13 16 1590690
14 17 720810
14 12 740450
15 10 4829150
15 13 3776350
15 12 2138180
15 8 930150
16 23 3265150
16 20 972690
16 6 2596530
16 13 1590690
17 14 720810
17 13 3441610
17 19 509370
17 25 3333560
18 22 309170
18 25 5390480
18 19 319700
19 17 509370
19 18 319700
19 22 379380
20 16 972690
20 25 2733450
20 23 1852270
21 24 1354470
21 23 1629310
21 7 3128390
22 18 309170
22 19 379380
23 21 1629310
23 24 1666580
23 16 3265150
23 20 1852270
24 21 1354470
24 23 1666580
25 20 2733450
25 18 5390480
25 17 3333560
