0 4 2410890
0 2 3561750
1 2 5913330
1 5 4702690
1 3 4265970
2 1 5913330
2 0 3561750
2 4 5561840
3 4 3914480
3 1 4265970
3 5 3854700
4 0 2410890
4 3 3914480
4 2 5561840
4 11 4716150
5 1 4702690
5 3 3854700
5 7 4519280
5 6 4507870
6 8 3363180
6 7 4735730
6 5 4507870
6 11 4872820
6 16 4429790
7 6 4735730
7 21 4360990
7 5 4519280
8 6 3363180
8 10 2971170
8 15 3181460
9 12 2498650
9 10 2605150
10 15 4150590
10 8 2971170
10 11 4480810
10 9 2605150
11 4 4716150
11 6 4872820
11 10 4480810
12 9 2498650
12 14 3106630
12 13 3862170
12 15 4044090
13 12 3862170
13 15 4178960
13 17 4502990
13 16 4066150
14 17 3747450
14 12 3106630
15 10 4150590
15 13 4178960
15 12 4044090
15 8 3181460
16 23 5504990
16 20 4510300
16 6 4429790
16 13 4066150
17 14 3747450
17 13 4502990
17 19 4508330
17 25 5522550
18 22 3547540
18 25 6287980
18 19 5273760
19 17 4508330
19 18 5273760
19 22 2281500
20 16 4510300
20 25 5460750
20 23 5880030
21 24 3763160
21 23 5424780
21 7 4360990
22 18 3547540
22 19 2281500
23 21 5424780
23 24 5213100
23 16 5504990
23 20 5880030
24 21 3763160
24 23 5213100
25 20 5460750
25 18 6287980
25 17 5522550
