0 4 5058300
0 2 6017970
1 2 10082450
1 5 9157420
1 3 7891680
2 1 10082450
2 0 6017970
2 4 10138330
3 4 7947560
3 1 7891680
3 5 7982200
4 0 5058300
4 3 7947560
4 2 10138330
4 11 9256340
5 1 9157420
5 3 7982200
5 7 9001030
5 6 8507930
6 8 5217510
6 7 8261020
6 5 8507930
6 11 8550970
6 16 6715500
7 6 8261020
7 21 6978720
7 5 9001030
8 6 5217510
8 10 5479030
8 15 5776260
9 12 5641170
9 10 5465820
10 15 8588190
10 8 5479030
10 11 8812490
10 9 5465820
11 4 9256340
11 6 8550970
11 10 8812490
12 9 5641170
12 14 6575970
12 13 7249970
12 15 8763540
13 12 7249970
13 15 7371850
13 17 6428560
13 16 5760680
14 17 5754560
14 12 6575970
15 10 8588190
15 13 7371850
15 12 8763540
15 8 5776260
16 23 8194070
16 20 6123610
16 6 6715500
16 13 5760680
17 14 5754560
17 13 6428560
17 19 5681310
17 25 7319470
18 22 4190720
18 25 7552170
18 19 5914010
19 17 5681310
19 18 5914010
19 22 2640490
20 16 6123610
20 25 7112120
20 23 8654600
21 24 4435390
21 23 7964190
21 7 6978720
22 18 4190720
22 19 2640490
23 21 7964190
23 24 7196260
23 16 8194070
23 20 8654600
24 21 4435390
24 23 7196260
25 20 7112120
25 18 7552170
25 17 7319470
