0 4 3063010
0 2 4044870
1 2 7295050
1 5 6182030
1 3 5494470
2 1 7295050
2 0 4044870
2 4 6849320
3 4 5048740
3 1 5494470
3 5 4917580
4 0 3063010
4 3 5048740
4 2 6849320
4 11 5921750
5 1 6182030
5 3 4917580
5 7 6628680
5 6 6117010
6 8 5032690
6 7 7140550
6 5 6117010
6 11 6302460
6 16 6302510
7 6 7140550
7 21 6175960
7 5 6628680
8 6 5032690
8 10 4923810
8 15 5272410
9 12 4385510
9 10 4269090
10 15 6759720
10 8 4923810
10 11 6193580
10 9 4269090
11 4 5921750
11 6 6302460
11 10 6193580
12 9 4385510
12 14 5966520
12 13 6550410
12 15 6876140
13 12 6550410
13 15 6782590
13 17 7488580
13 16 6216500
14 17 6904690
14 12 5966520
15 10 6759720
15 13 6782590
15 12 6876140
15 8 5272410
16 23 7722590
16 20 6741750
16 6 6302510
16 13 6216500
17 14 6904690
17 13 7488580
17 19 7371160
17 25 9124320
18 22 5601650
18 25 9724590
18 19 7971430
19 17 7371160
19 18 7971430
19 22 3852240
20 16 6741750
20 25 8617850
20 23 8488200
21 24 4562420
21 23 7084370
21 7 6175960
22 18 5601650
22 19 3852240
23 21 7084370
23 24 6947090
23 16 7722590
23 20 8488200
24 21 4562420
24 23 6947090
25 20 8617850
25 18 9724590
25 17 9124320
