0 4 3753800
0 2 3861680
1 2 7382440
1 5 7150500
1 3 6827890
2 1 7382440
2 0 3861680
2 4 6603500
3 4 6048950
3 1 6827890
3 5 5924890
4 0 3753800
4 3 6048950
4 2 6603500
4 11 6443770
5 1 7150500
5 3 5924890
5 7 6853970
5 6 7177670
6 8 6021750
6 7 7784140
6 5 7177670
6 11 7249880
6 16 7295700
7 6 7784140
7 21 6638000
7 5 6853970
8 6 6021750
8 10 4935260
8 15 5095580
9 12 4002310
9 10 4086420
10 15 6095180
10 8 4935260
10 11 6163390
10 9 4086420
11 4 6443770
11 6 7249880
11 10 6163390
12 9 4002310
12 14 5087540
12 13 5783830
12 15 6011070
13 12 5783830
13 15 6028260
13 17 6127150
13 16 6142290
14 17 5430860
14 12 5087540
15 10 6095180
15 13 6028260
15 12 6011070
15 8 5095580
16 23 8110690
16 20 5426060
16 6 7295700
16 13 6142290
17 14 5430860
17 13 6127150
17 19 5379110
17 25 6937850
18 22 3749680
18 25 7114390
18 19 5555650
19 17 5379110
19 18 5555650
19 22 2498970
20 16 5426060
20 25 5895490
20 23 7053190
21 24 5800640
21 23 7776690
21 7 6638000
22 18 3749680
22 19 2498970
23 21 7776690
23 24 7761770
23 16 8110690
23 20 7053190
24 21 5800640
24 23 7761770
25 20 5895490
25 18 7114390
25 17 6937850
