0 4 2410900
0 2 2503950
1 2 4560960
1 5 4268320
1 3 3805770
2 1 4560960
2 0 2503950
2 4 4516170
3 4 3760980
3 1 3805770
3 5 3561390
4 0 2410900
4 3 3760980
4 2 4516170
4 11 4368080
5 1 4268320
5 3 3561390
5 7 5212270
5 6 4577280
6 8 3951780
6 7 5765610
6 5 4577280
6 11 4721830
6 16 4634310
7 6 5765610
7 21 5433160
7 5 5212270
8 6 3951780
8 10 3662140
8 15 3559920
9 12 3464670
9 10 2873830
10 15 4449120
10 8 3662140
10 11 4432190
10 9 2873830
11 4 4368080
11 6 4721830
11 10 4432190
12 9 3464670
12 14 4676070
12 13 5854740
12 15 5039960
13 12 5854740
13 15 5161680
13 17 6515920
13 16 5057230
14 17 5337250
14 12 4676070
15 10 4449120
15 13 5161680
15 12 5039960
15 8 3559920
16 23 5810910
16 20 4345080
16 6 4634310
16 13 5057230
17 14 5337250
17 13 6515920
17 19 5345940
17 25 6865210
18 22 4030050
18 25 7082390
18 19 5563120
19 17 5345940
19 18 5563120
19 22 2103430
20 16 4345080
20 25 5613600
20 23 6017990
21 24 4209730
21 23 5974770
21 7 5433160
22 18 4030050
22 19 2103430
23 21 5974770
23 24 5718780
23 16 5810910
23 20 6017990
24 21 4209730
24 23 5718780
25 20 5613600
25 18 7082390
25 17 6865210
