0 4 2290330
0 2 2675740
1 2 4234660
1 5 3902290
1 3 3285540
2 1 4234660
2 0 2675740
2 4 4166370
3 4 3217250
3 1 3285540
3 5 3270290
4 0 2290330
4 3 3217250
4 2 4166370
4 11 3897230
5 1 3902290
5 3 3270290
5 7 3891680
5 6 3580600
6 8 2632480
6 7 3585240
6 5 3580600
6 11 3643830
6 16 2804220
7 6 3585240
7 21 3430490
7 5 3891680
8 6 2632480
8 10 2546110
8 15 2572890
9 12 2826760
9 10 2223720
10 15 3128200
10 8 2546110
10 11 3557460
10 9 2223720
11 4 3897230
11 6 3643830
11 10 3557460
12 9 2826760
12 14 4247380
12 13 3622470
12 15 3731240
13 12 3622470
13 15 3046210
13 17 4241260
13 16 2635860
14 17 4866170
14 12 4247380
15 10 3128200
15 13 3046210
15 12 3731240
15 8 2572890
16 23 3411610
16 20 2879720
16 6 2804220
16 13 2635860
17 14 4866170
17 13 4241260
17 19 4381880
17 25 6087210
18 22 3097020
18 25 6178290
18 19 4472960
19 17 4381880
19 18 4472960
19 22 1842740
20 16 2879720
20 25 5027250
20 23 3957050
21 24 3008790
21 23 3726800
21 7 3430490
22 18 3097020
22 19 1842740
23 21 3726800
23 24 3770930
23 16 3411610
23 20 3957050
24 21 3008790
24 23 3770930
25 20 5027250
25 18 6178290
25 17 6087210
