0 4 3321150
0 2 4098850
1 2 7170360
1 5 6044330
1 3 5611130
2 1 7170360
2 0 4098850
2 4 6833700
3 4 5274470
3 1 5611130
3 5 4926140
4 0 3321150
4 3 5274470
4 2 6833700
4 11 5973260
5 1 6044330
5 3 4926140
5 7 5711050
5 6 5728730
6 8 4461070
6 7 6080440
6 5 5728730
6 11 5994320
6 16 4989800
7 6 6080440
7 21 5438170
7 5 5711050
8 6 4461070
8 10 4344940
8 15 4447030
9 12 4442180
9 10 3858980
10 15 5967950
10 8 4344940
10 11 5878190
10 9 3858980
11 4 5973260
11 6 5994320
11 10 5878190
12 9 4442180
12 14 4645190
12 13 6123370
12 15 6551150
13 12 6123370
13 15 5642260
13 17 5213660
13 16 4547980
14 17 3735480
14 12 4645190
15 10 5967950
15 13 5642260
15 12 6551150
15 8 4447030
16 23 4974110
16 20 5190980
16 6 4989800
16 13 4547980
17 14 3735480
17 13 5213660
17 19 3852970
17 25 6905090
18 22 2833840
18 25 6842120
18 19 3790000
19 17 3852970
19 18 3790000
19 22 1536940
20 16 5190980
20 25 7548910
20 23 6283610
21 24 3662800
21 23 5440160
21 7 5438170
22 18 2833840
22 19 1536940
23 21 5440160
23 24 4289380
23 16 4974110
23 20 6283610
24 21 3662800
24 23 4289380
25 20 7548910
25 18 6842120
25 17 6905090
