0 4 2701140
0 2 3081610
1 2 5604300
1 5 5286920
1 3 4659470
2 1 5604300
2 0 3081610
2 4 4965870
3 4 4021040
3 1 4659470
3 5 4084130
4 0 2701140
4 3 4021040
4 2 4965870
4 11 4902420
5 1 5286920
5 3 4084130
5 7 5139820
5 6 4585870
6 8 3374470
6 7 5014110
6 5 4585870
6 11 4839800
6 16 4154340
7 6 5014110
7 21 4962550
7 5 5139820
8 6 3374470
8 10 3466470
8 15 3551070
9 12 2995620
9 10 3121660
10 15 4728760
10 8 3466470
10 11 4931800
10 9 3121660
11 4 4902420
11 6 4839800
11 10 4931800
12 9 2995620
12 14 3960470
12 13 4438150
12 15 4602720
13 12 4438150
13 15 4648790
13 17 5598260
13 16 4166370
14 17 5120580
14 12 3960470
15 10 4728760
15 13 4648790
15 12 4602720
15 8 3551070
16 23 4739680
16 20 4763710
16 6 4154340
16 13 4166370
17 14 5120580
17 13 5598260
17 19 5826520
17 25 6375710
18 22 3705630
18 25 6205510
18 19 5656320
19 17 5826520
19 18 5656320
19 22 2990050
20 16 4763710
20 25 5859010
20 23 5654870
21 24 3672610
21 23 4993940
21 7 4962550
22 18 3705630
22 19 2990050
23 21 4993940
23 24 4309510
23 16 4739680
23 20 5654870
24 21 3672610
24 23 4309510
25 20 5859010
25 18 6205510
25 17 6375710
