0 4 1893010
0 2 2589230
1 2 3759760
1 5 2856060
1 3 2290410
2 1 3759760
2 0 2589230
2 4 4242120
3 4 2772770
3 1 2290410
3 5 2565290
4 0 1893010
4 3 2772770
4 2 4242120
4 11 3572370
5 1 2856060
5 3 2565290
5 7 3165560
5 6 3444870
6 8 3034630
6 7 3479490
6 5 3444870
6 11 3678820
6 16 3402390
7 6 3479490
7 21 2705800
7 5 3165560
8 6 3034630
8 10 2870160
8 15 3001840
9 12 2112070
9 10 2376600
10 15 3561540
10 8 2870160
10 11 3514350
10 9 2376600
11 4 3572370
11 6 3678820
11 10 3514350
12 9 2112070
12 14 2840730
12 13 3040490
12 15 3297010
13 12 3040490
13 15 3436700
13 17 3874940
13 16 3113080
14 17 3675180
14 12 2840730
15 10 3561540
15 13 3436700
15 12 3297010
15 8 3001840
16 23 3810400
16 20 3474690
16 6 3402390
16 13 3113080
17 14 3675180
17 13 3874940
17 19 3882380
17 25 5094100
18 22 2838880
18 25 5491710
18 19 4279990
19 17 3882380
19 18 4279990
19 22 1753950
20 16 3474690
20 25 4760950
20 23 4239110
21 24 2119290
21 23 3393120
21 7 2705800
22 18 2838880
22 19 1753950
23 21 3393120
23 24 3300990
23 16 3810400
23 20 4239110
24 21 2119290
24 23 3300990
25 20 4760950
25 18 5491710
25 17 5094100
