0 4 5136650
0 2 5494100
1 2 9968380
1 5 8665200
1 3 8617150
2 1 9968380
2 0 5494100
2 4 9824110
3 4 8472880
3 1 8617150
3 5 7527150
4 0 5136650
4 3 8472880
4 2 9824110
4 11 9667690
5 1 8665200
5 3 7527150
5 7 7974820
5 6 7827640
6 8 6553300
6 7 8227260
6 5 7827640
6 11 8974400
6 16 7375320
7 6 8227260
7 21 6503270
7 5 7974820
8 6 6553300
8 10 7262650
8 15 7302970
9 12 5993730
9 10 6430650
10 15 9539100
10 8 7262650
10 11 9683750
10 9 6430650
11 4 9667690
11 6 8974400
11 10 9683750
12 9 5993730
12 14 6337060
12 13 7727460
12 15 9102180
13 12 7727460
13 15 8204700
13 17 6726850
13 16 6750270
14 17 5336450
14 12 6337060
15 10 9539100
15 13 8204700
15 12 9102180
15 8 7302970
16 23 8054760
16 20 5703570
16 6 7375320
16 13 6750270
17 14 5336450
17 13 6726850
17 19 5504510
17 25 6706770
18 22 4376940
18 25 7475530
18 19 6273270
19 17 5504510
19 18 6273270
19 22 2488970
20 16 5703570
20 25 5763200
20 23 7087770
21 24 4636480
21 23 7035530
21 7 6503270
22 18 4376940
22 19 2488970
23 21 7035530
23 24 7039910
23 16 8054760
23 20 7087770
24 21 4636480
24 23 7039910
25 20 5763200
25 18 7475530
25 17 6706770
