0 4 3452120
0 2 4827570
1 2 7474040
1 5 5978890
1 3 5308330
2 1 7474040
2 0 4827570
2 4 7398210
3 4 5232500
3 1 5308330
3 5 5112800
4 0 3452120
4 3 5232500
4 2 7398210
4 11 6328820
5 1 5978890
5 3 5112800
5 7 5905250
5 6 5831010
6 8 4250030
6 7 5952900
6 5 5831010
6 11 6256770
6 16 5831120
7 6 5952900
7 21 5223110
7 5 5905250
8 6 4250030
8 10 4309140
8 15 4243360
9 12 3690190
9 10 4132270
10 15 5931100
10 8 4309140
10 11 6315880
10 9 4132270
11 4 6328820
11 6 6256770
11 10 6315880
12 9 3690190
12 14 4314850
12 13 4896270
12 15 5489020
13 12 4896270
13 15 5272570
13 17 4917520
13 16 5231700
14 17 4336100
14 12 4314850
15 10 5931100
15 13 5272570
15 12 5489020
15 8 4243360
16 23 6501550
16 20 4722200
16 6 5831120
16 13 5231700
17 14 4336100
17 13 4917520
17 19 4715480
17 25 5512100
18 22 4435140
18 25 6669150
18 19 5872530
19 17 4715480
19 18 5872530
19 22 2838350
20 16 4722200
20 25 4764900
20 23 5440170
21 24 4007850
21 23 5819300
21 7 5223110
22 18 4435140
22 19 2838350
23 21 5819300
23 24 5408070
23 16 6501550
23 20 5440170
24 21 4007850
24 23 5408070
25 20 4764900
25 18 6669150
25 17 5512100
