0 4 1742430
0 2 2034010
1 2 3082700
1 5 2705780
1 3 2218450
2 1 3082700
2 0 2034010
2 4 3582040
3 4 2717790
3 1 2218450
3 5 2632450
4 0 1742430
4 3 2717790
4 2 3582040
4 11 3721510
5 1 2705780
5 3 2632450
5 7 3850930
5 6 3413530
6 8 3071040
6 7 4144680
6 5 3413530
6 11 3929920
6 16 4417430
7 6 4144680
7 21 4380230
7 5 3850930
8 6 3071040
8 10 3283480
8 15 3935540
9 12 3997570
9 10 3047900
10 15 4784220
10 8 3283480
10 11 4142360
10 9 3047900
11 4 3721510
11 6 3929920
11 10 4142360
12 9 3997570
12 14 4450920
12 13 6306630
12 15 5733890
13 12 6306630
13 15 6009020
13 17 5917560
13 16 5854670
14 17 4061850
14 12 4450920
15 10 4784220
15 13 6009020
15 12 5733890
15 8 3935540
16 23 6052040
16 20 4808160
16 6 4417430
16 13 5854670
17 14 4061850
17 13 5917560
17 19 4690400
17 25 6050780
18 22 4580470
18 25 7757700
18 19 6397320
19 17 4690400
19 18 6397320
19 22 2310590
20 16 4808160
20 25 5668470
20 23 5732620
21 24 4405430
21 23 5577440
21 7 4380230
22 18 4580470
22 19 2310590
23 21 5577440
23 24 5804490
23 16 6052040
23 20 5732620
24 21 4405430
24 23 5804490
25 20 5668470
25 18 7757700
25 17 6050780
