0 4 3035460
0 2 3814240
1 2 6716130
1 5 5582060
1 3 4821800
2 1 6716130
2 0 3814240
2 4 6419660
3 4 4525330
3 1 4821800
3 5 4170040
4 0 3035460
4 3 4525330
4 2 6419660
4 11 5724160
5 1 5582060
5 3 4170040
5 7 6451640
5 6 5557850
6 8 4582230
6 7 7079190
6 5 5557850
6 11 5996420
6 16 5372940
7 6 7079190
7 21 6604500
7 5 6451640
8 6 4582230
8 10 4190970
8 15 4519360
9 12 4351340
9 10 3538160
10 15 5731270
10 8 4190970
10 11 5605160
10 9 3538160
11 4 5724160
11 6 5996420
11 10 5605160
12 9 4351340
12 14 5231850
12 13 6065590
12 15 6544450
13 12 6065590
13 15 5580800
13 17 6024820
13 16 4831210
14 17 5191080
14 12 5231850
15 10 5731270
15 13 5580800
15 12 6544450
15 8 4519360
16 23 5636830
16 20 4526080
16 6 5372940
16 13 4831210
17 14 5191080
17 13 6024820
17 19 5597250
17 25 6378190
18 22 3209250
18 25 5947210
18 19 5166270
19 17 5597250
19 18 5166270
19 22 2289780
20 16 4526080
20 25 5150180
20 23 5602430
21 24 4385150
21 23 5974600
21 7 6604500
22 18 3209250
22 19 2289780
23 21 5974600
23 24 5123730
23 16 5636830
23 20 5602430
24 21 4385150
24 23 5123730
25 20 5150180
25 18 5947210
25 17 6378190
