0 4 2964930
0 2 4558960
1 2 7290200
1 5 5518820
1 3 5110620
2 1 7290200
2 0 4558960
2 4 6930470
3 4 4750890
3 1 5110620
3 5 4573540
4 0 2964930
4 3 4750890
4 2 6930470
4 11 5588910
5 1 5518820
5 3 4573540
5 7 5011160
5 6 5086260
6 8 4103020
6 7 5115680
6 5 5086260
6 11 5516080
6 16 4527540
7 6 5115680
7 21 4009740
7 5 5011160
8 6 4103020
8 10 4399940
8 15 4542560
9 12 3815540
9 10 4033260
10 15 5927240
10 8 4399940
10 11 5813000
10 9 4033260
11 4 5588910
11 6 5516080
11 10 5813000
12 9 3815540
12 14 4014890
12 13 4835560
12 15 5709520
13 12 4835560
13 15 5195900
13 17 4994150
13 16 4093120
14 17 4173480
14 12 4014890
15 10 5927240
15 13 5195900
15 12 5709520
15 8 4542560
16 23 4546400
16 20 4203830
16 6 4527540
16 13 4093120
17 14 4173480
17 13 4994150
17 19 4887360
17 25 5721210
18 22 3318760
18 25 5873400
18 19 5039550
19 17 4887360
19 18 5039550
19 22 2387570
20 16 4203830
20 25 5159710
20 23 4885930
21 24 2822820
21 23 4103700
21 7 4009740
22 18 3318760
22 19 2387570
23 21 4103700
23 24 3947620
23 16 4546400
23 20 4885930
24 21 2822820
24 23 3947620
25 20 5159710
25 18 5873400
25 17 5721210
