0 4 2969260
0 2 4196180
1 2 7938350
1 5 7131760
1 3 6780210
2 1 7938350
2 0 4196180
2 4 6350800
3 4 5192660
3 1 6780210
3 5 5612990
4 0 2969260
4 3 5192660
4 2 6350800
4 11 5709140
5 1 7131760
5 3 5612990
5 7 6170610
5 6 6023880
6 8 4038790
6 7 6229950
6 5 6023880
6 11 6188810
6 16 5920480
7 6 6229950
7 21 5471350
7 5 6170610
8 6 4038790
8 10 3674860
8 15 3561160
9 12 3615620
9 10 3717860
10 15 5241660
10 8 3674860
10 11 5824880
10 9 3717860
11 4 5709140
11 6 6188810
11 10 5824880
12 9 3615620
12 14 4375200
12 13 5479830
12 15 5139420
13 12 5479830
13 15 5468370
13 17 6058540
13 16 5783260
14 17 4953910
14 12 4375200
15 10 5241660
15 13 5468370
15 12 5139420
15 8 3561160
16 23 7173360
16 20 5771760
16 6 5920480
16 13 5783260
17 14 4953910
17 13 6058540
17 19 5475350
17 25 6537760
18 22 3665150
18 25 6638830
18 19 5576420
19 17 5475350
19 18 5576420
19 22 2731130
20 16 5771760
20 25 6276500
20 23 7187380
21 24 4538580
21 23 6577500
21 7 5471350
22 18 3665150
22 19 2731130
23 21 6577500
23 24 6550060
23 16 7173360
23 20 7187380
24 21 4538580
24 23 6550060
25 20 6276500
25 18 6638830
25 17 6537760
