0 4 3040640
0 2 3229810
1 2 4802320
1 5 4175040
1 3 3266270
2 1 4802320
2 0 3229810
2 4 5455290
3 4 3919240
3 1 3266270
3 5 3481130
4 0 3040640
4 3 3919240
4 2 5455290
4 11 5051260
5 1 4175040
5 3 3481130
5 7 4495550
5 6 4494180
6 8 3538670
6 7 4599830
6 5 4494180
6 11 4717430
6 16 3923750
7 6 4599830
7 21 3998430
7 5 4495550
8 6 3538670
8 10 3393920
8 15 3265340
9 12 2689410
9 10 2592320
10 15 4180380
10 8 3393920
10 11 4572680
10 9 2592320
11 4 5051260
11 6 4717430
11 10 4572680
12 9 2689410
12 14 3612850
12 13 4647590
12 15 4277470
13 12 4647590
13 15 4421920
13 17 5197450
13 16 4020540
14 17 4162710
14 12 3612850
15 10 4180380
15 13 4421920
15 12 4277470
15 8 3265340
16 23 4411760
16 20 4238270
16 6 3923750
16 13 4020540
17 14 4162710
17 13 5197450
17 19 5075200
17 25 6317770
18 22 3658580
18 25 6776060
18 19 5533490
19 17 5075200
19 18 5533490
19 22 2672630
20 16 4238270
20 25 6130090
20 23 5400990
21 24 2725970
21 23 4485070
21 7 3998430
22 18 3658580
22 19 2672630
23 21 4485070
23 24 3815380
23 16 4411760
23 20 5400990
24 21 2725970
24 23 3815380
25 20 6130090
25 18 6776060
25 17 6317770
