0 4 2973760
0 2 3444630
1 2 5572690
1 5 5091140
1 3 4626580
2 1 5572690
2 0 3444630
2 4 5304070
3 4 4357960
3 1 4626580
3 5 4347280
4 0 2973760
4 3 4357960
4 2 5304070
4 11 5169280
5 1 5091140
5 3 4347280
5 7 4787330
5 6 4990750
6 8 4141740
6 7 4966240
6 5 4990750
6 11 5337510
6 16 4277490
7 6 4966240
7 21 4378710
7 5 4787330
8 6 4141740
8 10 4098770
8 15 4566880
9 12 3382310
9 10 3472500
10 15 5551830
10 8 4098770
10 11 5294540
10 9 3472500
11 4 5169280
11 6 5337510
11 10 5294540
12 9 3382310
12 14 4010670
12 13 4791520
12 15 5461640
13 12 4791520
13 15 5349820
13 17 5066330
13 16 4032510
14 17 4285480
14 12 4010670
15 10 5551830
15 13 5349820
15 12 5461640
15 8 4566880
16 23 4280060
16 20 3677950
16 6 4277490
16 13 4032510
17 14 4285480
17 13 5066330
17 19 4579240
17 25 5243210
18 22 3498690
18 25 5505180
18 19 4841210
19 17 4579240
19 18 4841210
19 22 2363000
20 16 3677950
20 25 4502020
20 23 4572690
21 24 3565550
21 23 4584700
21 7 4378710
22 18 3498690
22 19 2363000
23 21 4584700
23 24 4155650
23 16 4280060
23 20 4572690
24 21 3565550
24 23 4155650
25 20 4502020
25 18 5505180
25 17 5243210
