0 4 4100440
0 2 4726600
1 2 7367600
1 5 6456250
1 3 5638170
2 1 7367600
2 0 4726600
2 4 7184880
3 4 5455450
3 1 5638170
3 5 5170260
4 0 4100440
4 3 5455450
4 2 7184880
4 11 6435290
5 1 6456250
5 3 5170260
5 7 6243330
5 6 6221970
6 8 5671630
6 7 6476960
6 5 6221970
6 11 6383730
6 16 5819780
7 6 6476960
7 21 5005450
7 5 6243330
8 6 5671630
8 10 5792900
8 15 6317600
9 12 6432830
9 10 4989270
10 15 7222840
10 8 5792900
10 11 6505000
10 9 4989270
11 4 6435290
11 6 6383730
11 10 6505000
12 9 6432830
12 14 6261150
12 13 7743310
12 15 8666400
13 12 7743310
13 15 6824450
13 17 5493520
13 16 5542660
14 17 4011360
14 12 6261150
15 10 7222840
15 13 6824450
15 12 8666400
15 8 6317600
16 23 6364580
16 20 4834140
16 6 5819780
16 13 5542660
17 14 4011360
17 13 5493520
17 19 4284090
17 25 5367790
18 22 3105470
18 25 5710610
18 19 4626910
19 17 4284090
19 18 4626910
19 22 1961060
20 16 4834140
20 25 5067110
20 23 6014760
21 24 4120980
21 23 5528890
21 7 5005450
22 18 3105470
22 19 1961060
23 21 5528890
23 24 6137290
23 16 6364580
23 20 6014760
24 21 4120980
24 23 6137290
25 20 5067110
25 18 5710610
25 17 5367790
