0 4 2854380
0 2 2885130
1 2 5482140
1 5 5555840
1 3 4966680
2 1 5482140
2 0 2885130
2 4 5085990
3 4 4570530
3 1 4966680
3 5 4674980
4 0 2854380
4 3 4570530
4 2 5085990
4 11 5141470
5 1 5555840
5 3 4674980
5 7 6074430
5 6 5339670
6 8 3755420
6 7 6149960
6 5 5339670
6 11 5321450
6 16 4642520
7 6 6149960
7 21 5581680
7 5 6074430
8 6 3755420
8 10 3387280
8 15 3560230
9 12 3296700
9 10 3095530
10 15 4851870
10 8 3387280
10 11 4953310
10 9 3095530
11 4 5141470
11 6 5321450
11 10 4953310
12 9 3296700
12 14 4067840
12 13 5035750
12 15 5053040
13 12 5035750
13 15 5007530
13 17 5488030
13 16 4430040
14 17 4520120
14 12 4067840
15 10 4851870
15 13 5007530
15 12 5053040
15 8 3560230
16 23 5205820
16 20 4082200
16 6 4642520
16 13 4430040
17 14 4520120
17 13 5488030
17 19 4932600
17 25 5864440
18 22 3396010
18 25 6170080
18 19 5238240
19 17 4932600
19 18 5238240
19 22 2037150
20 16 4082200
20 25 5018810
20 23 5418180
21 24 3964450
21 23 5410220
21 7 5581680
22 18 3396010
22 19 2037150
23 21 5410220
23 24 5096030
23 16 5205820
23 20 5418180
24 21 3964450
24 23 5096030
25 20 5018810
25 18 6170080
25 17 5864440
