0 4 1802130
0 2 2311070
1 2 3769570
1 5 3048940
1 3 2809040
2 1 3769570
2 0 2311070
2 4 3618680
3 4 2658150
3 1 2809040
3 5 2446460
4 0 1802130
4 3 2658150
4 2 3618680
4 11 3264060
5 1 3048940
5 3 2446460
5 7 3516820
5 6 3252590
6 8 3002420
6 7 4083050
6 5 3252590
6 11 3618600
6 16 3344720
7 6 4083050
7 21 3674290
7 5 3516820
8 6 3002420
8 10 2776890
8 15 2956530
9 12 2668430
9 10 2213210
10 15 3547400
10 8 2776890
10 11 3393070
10 9 2213210
11 4 3264060
11 6 3618600
11 10 3393070
12 9 2668430
12 14 3758570
12 13 4258530
12 15 4002620
13 12 4258530
13 15 3982950
13 17 4680110
13 16 3554740
14 17 4180150
14 12 3758570
15 10 3547400
15 13 3982950
15 12 4002620
15 8 2956530
16 23 3571090
16 20 3201580
16 6 3344720
16 13 3554740
17 14 4180150
17 13 4680110
17 19 4450740
17 25 4908650
18 22 3316660
18 25 5363710
18 19 4905800
19 17 4450740
19 18 4905800
19 22 2190980
20 16 3201580
20 25 4114240
20 23 3902050
21 24 2405410
21 23 3636430
21 7 3674290
22 18 3316660
22 19 2190980
23 21 3636430
23 24 3040540
23 16 3571090
23 20 3902050
24 21 2405410
24 23 3040540
25 20 4114240
25 18 5363710
25 17 4908650
