0 4 1985950
0 2 2774510
1 2 4552740
1 5 3695570
1 3 3405100
2 1 4552740
2 0 2774510
2 4 4250480
3 4 3102840
3 1 3405100
3 5 3034230
4 0 1985950
4 3 3102840
4 2 4250480
4 11 3574130
5 1 3695570
5 3 3034230
5 7 3226220
5 6 3360830
6 8 2649570
6 7 3262350
6 5 3360830
6 11 3541650
6 16 3526930
7 6 3262350
7 21 2950900
7 5 3226220
8 6 2649570
8 10 2683090
8 15 2799080
9 12 2616170
9 10 2490840
10 15 3579990
10 8 2683090
10 11 3575170
10 9 2490840
11 4 3574130
11 6 3541650
11 10 3575170
12 9 2616170
12 14 3066420
12 13 3568790
12 15 3705320
13 12 3568790
13 15 3559450
13 17 3864250
13 16 3539910
14 17 3361880
14 12 3066420
15 10 3579990
15 13 3559450
15 12 3705320
15 8 2799080
16 23 3678010
16 20 3227040
16 6 3526930
16 13 3539910
17 14 3361880
17 13 3864250
17 19 3467740
17 25 4139010
18 22 2537680
18 25 4333310
18 19 3662040
19 17 3467740
19 18 3662040
19 22 1505540
20 16 3227040
20 25 3384810
20 23 3248150
21 24 2860010
21 23 3236590
21 7 2950900
22 18 2537680
22 19 1505540
23 21 3236590
23 24 3322540
23 16 3678010
23 20 3248150
24 21 2860010
24 23 3322540
25 20 3384810
25 18 4333310
25 17 4139010
