0 4 3582560
0 2 4014020
1 2 7053900
1 5 6126660
1 3 5619300
2 1 7053900
2 0 4014020
2 4 6966100
3 4 5531500
3 1 5619300
3 5 5035720
4 0 3582560
4 3 5531500
4 2 6966100
4 11 6509000
5 1 6126660
5 3 5035720
5 7 5631620
5 6 5849000
6 8 4806140
6 7 5937540
6 5 5849000
6 11 6319140
6 16 5727270
7 6 5937540
7 21 5254570
7 5 5631620
8 6 4806140
8 10 5207280
8 15 5286540
9 12 4185410
9 10 4836330
10 15 7036460
10 8 5207280
10 11 6720280
10 9 4836330
11 4 6509000
11 6 6319140
11 10 6720280
12 9 4185410
12 14 4675380
12 13 5706750
12 15 6385540
13 12 5706750
13 15 6436930
13 17 6487880
13 16 5528880
14 17 5456510
14 12 4675380
15 10 7036460
15 13 6436930
15 12 6385540
15 8 5286540
16 23 5801800
16 20 5338100
16 6 5727270
16 13 5528880
17 14 5456510
17 13 6487880
17 19 6469170
17 25 7220530
18 22 4816110
18 25 8034120
18 19 7282760
19 17 6469170
19 18 7282760
19 22 3254070
20 16 5338100
20 25 6300010
20 23 5840280
21 24 4496500
21 23 5546480
21 7 5254570
22 18 4816110
22 19 3254070
23 21 5546480
23 24 5254000
23 16 5801800
23 20 5840280
24 21 4496500
24 23 5254000
25 20 6300010
25 18 8034120
25 17 7220530
