0 4 2724110
0 2 3738190
1 2 6556990
1 5 5517290
1 3 5158620
2 1 6556990
2 0 3738190
2 4 5973960
3 4 4575590
3 1 5158620
3 5 4549970
4 0 2724110
4 3 4575590
4 2 5973960
4 11 5363140
5 1 5517290
5 3 4549970
5 7 4876780
5 6 4639720
6 8 3432620
6 7 4607860
6 5 4639720
6 11 5068600
6 16 3942970
7 6 4607860
7 21 4281290
7 5 4876780
8 6 3432620
8 10 3983650
8 15 3289620
9 12 3350900
9 10 3752730
10 15 4778830
10 8 3983650
10 11 5619630
10 9 3752730
11 4 5363140
11 6 5068600
11 10 5619630
12 9 3350900
12 14 4034140
12 13 4363110
12 15 4377000
13 12 4363110
13 15 4070910
13 17 4974620
13 16 3786080
14 17 4645650
14 12 4034140
15 10 4778830
15 13 4070910
15 12 4377000
15 8 3289620
16 23 5191650
16 20 5043320
16 6 3942970
16 13 3786080
17 14 4645650
17 13 4974620
17 19 4742830
17 25 7186940
18 22 4096120
18 25 8139420
18 19 5695310
19 17 4742830
19 18 5695310
19 22 1994250
20 16 5043320
20 25 7526580
20 23 6719830
21 24 3983340
21 23 5292910
21 7 4281290
22 18 4096120
22 19 1994250
23 21 5292910
23 24 5558590
23 16 5191650
23 20 6719830
24 21 3983340
24 23 5558590
25 20 7526580
25 18 8139420
25 17 7186940
