0 4 3548950
0 2 4587900
1 2 7868190
1 5 7119840
1 3 6273430
2 1 7868190
2 0 4587900
2 4 7270930
3 4 5676170
3 1 6273430
3 5 5966770
4 0 3548950
4 3 5676170
4 2 7270930
4 11 6170830
5 1 7119840
5 3 5966770
5 7 6823010
5 6 6711760
6 8 4566130
6 7 6721590
6 5 6711760
6 11 6360010
6 16 6368630
7 6 6721590
7 21 6350190
7 5 6823010
8 6 4566130
8 10 4219440
8 15 4148730
9 12 3475130
9 10 3739150
10 15 5846250
10 8 4219440
10 11 6013320
10 9 3739150
11 4 6170830
11 6 6360010
11 10 6013320
12 9 3475130
12 14 4728380
12 13 5516950
12 15 5582230
13 12 5516950
13 15 5710260
13 17 6288020
13 16 5885950
14 17 5499450
14 12 4728380
15 10 5846250
15 13 5710260
15 12 5582230
15 8 4148730
16 23 7592520
16 20 5606620
16 6 6368630
16 13 5885950
17 14 5499450
17 13 6288020
17 19 5995080
17 25 6487220
18 22 4002700
18 25 6820070
18 19 6327930
19 17 5995080
19 18 6327930
19 22 2733870
20 16 5606620
20 25 5564850
20 23 7072220
21 24 5267480
21 23 7462830
21 7 6350190
22 18 4002700
22 19 2733870
23 21 7462830
23 24 6862770
23 16 7592520
23 20 7072220
24 21 5267480
24 23 6862770
25 20 5564850
25 18 6820070
25 17 6487220
