0 4 3548580
0 2 4163970
1 2 7615790
1 5 7213390
1 3 6645220
2 1 7615790
2 0 4163970
2 4 6789750
3 4 5819180
3 1 6645220
3 5 6032170
4 0 3548580
4 3 5819180
4 2 6789750
4 11 6344990
5 1 7213390
5 3 6032170
5 7 7732450
5 6 6597390
6 8 4584010
6 7 7729500
6 5 6597390
6 11 6555030
6 16 6329950
7 6 7729500
7 21 7074230
7 5 7732450
8 6 4584010
8 10 4767520
8 15 4560060
9 12 3539720
9 10 4451260
10 15 6754000
10 8 4767520
10 11 6738540
10 9 4451260
11 4 6344990
11 6 6555030
11 10 6738540
12 9 3539720
12 14 3736550
12 13 5305250
12 15 5842460
13 12 5305250
13 15 6009330
13 17 5498050
13 16 5768790
14 17 3929350
14 12 3736550
15 10 6754000
15 13 6009330
15 12 5842460
15 8 4560060
16 23 7114140
16 20 5832210
16 6 6329950
16 13 5768790
17 14 3929350
17 13 5498050
17 19 4880870
17 25 6230090
18 22 3525030
18 25 6585400
18 19 5236180
19 17 4880870
19 18 5236180
19 22 2526610
20 16 5832210
20 25 6267580
20 23 6880890
21 24 4412510
21 23 6723360
21 7 7074230
22 18 3525030
22 19 2526610
23 21 6723360
23 24 5851970
23 16 7114140
23 20 6880890
24 21 4412510
24 23 5851970
25 20 6267580
25 18 6585400
25 17 6230090
