0 4 2906980
0 2 3976190
1 2 5594910
1 5 4569230
1 3 3902360
2 1 5594910
2 0 3976190
2 4 5514570
3 4 3822020
3 1 3902360
3 5 3865550
4 0 2906980
4 3 3822020
4 2 5514570
4 11 4624950
5 1 4569230
5 3 3865550
5 7 4200870
5 6 4328370
6 8 3230040
6 7 3996820
6 5 4328370
6 11 4464430
6 16 4012820
7 6 3996820
7 21 4122390
7 5 4200870
8 6 3230040
8 10 3515890
8 15 3237980
9 12 2977670
9 10 3199990
10 15 4418110
10 8 3515890
10 11 4750280
10 9 3199990
11 4 4624950
11 6 4464430
11 10 4750280
12 9 2977670
12 14 3952270
12 13 4325320
12 15 4195790
13 12 4325320
13 15 4269730
13 17 5375920
13 16 4150290
14 17 5002870
14 12 3952270
15 10 4418110
15 13 4269730
15 12 4195790
15 8 3237980
16 23 4596500
16 20 4105150
16 6 4012820
16 13 4150290
17 14 5002870
17 13 5375920
17 19 5502900
17 25 5983320
18 22 4647470
18 25 7133960
18 19 6653540
19 17 5502900
19 18 6653540
19 22 2647150
20 16 4105150
20 25 4961520
20 23 4800330
21 24 4456880
21 23 4833570
21 7 4122390
22 18 4647470
22 19 2647150
23 21 4833570
23 24 4914990
23 16 4596500
23 20 4800330
24 21 4456880
24 23 4914990
25 20 4961520
25 18 7133960
25 17 5983320
