0 4 2772160
0 2 3299420
1 2 5349820
1 5 3842780
1 3 3645850
2 1 5349820
2 0 3299420
2 4 5321480
3 4 3617510
3 1 3645850
3 5 2637730
4 0 2772160
4 3 3617510
4 2 5321480
4 11 4428400
5 1 3842780
5 3 2637730
5 7 3589790
5 6 3619420
6 8 3327250
6 7 4374550
6 5 3619420
6 11 4233380
6 16 4149660
7 6 4374550
7 21 3956840
7 5 3589790
8 6 3327250
8 10 3440160
8 15 3215300
9 12 2773330
9 10 2926830
10 15 4405140
10 8 3440160
10 11 4346290
10 9 2926830
11 4 4428400
11 6 4233380
11 10 4346290
12 9 2773330
12 14 3796750
12 13 4580290
12 15 4251640
13 12 4580290
13 15 4508930
13 17 5332410
13 16 4366360
14 17 4548870
14 12 3796750
15 10 4405140
15 13 4508930
15 12 4251640
15 8 3215300
16 23 4956800
16 20 4380710
16 6 4149660
16 13 4366360
17 14 4548870
17 13 5332410
17 19 4569000
17 25 6005580
18 22 2060680
18 25 4929060
18 19 3492480
19 17 4569000
19 18 3492480
19 22 1878960
20 16 4380710
20 25 5525100
20 23 5442370
21 24 3406780
21 23 4793610
21 7 3956840
22 18 2060680
22 19 1878960
23 21 4793610
23 24 4631630
23 16 4956800
23 20 5442370
24 21 3406780
24 23 4631630
25 20 5525100
25 18 4929060
25 17 6005580
