0 4 2597490
0 2 3582330
1 2 6224460
1 5 5447130
1 3 4873450
2 1 6224460
2 0 3582330
2 4 5781440
3 4 4430430
3 1 4873450
3 5 4637940
4 0 2597490
4 3 4430430
4 2 5781440
4 11 5026730
5 1 5447130
5 3 4637940
5 7 5246100
5 6 5107440
6 8 3903840
6 7 5141920
6 5 5107440
6 11 5130060
6 16 5027150
7 6 5141920
7 21 4937630
7 5 5246100
8 6 3903840
8 10 3799950
8 15 4016770
9 12 3252660
9 10 3182580
10 15 5012300
10 8 3799950
10 11 5026170
10 9 3182580
11 4 5026730
11 6 5130060
11 10 5026170
12 9 3252660
12 14 4089870
12 13 5273970
12 15 5082380
13 12 5273970
13 15 5420710
13 17 5731370
13 16 5331670
14 17 4547270
14 12 4089870
15 10 5012300
15 13 5420710
15 12 5082380
15 8 4016770
16 23 6275740
16 20 4412810
16 6 5027150
16 13 5331670
17 14 4547270
17 13 5731370
17 19 4894320
17 25 5507110
18 22 3396080
18 25 5911910
18 19 5299120
19 17 4894320
19 18 5299120
19 22 2035160
20 16 4412810
20 25 4469180
20 23 5637510
21 24 3985820
21 23 6047560
21 7 4937630
22 18 3396080
22 19 2035160
23 21 6047560
23 24 5438700
23 16 6275740
23 20 5637510
24 21 3985820
24 23 5438700
25 20 4469180
25 18 5911910
25 17 5507110
