0 4 3097060
0 2 3540790
1 2 6448800
1 5 5615360
1 3 5342470
2 1 6448800
2 0 3540790
2 4 5931310
3 4 4824980
3 1 5342470
3 5 4435270
4 0 3097060
4 3 4824980
4 2 5931310
4 11 5460910
5 1 5615360
5 3 4435270
5 7 4635200
5 6 5321920
6 8 4595990
6 7 5248960
6 5 5321920
6 11 5684960
6 16 5762270
7 6 5248960
7 21 4276620
7 5 4635200
8 6 4595990
8 10 3754970
8 15 4177050
9 12 4065380
9 10 3034630
10 15 4675720
10 8 3754970
10 11 4843940
10 9 3034630
11 4 5460910
11 6 5684960
11 10 4843940
12 9 4065380
12 14 5379410
12 13 5896990
12 15 5706470
13 12 5896990
13 15 5288320
13 17 6329720
13 16 5533850
14 17 5812140
14 12 5379410
15 10 4675720
15 13 5288320
15 12 5706470
15 8 4177050
16 23 5523290
16 20 5051940
16 6 5762270
16 13 5533850
17 14 5812140
17 13 6329720
17 19 6151400
17 25 7750980
18 22 5066080
18 25 8680730
18 19 7081150
19 17 6151400
19 18 7081150
19 22 3107130
20 16 5051940
20 25 6418190
20 23 4986370
21 24 4068590
21 23 4724360
21 7 4276620
22 18 5066080
22 19 3107130
23 21 4724360
23 24 4801950
23 16 5523290
23 20 4986370
24 21 4068590
24 23 4801950
25 20 6418190
25 18 8680730
25 17 7750980
