0 4 2682890
0 2 3827280
1 2 6262990
1 5 5482350
1 3 4509090
2 1 6262990
2 0 3827280
2 4 5969950
3 4 4216050
3 1 4509090
3 5 4579800
4 0 2682890
4 3 4216050
4 2 5969950
4 11 5152240
5 1 5482350
5 3 4579800
5 7 5703170
5 6 5535510
6 8 4235470
6 7 5685620
6 5 5535510
6 11 5498440
6 16 4957610
7 6 5685620
7 21 5039840
7 5 5703170
8 6 4235470
8 10 4040410
8 15 4310910
9 12 4077040
9 10 3557730
10 15 5398340
10 8 4040410
10 11 5303380
10 9 3557730
11 4 5152240
11 6 5498440
11 10 5303380
12 9 4077040
12 14 4621260
12 13 5405360
12 15 5917650
13 12 5405360
13 15 5156550
13 17 5210880
13 16 4520760
14 17 4426780
14 12 4621260
15 10 5398340
15 13 5156550
15 12 5917650
15 8 4310910
16 23 5309110
16 20 3702900
16 6 4957610
16 13 4520760
17 14 4426780
17 13 5210880
17 19 4752950
17 25 5524420
18 22 2662560
18 25 5130190
18 19 4358720
19 17 4752950
19 18 4358720
19 22 2032240
20 16 3702900
20 25 4139940
20 23 4614750
21 24 3361030
21 23 5223680
21 7 5039840
22 18 2662560
22 19 2032240
23 21 5223680
23 24 4358310
23 16 5309110
23 20 4614750
24 21 3361030
24 23 4358310
25 20 4139940
25 18 5130190
25 17 5524420
