0 4 2470550
0 2 3727650
1 2 6843480
1 5 5608540
1 3 5214800
2 1 6843480
2 0 3727650
2 4 5853680
3 4 4225000
3 1 5214800
3 5 4247160
4 0 2470550
4 3 4225000
4 2 5853680
4 11 4553820
5 1 5608540
5 3 4247160
5 7 4394510
5 6 4369090
6 8 2791200
6 7 4122700
6 5 4369090
6 11 4304170
6 16 4171110
7 6 4122700
7 21 3771240
7 5 4394510
8 6 2791200
8 10 2679610
8 15 2893650
9 12 2416930
9 10 2593140
10 15 4088140
10 8 2679610
10 11 4192580
10 9 2593140
11 4 4553820
11 6 4304170
11 10 4192580
12 9 2416930
12 14 3234840
12 13 3604820
12 15 3911930
13 12 3604820
13 15 3995070
13 17 4144580
13 16 3966450
14 17 3774600
14 12 3234840
15 10 4088140
15 13 3995070
15 12 3911930
15 8 2893650
16 23 4844550
16 20 3968340
16 6 4171110
16 13 3966450
17 14 3774600
17 13 4144580
17 19 4070380
17 25 4568800
18 22 3137310
18 25 5242320
18 19 4743900
19 17 4070380
19 18 4743900
19 22 1932970
20 16 3968340
20 25 4114070
20 23 4567950
21 24 2795040
21 23 4419260
21 7 3771240
22 18 3137310
22 19 1932970
23 21 4419260
23 24 3819940
23 16 4844550
23 20 4567950
24 21 2795040
24 23 3819940
25 20 4114070
25 18 5242320
25 17 4568800
