0 4 3812100
0 2 3490790
1 2 6333870
1 5 6133140
1 3 5750390
2 1 6333870
2 0 3490790
2 4 6400210
3 4 5816730
3 1 5750390
3 5 5294690
4 0 3812100
4 3 5816730
4 2 6400210
4 11 6890080
5 1 6133140
5 3 5294690
5 7 7005520
5 6 6039060
6 8 4392300
6 7 7367140
6 5 6039060
6 11 6729660
6 16 6613670
7 6 7367140
7 21 6615320
7 5 7005520
8 6 4392300
8 10 4245280
8 15 4622040
9 12 5079410
9 10 4136210
10 15 6483400
10 8 4245280
10 11 6582640
10 9 4136210
11 4 6890080
11 6 6729660
11 10 6582640
12 9 5079410
12 14 6481940
12 13 7189610
12 15 7426600
13 12 7189610
13 15 6623170
13 17 6976140
13 16 6606420
14 17 6268470
14 12 6481940
15 10 6483400
15 13 6623170
15 12 7426600
15 8 4622040
16 23 8048290
16 20 5922570
16 6 6613670
16 13 6606420
17 14 6268470
17 13 6976140
17 19 6172130
17 25 7363380
18 22 4217390
18 25 7565300
18 19 6374050
19 17 6172130
19 18 6374050
19 22 2621500
20 16 5922570
20 25 6089570
20 23 7144200
21 24 4514790
21 23 7083480
21 7 6615320
22 18 4217390
22 19 2621500
23 21 7083480
23 24 6701230
23 16 8048290
23 20 7144200
24 21 4514790
24 23 6701230
25 20 6089570
25 18 7565300
25 17 7363380
