0 4 4310280
0 2 5242420
1 2 8296800
1 5 6539940
1 3 6011810
2 1 8296800
2 0 5242420
2 4 8481500
3 4 6196510
3 1 6011810
3 5 5371790
4 0 4310280
4 3 6196510
4 2 8481500
4 11 7409120
5 1 6539940
5 3 5371790
5 7 6784120
5 6 6542980
6 8 5627380
6 7 7427180
6 5 6542980
6 11 7227460
6 16 6253300
7 6 7427180
7 21 6448250
7 5 6784120
8 6 5627380
8 10 5222750
8 15 5223530
9 12 3731840
9 10 4459670
10 15 6377560
10 8 5222750
10 11 6822830
10 9 4459670
11 4 7409120
11 6 7227460
11 10 6822830
12 9 3731840
12 14 4732370
12 13 5240260
12 15 5649730
13 12 5240260
13 15 5968870
13 17 6668850
13 16 5439980
14 17 6160960
14 12 4732370
15 10 6377560
15 13 5968870
15 12 5649730
15 8 5223530
16 23 8106250
16 20 6350560
16 6 6253300
16 13 5439980
17 14 6160960
17 13 6668850
17 19 6485300
17 25 8668710
18 22 4110630
18 25 8380440
18 19 6197030
19 17 6485300
19 18 6197030
19 22 3105900
20 16 6350560
20 25 8469840
20 23 9136250
21 24 5317040
21 23 8060060
21 7 6448250
22 18 4110630
22 19 3105900
23 21 8060060
23 24 8148920
23 16 8106250
23 20 9136250
24 21 5317040
24 23 8148920
25 20 8469840
25 18 8380440
25 17 8668710
