0 4 2194390
0 2 2064360
1 2 3775970
1 5 4231480
1 3 3597070
2 1 3775970
2 0 2064360
2 4 3598290
3 4 3419390
3 1 3597070
3 5 3744870
4 0 2194390
4 3 3419390
4 2 3598290
4 11 3695780
5 1 4231480
5 3 3744870
5 7 4636740
5 6 3967780
6 8 2602840
6 7 4225240
6 5 3967780
6 11 3609760
6 16 3462220
7 6 4225240
7 21 4383010
7 5 4636740
8 6 2602840
8 10 2590800
8 15 2358800
9 12 3016320
9 10 2461640
10 15 3300200
10 8 2590800
10 11 3597720
10 9 2461640
11 4 3695780
11 6 3609760
11 10 3597720
12 9 3016320
12 14 3663600
12 13 4418510
12 15 3854880
13 12 4418510
13 15 3631830
13 17 4378220
13 16 3781810
14 17 3623310
14 12 3663600
15 10 3300200
15 13 3631830
15 12 3854880
15 8 2358800
16 23 4132820
16 20 3388630
16 6 3462220
16 13 3781810
17 14 3623310
17 13 4378220
17 19 3712580
17 25 5015990
18 22 2826690
18 25 5305400
18 19 4001990
19 17 3712580
19 18 4001990
19 22 1688880
20 16 3388630
20 25 4440050
20 23 4153290
21 24 4021810
21 23 4384650
21 7 4383010
22 18 2826690
22 19 1688880
23 21 4384650
23 24 4534640
23 16 4132820
23 20 4153290
24 21 4021810
24 23 4534640
25 20 4440050
25 18 5305400
25 17 5015990
