0 4 2779110
0 2 3010420
1 2 4746160
1 5 4651500
1 3 4034700
2 1 4746160
2 0 3010420
2 4 4563070
3 4 3851610
3 1 4034700
3 5 3988260
4 0 2779110
4 3 3851610
4 2 4563070
4 11 4389520
5 1 4651500
5 3 3988260
5 7 4799460
5 6 4420380
6 8 2711640
6 7 4614780
6 5 4420380
6 11 4341490
6 16 3848710
7 6 4614780
7 21 4131090
7 5 4799460
8 6 2711640
8 10 2536800
8 15 2311500
9 12 2372190
9 10 2612670
10 15 3660720
10 8 2536800
10 11 4166650
10 9 2612670
11 4 4389520
11 6 4341490
11 10 4166650
12 9 2372190
12 14 2662510
12 13 3252460
12 15 3420240
13 12 3252460
13 15 3267640
13 17 3046360
13 16 3280790
14 17 2456410
14 12 2662510
15 10 3660720
15 13 3267640
15 12 3420240
15 8 2311500
16 23 3935890
16 20 3448520
16 6 3848710
16 13 3280790
17 14 2456410
17 13 3046360
17 19 2490020
17 25 2982560
18 22 2269740
18 25 3498740
18 19 3006200
19 17 2490020
19 18 3006200
19 22 1250720
20 16 3448520
20 25 3203790
20 23 3922690
21 24 2710170
21 23 3839190
21 7 4131090
22 18 2269740
22 19 1250720
23 21 3839190
23 24 3281040
23 16 3935890
23 20 3922690
24 21 2710170
24 23 3281040
25 20 3203790
25 18 3498740
25 17 2982560
