0 4 3825680
0 2 4242200
1 2 6911880
1 5 6007700
1 3 5037460
2 1 6911880
2 0 4242200
2 4 7556720
3 4 5682300
3 1 5037460
3 5 5194640
4 0 3825680
4 3 5682300
4 2 7556720
4 11 7300420
5 1 6007700
5 3 5194640
5 7 6561170
5 6 6631940
6 8 4932070
6 7 7028230
6 5 6631940
6 11 7279820
6 16 6038080
7 6 7028230
7 21 5554520
7 5 6561170
8 6 4932070
8 10 4371960
8 15 4636190
9 12 3832230
9 10 4301940
10 15 6243010
10 8 4371960
10 11 6719710
10 9 4301940
11 4 7300420
11 6 7279820
11 10 6719710
12 9 3832230
12 14 3963180
12 13 4760250
12 15 5773300
13 12 4760250
13 15 5494190
13 17 4994100
13 16 4729150
14 17 4197030
14 12 3963180
15 10 6243010
15 13 5494190
15 12 5773300
15 8 4636190
16 23 6323300
16 20 4680540
16 6 6038080
16 13 4729150
17 14 4197030
17 13 4994100
17 19 4207130
17 25 5719880
18 22 2518460
18 25 5191080
18 19 3678330
19 17 4207130
19 18 3678330
19 22 1747330
20 16 4680540
20 25 5158310
20 23 6026680
21 24 4600680
21 23 5910510
21 7 5554520
22 18 2518460
22 19 1747330
23 21 5910510
23 24 6359610
23 16 6323300
23 20 6026680
24 21 4600680
24 23 6359610
25 20 5158310
25 18 5191080
25 17 5719880
