0 4 2648670
0 2 3502260
1 2 5435510
1 5 4101950
1 3 3794360
2 1 5435510
2 0 3502260
2 4 5501230
3 4 3860080
3 1 3794360
3 5 3380110
4 0 2648670
4 3 3860080
4 2 5501230
4 11 4806350
5 1 4101950
5 3 3380110
5 7 3925310
5 6 3745230
6 8 2666050
6 7 3982840
6 5 3745230
6 11 4383910
6 16 3569980
7 6 3982840
7 21 3531030
7 5 3925310
8 6 2666050
8 10 2667190
8 15 2829600
9 12 2341960
9 10 2579840
10 15 3967450
10 8 2667190
10 11 4385050
10 9 2579840
11 4 4806350
11 6 4383910
11 10 4385050
12 9 2341960
12 14 2747680
12 13 3537620
12 15 3729570
13 12 3537620
13 15 3937910
13 17 3803880
13 16 3541580
14 17 3013940
14 12 2747680
15 10 3967450
15 13 3937910
15 12 3729570
15 8 2829600
16 23 4464280
16 20 3377400
16 6 3569980
16 13 3541580
17 14 3013940
17 13 3803880
17 19 3103710
17 25 4321770
18 22 2108390
18 25 4332740
18 19 3114680
19 17 3103710
19 18 3114680
19 22 1339330
20 16 3377400
20 25 4099670
20 23 4504480
21 24 2733210
21 23 4245250
21 7 3531030
22 18 2108390
22 19 1339330
23 21 4245250
23 24 4079320
23 16 4464280
23 20 4504480
24 21 2733210
24 23 4079320
25 20 4099670
25 18 4332740
25 17 4321770
