0 4 2985020
0 2 2977230
1 2 4600140
1 5 4334400
1 3 3917300
2 1 4600140
2 0 2977230
2 4 4516530
3 4 3833690
3 1 3917300
3 5 3560160
4 0 2985020
4 3 3833690
4 2 4516530
4 11 4755810
5 1 4334400
5 3 3560160
5 7 5263910
5 6 4479910
6 8 3546250
6 7 5766560
6 5 4479910
6 11 4984930
6 16 4298340
7 6 5766560
7 21 5619810
7 5 5263910
8 6 3546250
8 10 3219960
8 15 3518200
9 12 3610730
9 10 3072580
10 15 4628220
10 8 3219960
10 11 4658640
10 9 3072580
11 4 4755810
11 6 4984930
11 10 4658640
12 9 3610730
12 14 4019460
12 13 5038720
12 15 5166370
13 12 5038720
13 15 4798810
13 17 4848920
13 16 4142640
14 17 3829660
14 12 4019460
15 10 4628220
15 13 4798810
15 12 5166370
15 8 3518200
16 23 4668270
16 20 5032160
16 6 4298340
16 13 4142640
17 14 3829660
17 13 4848920
17 19 4384140
17 25 6150130
18 22 4103500
18 25 7608370
18 19 5842380
19 17 4384140
19 18 5842380
19 22 2002720
20 16 5032160
20 25 6861890
20 23 6086310
21 24 3846410
21 23 5205740
21 7 5619810
22 18 4103500
22 19 2002720
23 21 5205740
23 24 4363090
23 16 4668270
23 20 6086310
24 21 3846410
24 23 4363090
25 20 6861890
25 18 7608370
25 17 6150130
