0 4 2217710
0 2 2508040
1 2 4689060
1 5 4284450
1 3 4130720
2 1 4689060
2 0 2508040
2 4 4035770
3 4 3477430
3 1 4130720
3 5 3363150
4 0 2217710
4 3 3477430
4 2 4035770
4 11 3941480
5 1 4284450
5 3 3363150
5 7 4021390
5 6 3895060
6 8 3196090
6 7 4399570
6 5 3895060
6 11 4205380
6 16 3631770
7 6 4399570
7 21 4119680
7 5 4021390
8 6 3196090
8 10 2806110
8 15 2980640
9 12 2040230
9 10 2480560
10 15 3667810
10 8 2806110
10 11 3815400
10 9 2480560
11 4 3941480
11 6 4205380
11 10 3815400
12 9 2040230
12 14 2567010
12 13 3147400
12 15 3227480
13 12 3147400
13 15 3762260
13 17 4102690
13 16 3336240
14 17 3522300
14 12 2567010
15 10 3667810
15 13 3762260
15 12 3227480
15 8 2980640
16 23 3815440
16 20 3381350
16 6 3631770
16 13 3336240
17 14 3522300
17 13 4102690
17 19 3998930
17 25 4947860
18 22 3485870
18 25 5713990
18 19 4765060
19 17 3998930
19 18 4765060
19 22 2195470
20 16 3381350
20 25 4572460
20 23 4206490
21 24 3593400
21 23 4177020
21 7 4119680
22 18 3485870
22 19 2195470
23 21 4177020
23 24 4056960
23 16 3815440
23 20 4206490
24 21 3593400
24 23 4056960
25 20 4572460
25 18 5713990
25 17 4947860
