0 4 3333480
0 2 3609160
1 2 6557250
1 5 6311660
1 3 5830850
2 1 6557250
2 0 3609160
2 4 6085200
3 4 5358800
3 1 5830850
3 5 5388890
4 0 3333480
4 3 5358800
4 2 6085200
4 11 6010310
5 1 6311660
5 3 5388890
5 7 6778660
5 6 5571090
6 8 4149940
6 7 6480050
6 5 5571090
6 11 5741790
6 16 5741690
7 6 6480050
7 21 6119590
7 5 6778660
8 6 4149940
8 10 4215980
8 15 4405070
9 12 4261630
9 10 3533220
10 15 5593650
10 8 4215980
10 11 5807830
10 9 3533220
11 4 6010310
11 6 5741790
11 10 5807830
12 9 4261630
12 14 5736790
12 13 7076910
12 15 6322060
13 12 7076910
13 15 6537590
13 17 7210930
13 16 6751670
14 17 5870810
14 12 5736790
15 10 5593650
15 13 6537590
15 12 6322060
15 8 4405070
16 23 7151870
16 20 6197220
16 6 5741690
16 13 6751670
17 14 5870810
17 13 7210930
17 19 6395370
17 25 7499740
18 22 6211360
18 25 9410910
18 19 8306540
19 17 6395370
19 18 8306540
19 22 3566140
20 16 6197220
20 25 7026800
20 23 7138190
21 24 4297160
21 23 6322200
21 7 6119590
22 18 6211360
22 19 3566140
23 21 6322200
23 24 6067800
23 16 7151870
23 20 7138190
24 21 4297160
24 23 6067800
25 20 7026800
25 18 9410910
25 17 7499740
