0 4 3774430
0 2 3717850
1 2 6909560
1 5 6614960
1 3 5926410
2 1 6909560
2 0 3717850
2 4 6908680
3 4 5925530
3 1 5926410
3 5 5574350
4 0 3774430
4 3 5925530
4 2 6908680
4 11 7186000
5 1 6614960
5 3 5574350
5 7 7482110
5 6 6208380
6 8 4487000
6 7 7427590
6 5 6208380
6 11 6780300
6 16 5581640
7 6 7427590
7 21 7086920
7 5 7482110
8 6 4487000
8 10 4721370
8 15 4617720
9 12 3934390
9 10 4342140
10 15 6518950
10 8 4721370
10 11 7014670
10 9 4342140
11 4 7186000
11 6 6780300
11 10 7014670
12 9 3934390
12 14 3911730
12 13 6000300
12 15 6111200
13 12 6000300
13 15 6304400
13 17 5669450
13 16 5601460
14 17 3580880
14 12 3911730
15 10 6518950
15 13 6304400
15 12 6111200
15 8 4617720
16 23 6456020
16 20 4308500
16 6 5581640
16 13 5601460
17 14 3580880
17 13 5669450
17 19 4411680
17 25 5822070
18 22 3273730
18 25 6233480
18 19 4823090
19 17 4411680
19 18 4823090
19 22 2128600
20 16 4308500
20 25 5053160
20 23 5755100
21 24 4673810
21 23 6687570
21 7 7086920
22 18 3273730
22 19 2128600
23 21 6687570
23 24 5888860
23 16 6456020
23 20 5755100
24 21 4673810
24 23 5888860
25 20 5053160
25 18 6233480
25 17 5822070
