0 4 2509230
0 2 3163190
1 2 4936060
1 5 4142060
1 3 3509900
2 1 4936060
2 0 3163190
2 4 4998180
3 4 3572020
3 1 3509900
3 5 3431980
4 0 2509230
4 3 3572020
4 2 4998180
4 11 4263770
5 1 4142060
5 3 3431980
5 7 4663580
5 6 4083410
6 8 3242550
6 7 4682850
6 5 4083410
6 11 4143000
6 16 4039790
7 6 4682850
7 21 4280780
7 5 4663580
8 6 3242550
8 10 3214630
8 15 3593970
9 12 3762860
9 10 2871180
10 15 4426180
10 8 3214630
10 11 4115080
10 9 2871180
11 4 4263770
11 6 4143000
11 10 4115080
12 9 3762860
12 14 4116160
12 13 5345510
12 15 5317860
13 12 5345510
13 15 4833170
13 17 4742290
13 16 4418860
14 17 3512940
14 12 4116160
15 10 4426180
15 13 4833170
15 12 5317860
15 8 3593970
16 23 4783430
16 20 4172450
16 6 4039790
16 13 4418860
17 14 3512940
17 13 4742290
17 19 4059710
17 25 4536510
18 22 3140610
18 25 5076340
18 19 4599540
19 17 4059710
19 18 4599540
19 22 2036730
20 16 4172450
20 25 4408630
20 23 4978980
21 24 3894840
21 23 4444250
21 7 4280780
22 18 3140610
22 19 2036730
23 21 4444250
23 24 5040550
23 16 4783430
23 20 4978980
24 21 3894840
24 23 5040550
25 20 4408630
25 18 5076340
25 17 4536510
