0 4 3169760
0 2 2717940
1 2 5039730
1 5 5178330
1 3 4607080
2 1 5039730
2 0 2717940
2 4 5100220
3 4 4667570
3 1 4607080
3 5 4354350
4 0 3169760
4 3 4667570
4 2 5100220
4 11 5347190
5 1 5178330
5 3 4354350
5 7 5767090
5 6 4979020
6 8 4056190
6 7 5820510
6 5 4979020
6 11 5087390
6 16 4883740
7 6 5820510
7 21 6420140
7 5 5767090
8 6 4056190
8 10 3756500
8 15 4634090
9 12 4481090
9 10 3273140
10 15 5310650
10 8 3756500
10 11 4787700
10 9 3273140
11 4 5347190
11 6 5087390
11 10 4787700
12 9 4481090
12 14 5510060
12 13 5924390
12 15 6518600
13 12 5924390
13 15 5594030
13 17 5287050
13 16 4867430
14 17 4872720
14 12 5510060
15 10 5310650
15 13 5594030
15 12 6518600
15 8 4634090
16 23 5114870
16 20 4478210
16 6 4883740
16 13 4867430
17 14 4872720
17 13 5287050
17 19 4559530
17 25 6357340
18 22 4964680
18 25 8196330
18 19 6398520
19 17 4559530
19 18 6398520
19 22 2110940
20 16 4478210
20 25 5680890
20 23 4858040
21 24 6109770
21 23 5863200
21 7 6420140
22 18 4964680
22 19 2110940
23 21 5863200
23 24 5741270
23 16 5114870
23 20 4858040
24 21 6109770
24 23 5741270
25 20 5680890
25 18 8196330
25 17 6357340
