0 4 3118510
0 2 3939880
1 2 6977910
1 5 6101310
1 3 5523020
2 1 6977910
2 0 3939880
2 4 6635650
3 4 5180760
3 1 5523020
3 5 5125530
4 0 3118510
4 3 5180760
4 2 6635650
4 11 5735110
5 1 6101310
5 3 5125530
5 7 6204260
5 6 5603210
6 8 3635910
6 7 6103650
6 5 5603210
6 11 5579270
6 16 4932600
7 6 6103650
7 21 6010950
7 5 6204260
8 6 3635910
8 10 3371300
8 15 3464030
9 12 3291020
9 10 3237520
10 15 5066110
10 8 3371300
10 11 5314660
10 9 3237520
11 4 5735110
11 6 5579270
11 10 5314660
12 9 3291020
12 14 4617890
12 13 5076030
12 15 5119610
13 12 5076030
13 15 5115260
13 17 5966130
13 16 4717140
14 17 5507990
14 12 4617890
15 10 5066110
15 13 5115260
15 12 5119610
15 8 3464030
16 23 5205420
16 20 5297560
16 6 4932600
16 13 4717140
17 14 5507990
17 13 5966130
17 19 5680010
17 25 7910170
18 22 4229850
18 25 8067990
18 19 5837830
19 17 5680010
19 18 5837830
19 22 2891460
20 16 5297560
20 25 7596140
20 23 6140380
21 24 4961460
21 23 5682720
21 7 6010950
22 18 4229850
22 19 2891460
23 21 5682720
23 24 5326980
23 16 5205420
23 20 6140380
24 21 4961460
24 23 5326980
25 20 7596140
25 18 8067990
25 17 7910170
