0 4 4711350
0 2 4668050
1 2 8513820
1 5 8413500
1 3 7413310
2 1 8513820
2 0 4668050
2 4 8457900
3 4 7357390
3 1 7413310
3 5 7213770
4 0 4711350
4 3 7357390
4 2 8457900
4 11 8804740
5 1 8413500
5 3 7213770
5 7 8005880
5 6 8321870
6 8 6747850
6 7 8113790
6 5 8321870
6 11 8769030
6 16 7414330
7 6 8113790
7 21 7424230
7 5 8005880
8 6 6747850
8 10 6705290
8 15 7094970
9 12 5140920
9 10 5442430
10 15 8734340
10 8 6705290
10 11 8726470
10 9 5442430
11 4 8804740
11 6 8769030
11 10 8726470
12 9 5140920
12 14 5625680
12 13 7552220
12 15 8432830
13 12 7552220
13 15 8243410
13 17 7242240
13 16 6880840
14 17 5315700
14 12 5625680
15 10 8734340
15 13 8243410
15 12 8432830
15 8 7094970
16 23 8202080
16 20 6777290
16 6 7414330
16 13 6880840
17 14 5315700
17 13 7242240
17 19 6189100
17 25 8226300
18 22 3975660
18 25 8365960
18 19 6328760
19 17 6189100
19 18 6328760
19 22 2903420
20 16 6777290
20 25 8243310
20 23 8580490
21 24 5543390
21 23 8527970
21 7 7424230
22 18 3975660
22 19 2903420
23 21 8527970
23 24 7020700
23 16 8202080
23 20 8580490
24 21 5543390
24 23 7020700
25 20 8243310
25 18 8365960
25 17 8226300
