0 4 3365780
0 2 3077380
1 2 5327190
1 5 5336310
1 3 4845460
2 1 5327190
2 0 3077380
2 4 5202760
3 4 4721030
3 1 4845460
3 5 4441750
4 0 3365780
4 3 4721030
4 2 5202760
4 11 5929760
5 1 5336310
5 3 4441750
5 7 5528590
5 6 5459340
6 8 4430530
6 7 6055330
6 5 5459340
6 11 6177220
6 16 5939780
7 6 6055330
7 21 5667300
7 5 5528590
8 6 4430530
8 10 4124400
8 15 4235260
9 12 4155380
9 10 3855000
10 15 5484680
10 8 4124400
10 11 5871090
10 9 3855000
11 4 5929760
11 6 6177220
11 10 5871090
12 9 4155380
12 14 4796070
12 13 5758510
12 15 5785060
13 12 5758510
13 15 5568990
13 17 5660330
13 16 5717960
14 17 4697890
14 12 4796070
15 10 5484680
15 13 5568990
15 12 5785060
15 8 4235260
16 23 6475930
16 20 4980590
16 6 5939780
16 13 5717960
17 14 4697890
17 13 5660330
17 19 4699320
17 25 5649980
18 22 3010970
18 25 5493810
18 19 4543150
19 17 4699320
19 18 4543150
19 22 2088240
20 16 4980590
20 25 4794720
20 23 5563040
21 24 5027440
21 23 6134200
21 7 5667300
22 18 3010970
22 19 2088240
23 21 6134200
23 24 5951620
23 16 6475930
23 20 5563040
24 21 5027440
24 23 5951620
25 20 4794720
25 18 5493810
25 17 5649980
