0 4 3416440
0 2 5288170
1 2 8370920
1 5 6160340
1 3 5634290
2 1 8370920
2 0 5288170
2 4 7940450
3 4 5203820
3 1 5634290
3 5 4864970
4 0 3416440
4 3 5203820
4 2 7940450
4 11 6179590
5 1 6160340
5 3 4864970
5 7 6070190
5 6 5004160
6 8 3448350
6 7 5683330
6 5 5004160
6 11 5453880
6 16 4371830
7 6 5683330
7 21 5783370
7 5 6070190
8 6 3448350
8 10 3969450
8 15 3928530
9 12 4157360
9 10 3899410
10 15 5618580
10 8 3969450
10 11 5974980
10 9 3899410
11 4 6179590
11 6 5453880
11 10 5974980
12 9 4157360
12 14 5036150
12 13 6367700
12 15 5876530
13 12 6367700
13 15 6068830
13 17 6491790
13 16 5343180
14 17 5160240
14 12 5036150
15 10 5618580
15 13 6068830
15 12 5876530
15 8 3928530
16 23 6117770
16 20 4710830
16 6 4371830
16 13 5343180
17 14 5160240
17 13 6491790
17 19 5136660
17 25 6938130
18 22 3795610
18 25 7012190
18 19 5210720
19 17 5136660
19 18 5210720
19 22 2434630
20 16 4710830
20 25 6373990
20 23 6702240
21 24 4605110
21 23 6463280
21 7 5783370
22 18 3795610
22 19 2434630
23 21 6463280
23 24 6251010
23 16 6117770
23 20 6702240
24 21 4605110
24 23 6251010
25 20 6373990
25 18 7012190
25 17 6938130
