0 4 2829750
0 2 2497840
1 2 4983840
1 5 5332710
1 3 4612530
2 1 4983840
2 0 2497840
2 4 4847590
3 4 4476280
3 1 4612530
3 5 4493240
4 0 2829750
4 3 4476280
4 2 4847590
4 11 5580910
5 1 5332710
5 3 4493240
5 7 4616810
5 6 5340630
6 8 4331930
6 7 4744020
6 5 5340630
6 11 5725080
6 16 4349410
7 6 4744020
7 21 3494530
7 5 4616810
8 6 4331930
8 10 4500630
8 15 4175610
9 12 3575160
9 10 4006230
10 15 5480220
10 8 4500630
10 11 5893780
10 9 4006230
11 4 5580910
11 6 5725080
11 10 5893780
12 9 3575160
12 14 3403420
12 13 4841740
12 15 5049150
13 12 4841740
13 15 4947790
13 17 5251150
13 16 3985680
14 17 3812830
14 12 3403420
15 10 5480220
15 13 4947790
15 12 5049150
15 8 4175610
16 23 5253880
16 20 5085520
16 6 4349410
16 13 3985680
17 14 3812830
17 13 5251150
17 19 4788640
17 25 6673810
18 22 3250860
18 25 6734130
18 19 4848960
19 17 4788640
19 18 4848960
19 22 2217260
20 16 5085520
20 25 7262880
20 23 7108420
21 24 2862970
21 23 5122820
21 7 3494530
22 18 3250860
22 19 2217260
23 21 5122820
23 24 5016930
23 16 5253880
23 20 7108420
24 21 2862970
24 23 5016930
25 20 7262880
25 18 6734130
25 17 6673810
