0 4 3417930
0 2 4227900
1 2 7460800
1 5 6495550
1 3 5844940
2 1 7460800
2 0 4227900
2 4 6797530
3 4 5181670
3 1 5844940
3 5 5026390
4 0 3417930
4 3 5181670
4 2 6797530
4 11 6324780
5 1 6495550
5 3 5026390
5 7 6866520
5 6 5768540
6 8 3968300
6 7 6958060
6 5 5768540
6 11 6261040
6 16 5201150
7 6 6958060
7 21 6586350
7 5 6866520
8 6 3968300
8 10 3913900
8 15 3516790
9 12 2888730
9 10 3437970
10 15 5354170
10 8 3913900
10 11 6206640
10 9 3437970
11 4 6324780
11 6 6261040
11 10 6206640
12 9 2888730
12 14 4121710
12 13 4844750
12 15 4804930
13 12 4844750
13 15 4996880
13 17 5877010
13 16 4789460
14 17 5153970
14 12 4121710
15 10 5354170
15 13 4996880
15 12 4804930
15 8 3516790
16 23 5336120
16 20 4869680
16 6 5201150
16 13 4789460
17 14 5153970
17 13 5877010
17 19 5555000
17 25 7031850
18 22 3006840
18 25 6504610
18 19 5027760
19 17 5555000
19 18 5027760
19 22 2371760
20 16 4869680
20 25 6271760
20 23 5663580
21 24 4045150
21 23 5623340
21 7 6586350
22 18 3006840
22 19 2371760
23 21 5623340
23 24 4551830
23 16 5336120
23 20 5663580
24 21 4045150
24 23 4551830
25 20 6271760
25 18 6504610
25 17 7031850
