0 4 2301290
0 2 1993790
1 2 4058670
1 5 3726240
1 3 3612380
2 1 4058670
2 0 1993790
2 4 4227940
3 4 3781650
3 1 3612380
3 5 3141720
4 0 2301290
4 3 3781650
4 2 4227940
4 11 4449960
5 1 3726240
5 3 3141720
5 7 5275440
5 6 4255490
6 8 4237780
6 7 6275350
6 5 4255490
6 11 4809940
6 16 4694830
7 6 6275350
7 21 5626480
7 5 5275440
8 6 4237780
8 10 3272130
8 15 3706300
9 12 3096420
9 10 2270330
10 15 3758270
10 8 3272130
10 11 3844290
10 9 2270330
11 4 4449960
11 6 4809940
11 10 3844290
12 9 3096420
12 14 3688410
12 13 4986490
12 15 4584360
13 12 4986490
13 15 4594570
13 17 4853830
13 16 4565480
14 17 3555750
14 12 3688410
15 10 3758270
15 13 4594570
15 12 4584360
15 8 3706300
16 23 5167260
16 20 3549320
16 6 4694830
16 13 4565480
17 14 3555750
17 13 4853830
17 19 3945540
17 25 4309530
18 22 2479060
18 25 4088800
18 19 3724810
19 17 3945540
19 18 3724810
19 22 1934370
20 16 3549320
20 25 3436240
20 23 4582320
21 24 3510940
21 23 5078960
21 7 5626480
22 18 2479060
22 19 1934370
23 21 5078960
23 24 4632240
23 16 5167260
23 20 4582320
24 21 3510940
24 23 4632240
25 20 3436240
25 18 4088800
25 17 4309530
