0 4 3995500
0 2 4255090
1 2 8679890
1 5 8500540
1 3 7847000
2 1 8679890
2 0 4255090
2 4 8061610
3 4 7228720
3 1 7847000
3 5 7308960
4 0 3995500
4 3 7228720
4 2 8061610
4 11 7842420
5 1 8500540
5 3 7308960
5 7 7835210
5 6 7742130
6 8 4971890
6 7 7614840
6 5 7742130
6 11 7702290
6 16 6711130
7 6 7614840
7 21 6431740
7 5 7835210
8 6 4971890
8 10 4557710
8 15 4879510
9 12 4696000
9 10 4334510
10 15 7015200
10 8 4557710
10 11 7288110
10 9 4334510
11 4 7842420
11 6 7702290
11 10 7288110
12 9 4696000
12 14 5973640
12 13 7477700
12 15 7376690
13 12 7477700
13 15 7438010
13 17 8617550
13 16 6719760
14 17 7113490
14 12 5973640
15 10 7015200
15 13 7438010
15 12 7376690
15 8 4879510
16 23 6318500
16 20 6374080
16 6 6711130
16 13 6719760
17 14 7113490
17 13 8617550
17 19 7603460
17 25 9864440
18 22 3990650
18 25 8642750
18 19 6381770
19 17 7603460
19 18 6381770
19 22 3119720
20 16 6374080
20 25 8440230
20 23 6792080
21 24 4604500
21 23 5946030
21 7 6431740
22 18 3990650
22 19 3119720
23 21 5946030
23 24 5394970
23 16 6318500
23 20 6792080
24 21 4604500
24 23 5394970
25 20 8440230
25 18 8642750
25 17 9864440
