0 4 3888720
0 2 4255960
1 2 6441530
1 5 5653300
1 3 4958210
2 1 6441530
2 0 4255960
2 4 6539180
3 4 5055860
3 1 4958210
3 5 4634870
4 0 3888720
4 3 5055860
4 2 6539180
4 11 5997120
5 1 5653300
5 3 4634870
5 7 5350620
5 6 5467990
6 8 3929070
6 7 5488650
6 5 5467990
6 11 5714160
6 16 5522630
7 6 5488650
7 21 5075340
7 5 5350620
8 6 3929070
8 10 4049650
8 15 4483640
9 12 4460880
9 10 4035120
10 15 6281170
10 8 4049650
10 11 5834740
10 9 4035120
11 4 5997120
11 6 5714160
11 10 5834740
12 9 4460880
12 14 5656920
12 13 6545920
12 15 6706930
13 12 6545920
13 15 6554150
13 17 7463460
13 16 5916190
14 17 6574460
14 12 5656920
15 10 6281170
15 13 6554150
15 12 6706930
15 8 4483640
16 23 6323180
16 20 6030140
16 6 5522630
16 13 5916190
17 14 6574460
17 13 7463460
17 19 7492180
17 25 8196760
18 22 5223700
18 25 8513290
18 19 7808710
19 17 7492180
19 18 7808710
19 22 3865570
20 16 6030140
20 25 7240390
20 23 6914080
21 24 4370920
21 23 5993260
21 7 5075340
22 18 5223700
22 19 3865570
23 21 5993260
23 24 5584780
23 16 6323180
23 20 6914080
24 21 4370920
24 23 5584780
25 20 7240390
25 18 8513290
25 17 8196760
