0 4 3299730
0 2 3110770
1 2 6813280
1 5 7612100
1 3 6284370
2 1 6813280
2 0 3110770
2 4 6300660
3 4 5771750
3 1 6284370
3 5 6381610
4 0 3299730
4 3 5771750
4 2 6300660
4 11 6978370
5 1 7612100
5 3 6381610
5 7 7955000
5 6 7405350
6 8 5544010
6 7 7651010
6 5 7405350
6 11 7284240
6 16 6182400
7 6 7651010
7 21 6289810
7 5 7955000
8 6 5544010
8 10 5129050
8 15 5681740
9 12 5694180
9 10 4044750
10 15 6824130
10 8 5129050
10 11 6869280
10 9 4044750
11 4 6978370
11 6 7284240
11 10 6869280
12 9 5694180
12 14 7701500
12 13 8467430
12 15 8473560
13 12 8467430
13 15 7370690
13 17 8783600
13 16 6314000
14 17 8017670
14 12 7701500
15 10 6824130
15 13 7370690
15 12 8473560
15 8 5681740
16 23 5988900
16 20 5550690
16 6 6182400
16 13 6314000
17 14 8017670
17 13 8783600
17 19 8269530
17 25 10034380
18 22 4520240
18 25 9357800
18 19 7592950
19 17 8269530
19 18 7592950
19 22 3263710
20 16 5550690
20 25 7852030
20 23 6276150
21 24 4247100
21 23 5546660
21 7 6289810
22 18 4520240
22 19 3263710
23 21 5546660
23 24 5414800
23 16 5988900
23 20 6276150
24 21 4247100
24 23 5414800
25 20 7852030
25 18 9357800
25 17 10034380
