0 4 2547590
0 2 3368640
1 2 5498530
1 5 4756490
1 3 4256290
2 1 5498530
2 0 3368640
2 4 5184830
3 4 3942590
3 1 4256290
3 5 4021600
4 0 2547590
4 3 3942590
4 2 5184830
4 11 4355100
5 1 4756490
5 3 4021600
5 7 3996680
5 6 4347760
6 8 2959330
6 7 3822640
6 5 4347760
6 11 4260070
6 16 4484480
7 6 3822640
7 21 3554150
7 5 3996680
8 6 2959330
8 10 3291990
8 15 3132200
9 12 3118860
9 10 3122930
10 15 4679250
10 8 3291990
10 11 4592730
10 9 3122930
11 4 4355100
11 6 4260070
11 10 4592730
12 9 3118860
12 14 3519180
12 13 4680490
12 15 4675180
13 12 4680490
13 15 4524770
13 17 4612420
13 16 4662660
14 17 3451110
14 12 3519180
15 10 4679250
15 13 4524770
15 12 4675180
15 8 3132200
16 23 5672580
16 20 4746980
16 6 4484480
16 13 4662660
17 14 3451110
17 13 4612420
17 19 3774710
17 25 5099040
18 22 3054240
18 25 5512400
18 19 4188070
19 17 3774710
19 18 4188070
19 22 1720830
20 16 4746980
20 25 5101020
20 23 5624320
21 24 3295170
21 23 5093330
21 7 3554150
22 18 3054240
22 19 1720830
23 21 5093330
23 24 4751760
23 16 5672580
23 20 5624320
24 21 3295170
24 23 4751760
25 20 5101020
25 18 5512400
25 17 5099040
