0 4 3641210
0 2 4314360
1 2 7060490
1 5 6075480
1 3 5372000
2 1 7060490
2 0 4314360
2 4 7034650
3 4 5346160
3 1 5372000
3 5 5034300
4 0 3641210
4 3 5346160
4 2 7034650
4 11 6443400
5 1 6075480
5 3 5034300
5 7 5320730
5 6 5690130
6 8 3838810
6 7 5273080
6 5 5690130
6 11 6083890
6 16 5128650
7 6 5273080
7 21 4799800
7 5 5320730
8 6 3838810
8 10 3466780
8 15 3853870
9 12 3707700
9 10 3497200
10 15 5285510
10 8 3466780
10 11 5711860
10 9 3497200
11 4 6443400
11 6 6083890
11 10 5711860
12 9 3707700
12 14 4693970
12 13 5583510
12 15 5496010
13 12 5583510
13 15 5760100
13 17 6604740
13 16 5231210
14 17 5715200
14 12 4693970
15 10 5285510
15 13 5760100
15 12 5496010
15 8 3853870
16 23 5520320
16 20 5921060
16 6 5128650
16 13 5231210
17 14 5715200
17 13 6604740
17 19 6719120
17 25 7583870
18 22 5542660
18 25 8832050
18 19 7967300
19 17 6719120
19 18 7967300
19 22 3651720
20 16 5921060
20 25 7516580
20 23 6826560
21 24 4675580
21 23 5560870
21 7 4799800
22 18 5542660
22 19 3651720
23 21 5560870
23 24 5540530
23 16 5520320
23 20 6826560
24 21 4675580
24 23 5540530
25 20 7516580
25 18 8832050
25 17 7583870
