0 4 3673630
0 2 4348720
1 2 7949250
1 5 6972070
1 3 6502620
2 1 7949250
2 0 4348720
2 4 7460970
3 4 6014340
3 1 6502620
3 5 5712250
4 0 3673630
4 3 6014340
4 2 7460970
4 11 6932630
5 1 6972070
5 3 5712250
5 7 7010010
5 6 6026570
6 8 4848660
6 7 6854880
6 5 6026570
6 11 6475410
6 16 5434850
7 6 6854880
7 21 5987430
7 5 7010010
8 6 4848660
8 10 5050330
8 15 5198330
9 12 4761810
9 10 4126900
10 15 6422780
10 8 5050330
10 11 6677080
10 9 4126900
11 4 6932630
11 6 6475410
11 10 6677080
12 9 4761810
12 14 6751020
12 13 6824040
12 15 7057690
13 12 6824040
13 15 6337130
13 17 7148340
13 16 5550870
14 17 7075320
14 12 6751020
15 10 6422780
15 13 6337130
15 12 7057690
15 8 5198330
16 23 7063170
16 20 6001450
16 6 5434850
16 13 5550870
17 14 7075320
17 13 7148340
17 19 7033120
17 25 8353530
18 22 5023650
18 25 8713580
18 19 7393170
19 17 7033120
19 18 7393170
19 22 3503520
20 16 6001450
20 25 7759250
20 23 8066360
21 24 3579370
21 23 6632310
21 7 5987430
22 18 5023650
22 19 3503520
23 21 6632310
23 24 6075140
23 16 7063170
23 20 8066360
24 21 3579370
24 23 6075140
25 20 7759250
25 18 8713580
25 17 8353530
