0 4 2842040
0 2 3170510
1 2 5353290
1 5 4711870
1 3 4479200
2 1 5353290
2 0 3170510
2 4 5006590
3 4 4132500
3 1 4479200
3 5 3819550
4 0 2842040
4 3 4132500
4 2 5006590
4 11 4754040
5 1 4711870
5 3 3819550
5 7 4458950
5 6 4299230
6 8 3329570
6 7 4705960
6 5 4299230
6 11 4688100
6 16 4331800
7 6 4705960
7 21 4323510
7 5 4458950
8 6 3329570
8 10 3306570
8 15 3367110
9 12 3071060
9 10 2831780
10 15 4560780
10 8 3306570
10 11 4665100
10 9 2831780
11 4 4754040
11 6 4688100
11 10 4665100
12 9 3071060
12 14 3218760
12 13 4781320
12 15 4800060
13 12 4781320
13 15 4602580
13 17 4384720
13 16 4350600
14 17 2822160
14 12 3218760
15 10 4560780
15 13 4602580
15 12 4800060
15 8 3367110
16 23 4786360
16 20 3355360
16 6 4331800
16 13 4350600
17 14 2822160
17 13 4384720
17 19 2982080
17 25 4051360
18 22 1800810
18 25 3536820
18 19 2467540
19 17 2982080
19 18 2467540
19 22 1111830
20 16 3355360
20 25 3255240
20 23 4024360
21 24 3396090
21 23 4618350
21 7 4323510
22 18 1800810
22 19 1111830
23 21 4618350
23 24 4233100
23 16 4786360
23 20 4024360
24 21 3396090
24 23 4233100
25 20 3255240
25 18 3536820
25 17 4051360
