0 4 2458210
0 2 2572570
1 2 4691210
1 5 4475330
1 3 3920230
2 1 4691210
2 0 2572570
2 4 4620140
3 4 3849160
3 1 3920230
3 5 3747640
4 0 2458210
4 3 3849160
4 2 4620140
4 11 4828460
5 1 4475330
5 3 3747640
5 7 4441350
5 6 4235970
6 8 3050470
6 7 4374580
6 5 4235970
6 11 4660170
6 16 3680480
7 6 4374580
7 21 3946190
7 5 4441350
8 6 3050470
8 10 3029080
8 15 2967700
9 12 2699940
9 10 2613870
10 15 4065040
10 8 3029080
10 11 4638780
10 9 2613870
11 4 4828460
11 6 4660170
11 10 4638780
12 9 2699940
12 14 3626670
12 13 4101650
12 15 4151110
13 12 4101650
13 15 3954200
13 17 4822980
13 16 3548250
14 17 4348000
14 12 3626670
15 10 4065040
15 13 3954200
15 12 4151110
15 8 2967700
16 23 4050360
16 20 3531830
16 6 3680480
16 13 3548250
17 14 4348000
17 13 4822980
17 19 4178140
17 25 5590850
18 22 2822540
18 25 5075480
18 19 3662770
19 17 4178140
19 18 3662770
19 22 1774830
20 16 3531830
20 25 4656190
20 23 4390430
21 24 3300770
21 23 4110690
21 7 3946190
22 18 2822540
22 19 1774830
23 21 4110690
23 24 4099040
23 16 4050360
23 20 4390430
24 21 3300770
24 23 4099040
25 20 4656190
25 18 5075480
25 17 5590850
