0 4 3352960
0 2 3714270
1 2 5469130
1 5 4503890
1 3 4081500
2 1 5469130
2 0 3714270
2 4 5767550
3 4 4379920
3 1 4081500
3 5 3775990
4 0 3352960
4 3 4379920
4 2 5767550
4 11 5856360
5 1 4503890
5 3 3775990
5 7 4746910
5 6 4968660
6 8 4612870
6 7 5517190
6 5 4968660
6 11 6022710
6 16 5893990
7 6 5517190
7 21 4658840
7 5 4746910
8 6 4612870
8 10 4529010
8 15 5160080
9 12 4789030
9 10 4139730
10 15 6202290
10 8 4529010
10 11 5938850
10 9 4139730
11 4 5856360
11 6 6022710
11 10 5938850
12 9 4789030
12 14 4629300
12 13 6247570
12 15 6851590
13 12 6247570
13 15 6229340
13 17 5339550
13 16 5837180
14 17 3721280
14 12 4629300
15 10 6202290
15 13 6229340
15 12 6851590
15 8 5160080
16 23 6550280
16 20 5191040
16 6 5893990
16 13 5837180
17 14 3721280
17 13 5339550
17 19 4285420
17 25 5364320
18 22 4141180
18 25 6233890
18 19 5154990
19 17 4285420
19 18 5154990
19 22 2503250
20 16 5191040
20 25 5003950
20 23 5692280
21 24 3413610
21 23 5536880
21 7 4658840
22 18 4141180
22 19 2503250
23 21 5536880
23 24 4928250
23 16 6550280
23 20 5692280
24 21 3413610
24 23 4928250
25 20 5003950
25 18 6233890
25 17 5364320
