0 4 2107530
0 2 2290360
1 2 3915370
1 5 3324390
1 3 3047150
2 1 3915370
2 0 2290360
2 4 4065730
3 4 3197510
3 1 3047150
3 5 2789360
4 0 2107530
4 3 3197510
4 2 4065730
4 11 4058340
5 1 3324390
5 3 2789360
5 7 4196580
5 6 3593790
6 8 3104330
6 7 4723770
6 5 3593790
6 11 4177380
6 16 3767370
7 6 4723770
7 21 4373640
7 5 4196580
8 6 3104330
8 10 3087870
8 15 3461210
9 12 3078430
9 10 2899750
10 15 4461400
10 8 3087870
10 11 4160920
10 9 2899750
11 4 4058340
11 6 4177380
11 10 4160920
12 9 3078430
12 14 3652910
12 13 4287230
12 15 4640080
13 12 4287230
13 15 4481890
13 17 4733920
13 16 3771400
14 17 4099600
14 12 3652910
15 10 4461400
15 13 4481890
15 12 4640080
15 8 3461210
16 23 3993870
16 20 3931720
16 6 3767370
16 13 3771400
17 14 4099600
17 13 4733920
17 19 4127070
17 25 5781610
18 22 3085260
18 25 5879310
18 19 4224770
19 17 4127070
19 18 4224770
19 22 1775830
20 16 3931720
20 25 5337050
20 23 4511830
21 24 2881910
21 23 3997350
21 7 4373640
22 18 3085260
22 19 1775830
23 21 3997350
23 24 3458540
23 16 3993870
23 20 4511830
24 21 2881910
24 23 3458540
25 20 5337050
25 18 5879310
25 17 5781610
