0 4 2529460
0 2 3076380
1 2 5469660
1 5 4678440
1 3 4171890
2 1 5469660
2 0 3076380
2 4 5452320
3 4 4154550
3 1 4171890
3 5 3910250
4 0 2529460
4 3 4154550
4 2 5452320
4 11 4864680
5 1 4678440
5 3 3910250
5 7 4138030
5 6 4217150
6 8 2898210
6 7 3938380
6 5 4217150
6 11 4420730
6 16 3300310
7 6 3938380
7 21 3125450
7 5 4138030
8 6 2898210
8 10 3069820
8 15 3100930
9 12 3302040
9 10 3012940
10 15 4391830
10 8 3069820
10 11 4592340
10 9 3012940
11 4 4864680
11 6 4420730
11 10 4592340
12 9 3302040
12 14 3845860
12 13 4696220
12 15 4680930
13 12 4696220
13 15 4438230
13 17 5012830
13 16 3518320
14 17 4162470
14 12 3845860
15 10 4391830
15 13 4438230
15 12 4680930
15 8 3100930
16 23 3135630
16 20 3221340
16 6 3300310
16 13 3518320
17 14 4162470
17 13 5012830
17 19 4684330
17 25 5205100
18 22 3133300
18 25 5183460
18 19 4662690
19 17 4684330
19 18 4662690
19 22 2267130
20 16 3221340
20 25 4348810
20 23 3773850
21 24 2547460
21 23 3039890
21 7 3125450
22 18 3133300
22 19 2267130
23 21 3039890
23 24 3195710
23 16 3135630
23 20 3773850
24 21 2547460
24 23 3195710
25 20 4348810
25 18 5183460
25 17 5205100
