0 4 3638400
0 2 6037620
1 2 9049460
1 5 6068030
1 3 5808650
2 1 9049460
2 0 6037620
2 4 8542060
3 4 5301250
3 1 5808650
3 5 4719040
4 0 3638400
4 3 5301250
4 2 8542060
4 11 6414100
5 1 6068030
5 3 4719040
5 7 5904680
5 6 5341110
6 8 4461210
6 7 6267370
6 5 5341110
6 11 6194580
6 16 5167740
7 6 6267370
7 21 6244860
7 5 5904680
8 6 4461210
8 10 5017000
8 15 4820690
9 12 4508540
9 10 4769560
10 15 6619070
10 8 5017000
10 11 6750370
10 9 4769560
11 4 6414100
11 6 6194580
11 10 6750370
12 9 4508540
12 14 5012350
12 13 6121730
12 15 6358050
13 12 6121730
13 15 6186440
13 17 6693790
13 16 5290900
14 17 5584410
14 12 5012350
15 10 6619070
15 13 6186440
15 12 6358050
15 8 4820690
16 23 6313380
16 20 4732870
16 6 5167740
16 13 5290900
17 14 5584410
17 13 6693790
17 19 5713020
17 25 7302250
18 22 2564050
18 25 5902140
18 19 4312910
19 17 5713020
19 18 4312910
19 22 2239720
20 16 4732870
20 25 6000550
20 23 6414570
21 24 4549100
21 23 6826930
21 7 6244860
22 18 2564050
22 19 2239720
23 21 6826930
23 24 5717250
23 16 6313380
23 20 6414570
24 21 4549100
24 23 5717250
25 20 6000550
25 18 5902140
25 17 7302250
