0 4 3150500
0 2 4954480
1 2 8107610
1 5 6580250
1 3 6005910
2 1 8107610
2 0 4954480
2 4 7585780
3 4 5484080
3 1 6005910
3 5 5760700
4 0 3150500
4 3 5484080
4 2 7585780
4 11 6041300
5 1 6580250
5 3 5760700
5 7 7518650
5 6 6809420
6 8 5443620
6 7 7993030
6 5 6809420
6 11 6792300
6 16 5918340
7 6 7993030
7 21 7360080
7 5 7518650
8 6 5443620
8 10 4818970
8 15 4809810
9 12 3965250
9 10 4064650
10 15 6025340
10 8 4818970
10 11 6167650
10 9 4064650
11 4 6041300
11 6 6792300
11 10 6167650
12 9 3965250
12 14 4688910
12 13 5429450
12 15 5925940
13 12 5429450
13 15 5519690
13 17 5811840
13 16 4788040
14 17 5071300
14 12 4688910
15 10 6025340
15 13 5519690
15 12 5925940
15 8 4809810
16 23 6800610
16 20 5929400
16 6 5918340
16 13 4788040
17 14 5071300
17 13 5811840
17 19 5442380
17 25 7210390
18 22 4397910
18 25 7856080
18 19 6088070
19 17 5442380
19 18 6088070
19 22 2594120
20 16 5929400
20 25 7563110
20 23 8177130
21 24 5942940
21 23 7533120
21 7 7360080
22 18 4397910
22 19 2594120
23 21 7533120
23 24 7458160
23 16 6800610
23 20 8177130
24 21 5942940
24 23 7458160
25 20 7563110
25 18 7856080
25 17 7210390
