0 4 2545120
0 2 2865960
1 2 5503330
1 5 4603170
1 3 4607440
2 1 5503330
2 0 2865960
2 4 5095000
3 4 4199110
3 1 4607440
3 5 3619790
4 0 2545120
4 3 4199110
4 2 5095000
4 11 4803440
5 1 4603170
5 3 3619790
5 7 4664640
5 6 3787880
6 8 2863050
6 7 4837000
6 5 3787880
6 11 4396480
6 16 3706370
7 6 4837000
7 21 4776800
7 5 4664640
8 6 2863050
8 10 2822700
8 15 2794950
9 12 2681320
9 10 2685870
10 15 3851790
10 8 2822700
10 11 4356130
10 9 2685870
11 4 4803440
11 6 4396480
11 10 4356130
12 9 2681320
12 14 3365130
12 13 3998190
12 15 3847240
13 12 3998190
13 15 3974990
13 17 4534220
13 16 3789220
14 17 3901160
14 12 3365130
15 10 3851790
15 13 3974990
15 12 3847240
15 8 2794950
16 23 4287540
16 20 3252340
16 6 3706370
16 13 3789220
17 14 3901160
17 13 4534220
17 19 3983670
17 25 4828140
18 22 3023710
18 25 5224650
18 19 4380180
19 17 3983670
19 18 4380180
19 22 1668370
20 16 3252340
20 25 3882980
20 23 4087380
21 24 3285580
21 23 4481210
21 7 4776800
22 18 3023710
22 19 1668370
23 21 4481210
23 24 3926950
23 16 4287540
23 20 4087380
24 21 3285580
24 23 3926950
25 20 3882980
25 18 5224650
25 17 4828140
