0 4 2357740
0 2 3711580
1 2 5995530
1 5 4636190
1 3 4317100
2 1 5995530
2 0 3711580
2 4 5509920
3 4 3831490
3 1 4317100
3 5 3825990
4 0 2357740
4 3 3831490
4 2 5509920
4 11 4590810
5 1 4636190
5 3 3825990
5 7 3882890
5 6 3840160
6 8 2569000
6 7 3577970
6 5 3840160
6 11 4280390
6 16 4171120
7 6 3577970
7 21 3619840
7 5 3882890
8 6 2569000
8 10 3178560
8 15 3076500
9 12 3926300
9 10 3454920
10 15 4652300
10 8 3178560
10 11 4889950
10 9 3454920
11 4 4590810
11 6 4280390
11 10 4889950
12 9 3926300
12 14 4138670
12 13 5660360
12 15 5123680
13 12 5660360
13 15 5086920
13 17 4988280
13 16 5215300
14 17 3466590
14 12 4138670
15 10 4652300
15 13 5086920
15 12 5123680
15 8 3076500
16 23 5617320
16 20 4315450
16 6 4171120
16 13 5215300
17 14 3466590
17 13 4988280
17 19 3629360
17 25 4499230
18 22 2643150
18 25 4412410
18 19 3542540
19 17 3629360
19 18 3542540
19 22 2006370
20 16 4315450
20 25 4234700
20 23 5125770
21 24 3189260
21 23 5023310
21 7 3619840
22 18 2643150
22 19 2006370
23 21 5023310
23 24 4593590
23 16 5617320
23 20 5125770
24 21 3189260
24 23 4593590
25 20 4234700
25 18 4412410
25 17 4499230
