0 4 3044430
0 2 3422940
1 2 6993510
1 5 6603030
1 3 6051470
2 1 6993510
2 0 3422940
2 4 6255110
3 4 5313070
3 1 6051470
3 5 5301100
4 0 3044430
4 3 5313070
4 2 6255110
4 11 6062300
5 1 6603030
5 3 5301100
5 7 6063790
5 6 5768830
6 8 4595110
6 7 5979960
6 5 5768830
6 11 5966500
6 16 4721790
7 6 5979960
7 21 5596290
7 5 6063790
8 6 4595110
8 10 4610210
8 15 4784870
9 12 3938580
9 10 4008650
10 15 5889860
10 8 4610210
10 11 5981600
10 9 4008650
11 4 6062300
11 6 5966500
11 10 5981600
12 9 3938580
12 14 4064790
12 13 5322400
12 15 5819790
13 12 5322400
13 15 5567130
13 17 5043540
13 16 4414160
14 17 3785930
14 12 4064790
15 10 5889860
15 13 5567130
15 12 5819790
15 8 4784870
16 23 4887610
16 20 4399530
16 6 4721790
16 13 4414160
17 14 3785930
17 13 5043540
17 19 4249230
17 25 5159680
18 22 2658340
18 25 5193430
18 19 4282980
19 17 4249230
19 18 4282980
19 22 1856480
20 16 4399530
20 25 5171250
20 23 5528560
21 24 4074260
21 23 5467150
21 7 5596290
22 18 2658340
22 19 1856480
23 21 5467150
23 24 4623750
23 16 4887610
23 20 5528560
24 21 4074260
24 23 4623750
25 20 5171250
25 18 5193430
25 17 5159680
