0 4 3419610
0 2 3974250
1 2 7748400
1 5 7224660
1 3 6614070
2 1 7748400
2 0 3974250
2 4 6672780
3 4 5538450
3 1 6614070
3 5 5569350
4 0 3419610
4 3 5538450
4 2 6672780
4 11 6369650
5 1 7224660
5 3 5569350
5 7 6363350
5 6 5981970
6 8 4225240
6 7 6165380
6 5 5981970
6 11 6202580
6 16 5833800
7 6 6165380
7 21 5596250
7 5 6363350
8 6 4225240
8 10 5094230
8 15 4436180
9 12 4318680
9 10 4990930
10 15 6863930
10 8 5094230
10 11 7071570
10 9 4990930
11 4 6369650
11 6 6202580
11 10 7071570
12 9 4318680
12 14 4241580
12 13 6013940
12 15 6191680
13 12 6013940
13 15 6028140
13 17 5548960
13 16 5867000
14 17 3776600
14 12 4241580
15 10 6863930
15 13 6028140
15 12 6191680
15 8 4436180
16 23 6269970
16 20 4602660
16 6 5833800
16 13 5867000
17 14 3776600
17 13 5548960
17 19 4797950
17 25 5230240
18 22 3930830
18 25 6099400
18 19 5667110
19 17 4797950
19 18 5667110
19 22 2612100
20 16 4602660
20 25 4267340
20 23 4989030
21 24 4723070
21 23 5651040
21 7 5596250
22 18 3930830
22 19 2612100
23 21 5651040
23 24 5728370
23 16 6269970
23 20 4989030
24 21 4723070
24 23 5728370
25 20 4267340
25 18 6099400
25 17 5230240
