0 4 3783780
0 2 3965940
1 2 7247210
1 5 7491810
1 3 5918510
2 1 7247210
2 0 3965940
2 4 7158260
3 4 5829560
3 1 5918510
3 5 6256320
4 0 3783780
4 3 5829560
4 2 7158260
4 11 7083100
5 1 7491810
5 3 6256320
5 7 6974950
5 6 7171910
6 8 4729410
6 7 6317240
6 5 7171910
6 11 6852150
6 16 5518970
7 6 6317240
7 21 4754890
7 5 6974950
8 6 4729410
8 10 4472480
8 15 4792760
9 12 3874650
9 10 4102120
10 15 6320620
10 8 4472480
10 11 6595220
10 9 4102120
11 4 7083100
11 6 6852150
11 10 6595220
12 9 3874650
12 14 4409510
12 13 5513980
12 15 6093150
13 12 5513980
13 15 6061730
13 17 5896690
13 16 5003150
14 17 4792220
14 12 4409510
15 10 6320620
15 13 6061730
15 12 6093150
15 8 4792760
16 23 4837180
16 20 4711310
16 6 5518970
16 13 5003150
17 14 4792220
17 13 5896690
17 19 4602030
17 25 7271240
18 22 3074960
18 25 6808200
18 19 4138990
19 17 4602030
19 18 4138990
19 22 1829210
20 16 4711310
20 25 6565270
20 23 5024750
21 24 2865480
21 23 4270060
21 7 4754890
22 18 3074960
22 19 1829210
23 21 4270060
23 24 3746040
23 16 4837180
23 20 5024750
24 21 2865480
24 23 3746040
25 20 6565270
25 18 6808200
25 17 7271240
