0 4 3154870
0 2 4567230
1 2 6612810
1 5 5698600
1 3 4323070
2 1 6612810
2 0 4567230
2 4 6718460
3 4 4428720
3 1 4323070
3 5 4926870
4 0 3154870
4 3 4428720
4 2 6718460
4 11 5558130
5 1 5698600
5 3 4926870
5 7 5398080
5 6 5856310
6 8 4368530
6 7 4951990
6 5 5856310
6 11 5610190
6 16 5502200
7 6 4951990
7 21 3913540
7 5 5398080
8 6 4368530
8 10 4592890
8 15 4711050
9 12 4544030
9 10 3932250
10 15 5977100
10 8 4592890
10 11 5834550
10 9 3932250
11 4 5558130
11 6 5610190
11 10 5834550
12 9 4544030
12 14 5948820
12 13 7065940
12 15 6588880
13 12 7065940
13 15 6572320
13 17 7873750
13 16 6321780
14 17 6756630
14 12 5948820
15 10 5977100
15 13 6572320
15 12 6588880
15 8 4711050
16 23 6443960
16 20 5389030
16 6 5502200
16 13 6321780
17 14 6756630
17 13 7873750
17 19 7550560
17 25 8184090
18 22 5821410
18 25 9141080
18 19 8507550
19 17 7550560
19 18 8507550
19 22 3716860
20 16 5389030
20 25 6426970
20 23 6238810
21 24 3409270
21 23 5313530
21 7 3913540
22 18 5821410
22 19 3716860
23 21 5313530
23 24 5389480
23 16 6443960
23 20 6238810
24 21 3409270
24 23 5389480
25 20 6426970
25 18 9141080
25 17 8184090
