0 4 2272510
0 2 2911520
1 2 5420340
1 5 4965660
1 3 4562860
2 1 5420340
2 0 2911520
2 4 4767110
3 4 3909630
3 1 4562860
3 5 4093960
4 0 2272510
4 3 3909630
4 2 4767110
4 11 4216800
5 1 4965660
5 3 4093960
5 7 4927690
5 6 4856280
6 8 3903740
6 7 5287210
6 5 4856280
6 11 4760650
6 16 4256840
7 6 5287210
7 21 4131520
7 5 4927690
8 6 3903740
8 10 2995510
8 15 3508990
9 12 2831090
9 10 2382010
10 15 3912820
10 8 2995510
10 11 3852420
10 9 2382010
11 4 4216800
11 6 4760650
11 10 3852420
12 9 2831090
12 14 3783740
12 13 4222270
12 15 4361900
13 12 4222270
13 15 4286670
13 17 4968920
13 16 3722460
14 17 4530390
14 12 3783740
15 10 3912820
15 13 4286670
15 12 4361900
15 8 3508990
16 23 4816990
16 20 4014390
16 6 4256840
16 13 3722460
17 14 4530390
17 13 4968920
17 19 5027940
17 25 5884380
18 22 3282890
18 25 5736860
18 19 4880420
19 17 5027940
19 18 4880420
19 22 2667550
20 16 4014390
20 25 5354430
20 23 5533500
21 24 2406790
21 23 4620260
21 7 4131520
22 18 3282890
22 19 2667550
23 21 4620260
23 24 4122630
23 16 4816990
23 20 5533500
24 21 2406790
24 23 4122630
25 20 5354430
25 18 5736860
25 17 5884380
