0 4 2818820
0 2 2691610
1 2 4767330
1 5 4880150
1 3 4215300
2 1 4767330
2 0 2691610
2 4 4816030
3 4 4264000
3 1 4215300
3 5 4249610
4 0 2818820
4 3 4264000
4 2 4816030
4 11 5386300
5 1 4880150
5 3 4249610
5 7 5083610
5 6 5238900
6 8 4628440
6 7 5408050
6 5 5238900
6 11 5696350
6 16 4668720
7 6 5408050
7 21 4130720
7 5 5083610
8 6 4628440
8 10 4145250
8 15 4741680
9 12 3107860
9 10 3135010
10 15 5193390
10 8 4145250
10 11 5213160
10 9 3135010
11 4 5386300
11 6 5696350
11 10 5213160
12 9 3107860
12 14 3334260
12 13 4342630
12 15 5166240
13 12 4342630
13 15 4966210
13 17 4235680
13 16 3958350
14 17 3227310
14 12 3334260
15 10 5193390
15 13 4966210
15 12 5166240
15 8 4741680
16 23 4323150
16 20 3694310
16 6 4668720
16 13 3958350
17 14 3227310
17 13 4235680
17 19 3358500
17 25 4558080
18 22 2581980
18 25 4865970
18 19 3666390
19 17 3358500
19 18 3666390
19 22 1303830
20 16 3694310
20 25 4200960
20 23 4243360
21 24 3209550
21 23 3940440
21 7 4130720
22 18 2581980
22 19 1303830
23 21 3940440
23 24 4141310
23 16 4323150
23 20 4243360
24 21 3209550
24 23 4141310
25 20 4200960
25 18 4865970
25 17 4558080
