0 4 3308460
0 2 4709000
1 2 7923000
1 5 6464340
1 3 6005220
2 1 7923000
2 0 4709000
2 4 7455500
3 4 5537720
3 1 6005220
3 5 5479600
4 0 3308460
4 3 5537720
4 2 7455500
4 11 5861990
5 1 6464340
5 3 5479600
5 7 6005900
5 6 5736650
6 8 3923550
6 7 5803830
6 5 5736650
6 11 5601800
6 16 4828270
7 6 5803830
7 21 5061880
7 5 6005900
8 6 3923550
8 10 3799700
8 15 3606390
9 12 3803670
9 10 3532600
10 15 5093570
10 8 3799700
10 11 5477950
10 9 3532600
11 4 5861990
11 6 5601800
11 10 5477950
12 9 3803670
12 14 4207480
12 13 5221700
12 15 5364640
13 12 5221700
13 15 4757320
13 17 4804980
13 16 4368170
14 17 3790760
14 12 4207480
15 10 5093570
15 13 4757320
15 12 5364640
15 8 3606390
16 23 5750610
16 20 4176590
16 6 4828270
16 13 4368170
17 14 3790760
17 13 4804980
17 19 4712290
17 25 5012910
18 22 4397880
18 25 6399610
18 19 6098990
19 17 4712290
19 18 6098990
19 22 2727890
20 16 4176590
20 25 4630730
20 23 5805240
21 24 4127110
21 23 5714970
21 7 5061880
22 18 4397880
22 19 2727890
23 21 5714970
23 24 5791400
23 16 5750610
23 20 5805240
24 21 4127110
24 23 5791400
25 20 4630730
25 18 6399610
25 17 5012910
