0 4 3769240
0 2 5218600
1 2 9185210
1 5 7867570
1 3 7601730
2 1 9185210
2 0 5218600
2 4 7929940
3 4 6346460
3 1 7601730
3 5 6478180
4 0 3769240
4 3 6346460
4 2 7929940
4 11 6715910
5 1 7867570
5 3 6478180
5 7 6494600
5 6 6322090
6 8 5181800
6 7 6072670
6 5 6322090
6 11 6425700
6 16 5409910
7 6 6072670
7 21 5907890
7 5 6494600
8 6 5181800
8 10 5620920
8 15 5877580
9 12 5930220
9 10 4915040
10 15 7035060
10 8 5620920
10 11 6864820
10 9 4915040
11 4 6715910
11 6 6425700
11 10 6864820
12 9 5930220
12 14 6512820
12 13 7914330
12 15 8050240
13 12 7914330
13 15 7155810
13 17 7743220
13 16 5969780
14 17 6341710
14 12 6512820
15 10 7035060
15 13 7155810
15 12 8050240
15 8 5877580
16 23 6969380
16 20 5623890
16 6 5409910
16 13 5969780
17 14 6341710
17 13 7743220
17 19 6406180
17 25 9245470
18 22 5301240
18 25 10065900
18 19 7226610
19 17 6406180
19 18 7226610
19 22 2420450
20 16 5623890
20 25 8176260
20 23 7673610
21 24 4921920
21 23 7294850
21 7 5907890
22 18 5301240
22 19 2420450
23 21 7294850
23 24 6646170
23 16 6969380
23 20 7673610
24 21 4921920
24 23 6646170
25 20 8176260
25 18 10065900
25 17 9245470
