0 4 2212050
0 2 2191960
1 2 4454710
1 5 4478090
1 3 4091560
2 1 4454710
2 0 2191960
2 4 4202190
3 4 3839040
3 1 4091560
3 5 3842330
4 0 2212050
4 3 3839040
4 2 4202190
4 11 4352710
5 1 4478090
5 3 3842330
5 7 4815700
5 6 4540040
6 8 3900910
6 7 5126880
6 5 4540040
6 11 4667180
6 16 3780060
7 6 5126880
7 21 4422550
7 5 4815700
8 6 3900910
8 10 3571340
8 15 4241480
9 12 3353010
9 10 3148650
10 15 4862220
10 8 3571340
10 11 4337610
10 9 3148650
11 4 4352710
11 6 4667180
11 10 4337610
12 9 3353010
12 14 3656540
12 13 4186540
12 15 5066580
13 12 4186540
13 15 4652320
13 17 4596320
13 16 3240590
14 17 4066320
14 12 3656540
15 10 4862220
15 13 4652320
15 12 5066580
15 8 4241480
16 23 3459300
16 20 3322490
16 6 3780060
16 13 3240590
17 14 4066320
17 13 4596320
17 19 4482380
17 25 5281110
18 22 3706960
18 25 5972720
18 19 5173990
19 17 4482380
19 18 5173990
19 22 2077370
20 16 3322490
20 25 4538970
20 23 4072890
21 24 3417080
21 23 3826130
21 7 4422550
22 18 3706960
22 19 2077370
23 21 3826130
23 24 3800650
23 16 3459300
23 20 4072890
24 21 3417080
24 23 3800650
25 20 4538970
25 18 5972720
25 17 5281110
