0 4 3798570
0 2 3742180
1 2 7269850
1 5 7227550
1 3 6496030
2 1 7269850
2 0 3742180
2 4 6821150
3 4 6047330
3 1 6496030
3 5 5948640
4 0 3798570
4 3 6047330
4 2 6821150
4 11 6959750
5 1 7227550
5 3 5948640
5 7 6007670
5 6 6260200
6 8 4268600
6 7 5587710
6 5 6260200
6 11 6441100
6 16 5750210
7 6 5587710
7 21 5288240
7 5 6007670
8 6 4268600
8 10 4516600
8 15 4634220
9 12 4421400
9 10 4198290
10 15 6453860
10 8 4516600
10 11 6689100
10 9 4198290
11 4 6959750
11 6 6441100
11 10 6689100
12 9 4421400
12 14 4996800
12 13 6973400
12 15 6676970
13 12 6973400
13 15 6867910
13 17 6986470
13 16 6412260
14 17 5009870
14 12 4996800
15 10 6453860
15 13 6867910
15 12 6676970
15 8 4634220
16 23 7411090
16 20 6027610
16 6 5750210
16 13 6412260
17 14 5009870
17 13 6986470
17 19 6106230
17 25 7020180
18 22 4108880
18 25 7213880
18 19 6299930
19 17 6106230
19 18 6299930
19 22 3212810
20 16 6027610
20 25 6813400
20 23 7778520
21 24 4329510
21 23 7201650
21 7 5288240
22 18 4108880
22 19 3212810
23 21 7201650
23 24 6289860
23 16 7411090
23 20 7778520
24 21 4329510
24 23 6289860
25 20 6813400
25 18 7213880
25 17 7020180
