0 4 2693640
0 2 3363310
1 2 5275540
1 5 4326710
1 3 3740070
2 1 5275540
2 0 3363310
2 4 5660350
3 4 4124880
3 1 3740070
3 5 3845720
4 0 2693640
4 3 4124880
4 2 5660350
4 11 5266780
5 1 4326710
5 3 3845720
5 7 5993750
5 6 5376420
6 8 4419090
6 7 6937810
6 5 5376420
6 11 5931680
6 16 6058210
7 6 6937810
7 21 6523370
7 5 5993750
8 6 4419090
8 10 3374440
8 15 3676050
9 12 3154070
9 10 2731550
10 15 4532790
10 8 3374440
10 11 4887030
10 9 2731550
11 4 5266780
11 6 5931680
11 10 4887030
12 9 3154070
12 14 4633770
12 13 5306430
12 15 4955310
13 12 5306430
13 15 5185520
13 17 6162520
13 16 5666290
14 17 5489860
14 12 4633770
15 10 4532790
15 13 5185520
15 12 4955310
15 8 3676050
16 23 7037350
16 20 5329320
16 6 6058210
16 13 5666290
17 14 5489860
17 13 6162520
17 19 5907070
17 25 6367900
18 22 4369700
18 25 6663700
18 19 6202870
19 17 5907070
19 18 6202870
19 22 3192570
20 16 5329320
20 25 5405050
20 23 6570730
21 24 5361310
21 23 6885180
21 7 6523370
22 18 4369700
22 19 3192570
23 21 6885180
23 24 6754890
23 16 7037350
23 20 6570730
24 21 5361310
24 23 6754890
25 20 5405050
25 18 6663700
25 17 6367900
