0 4 3387990
0 2 3679760
1 2 6218430
1 5 6179090
1 3 5087930
2 1 6218430
2 0 3679760
2 4 6109670
3 4 4979170
3 1 5087930
3 5 5231600
4 0 3387990
4 3 4979170
4 2 6109670
4 11 6088390
5 1 6179090
5 3 5231600
5 7 5769650
5 6 6161820
6 8 4484810
6 7 5608710
6 5 6161820
6 11 6179880
6 16 5877910
7 6 5608710
7 21 4714820
7 5 5769650
8 6 4484810
8 10 4305060
8 15 4397140
9 12 3884770
9 10 3638660
10 15 5733460
10 8 4305060
10 11 6000130
10 9 3638660
11 4 6088390
11 6 6179880
11 10 6000130
12 9 3884770
12 14 5497590
12 13 6148880
12 15 5979570
13 12 6148880
13 15 5994850
13 17 7417170
13 16 5959550
14 17 6765880
14 12 5497590
15 10 5733460
15 13 5994850
15 12 5979570
15 8 4397140
16 23 6548580
16 20 6140530
16 6 5877910
16 13 5959550
17 14 6765880
17 13 7417170
17 19 7577750
17 25 8639920
18 22 4584380
18 25 8446480
18 19 7384310
19 17 7577750
19 18 7384310
19 22 3685390
20 16 6140530
20 25 7567890
20 23 6934170
21 24 3903570
21 23 5777660
21 7 4714820
22 18 4584380
22 19 3685390
23 21 5777660
23 24 5468130
23 16 6548580
23 20 6934170
24 21 3903570
24 23 5468130
25 20 7567890
25 18 8446480
25 17 8639920
