0 4 3922190
0 2 4080270
1 2 6157140
1 5 5469020
1 3 4722610
2 1 6157140
2 0 4080270
2 4 6697160
3 4 5262630
3 1 4722610
3 5 4732590
4 0 3922190
4 3 5262630
4 2 6697160
4 11 6529080
5 1 5469020
5 3 4732590
5 7 5156410
5 6 5256120
6 8 3823770
6 7 4933530
6 5 5256120
6 11 5776160
6 16 4474720
7 6 4933530
7 21 4166610
7 5 5156410
8 6 3823770
8 10 4283810
8 15 4209000
9 12 3891490
9 10 4211150
10 15 5878510
10 8 4283810
10 11 6236200
10 9 4211150
11 4 6529080
11 6 5776160
11 10 6236200
12 9 3891490
12 14 4409370
12 13 4860120
12 15 5558850
13 12 4860120
13 15 5104970
13 17 5069390
13 16 4161220
14 17 4618640
14 12 4409370
15 10 5878510
15 13 5104970
15 12 5558850
15 8 4209000
16 23 4280760
16 20 4166510
16 6 4474720
16 13 4161220
17 14 4618640
17 13 5069390
17 19 4522180
17 25 6214310
18 22 3091200
18 25 6069410
18 19 4377280
19 17 4522180
19 18 4377280
19 22 2025740
20 16 4166510
20 25 5556450
20 23 4531070
21 24 3012330
21 23 4072360
21 7 4166610
22 18 3091200
22 19 2025740
23 21 4072360
23 24 3585290
23 16 4280760
23 20 4531070
24 21 3012330
24 23 3585290
25 20 5556450
25 18 6069410
25 17 6214310
