0 4 2807720
0 2 3214460
1 2 6284980
1 5 6080230
1 3 5463410
2 1 6284980
2 0 3214460
2 4 5555480
3 4 4733910
3 1 5463410
3 5 4935900
4 0 2807720
4 3 4733910
4 2 5555480
4 11 5381600
5 1 6080230
5 3 4935900
5 7 5787510
5 6 5198590
6 8 3381540
6 7 5433380
6 5 5198590
6 11 5229460
6 16 4637930
7 6 5433380
7 21 4921140
7 5 5787510
8 6 3381540
8 10 3421050
8 15 3216270
9 12 2736450
9 10 3149670
10 15 4718700
10 8 3421050
10 11 5268970
10 9 3149670
11 4 5381600
11 6 5229460
11 10 5268970
12 9 2736450
12 14 3592420
12 13 4194690
12 15 4305480
13 12 4194690
13 15 4403130
13 17 4264440
13 16 4361870
14 17 3662170
14 12 3592420
15 10 4718700
15 13 4403130
15 12 4305480
15 8 3216270
16 23 4861020
16 20 3834020
16 6 4637930
16 13 4361870
17 14 3662170
17 13 4264440
17 19 2752090
17 25 5275400
18 22 2201230
18 25 5033690
18 19 2510380
19 17 2752090
19 18 2510380
19 22 958490
20 16 3834020
20 25 4775450
20 23 4263640
21 24 4329540
21 23 4555310
21 7 4921140
22 18 2201230
22 19 958490
23 21 4555310
23 24 5064870
23 16 4861020
23 20 4263640
24 21 4329540
24 23 5064870
25 20 4775450
25 18 5033690
25 17 5275400
