0 4 3879060
0 2 4832860
1 2 9025500
1 5 7693090
1 3 7393650
2 1 9025500
2 0 4832860
2 4 8260160
3 4 6628310
3 1 7393650
3 5 6249700
4 0 3879060
4 3 6628310
4 2 8260160
4 11 7256520
5 1 7693090
5 3 6249700
5 7 6485560
5 6 6710420
6 8 5099200
6 7 6646840
6 5 6710420
6 11 7039190
6 16 5395190
7 6 6646840
7 21 5356020
7 5 6485560
8 6 5099200
8 10 5309270
8 15 5382570
9 12 3470800
9 10 4648810
10 15 7365140
10 8 5309270
10 11 7249260
10 9 4648810
11 4 7256520
11 6 7039190
11 10 7249260
12 9 3470800
12 14 3480080
12 13 5237250
12 15 6187130
13 12 5237250
13 15 6488560
13 17 5663050
13 16 4728680
14 17 3905880
14 12 3480080
15 10 7365140
15 13 6488560
15 12 6187130
15 8 5382570
16 23 4178740
16 20 4221390
16 6 5395190
16 13 4728680
17 14 3905880
17 13 5663050
17 19 5225340
17 25 5829850
18 22 4152900
18 25 6788950
18 19 6184440
19 17 5225340
19 18 6184440
19 22 2631720
20 16 4221390
20 25 5198190
20 23 4481450
21 24 4326900
21 23 4364430
21 7 5356020
22 18 4152900
22 19 2631720
23 21 4364430
23 24 4401270
23 16 4178740
23 20 4481450
24 21 4326900
24 23 4401270
25 20 5198190
25 18 6788950
25 17 5829850
