0 4 3248750
0 2 3397340
1 2 6264770
1 5 6093240
1 3 5249980
2 1 6264770
2 0 3397340
2 4 6197150
3 4 5182360
3 1 5249980
3 5 5159420
4 0 3248750
4 3 5182360
4 2 6197150
4 11 6070640
5 1 6093240
5 3 5159420
5 7 6134160
5 6 5802250
6 8 3807970
6 7 5933730
6 5 5802250
6 11 5847270
6 16 4705710
7 6 5933730
7 21 5290630
7 5 6134160
8 6 3807970
8 10 3404070
8 15 3339320
9 12 2849520
9 10 3243790
10 15 4729270
10 8 3404070
10 11 5443370
10 9 3243790
11 4 6070640
11 6 5847270
11 10 5443370
12 9 2849520
12 14 3254580
12 13 4159090
12 15 4335000
13 12 4159090
13 15 4488610
13 17 4761980
13 16 4061150
14 17 3857470
14 12 3254580
15 10 4729270
15 13 4488610
15 12 4335000
15 8 3339320
16 23 5274390
16 20 3504570
16 6 4705710
16 13 4061150
17 14 3857470
17 13 4761980
17 19 4005830
17 25 5236400
18 22 2830530
18 25 5348890
18 19 4118320
19 17 4005830
19 18 4118320
19 22 1512610
20 16 3504570
20 25 4230540
20 23 4969360
21 24 4003460
21 23 5527400
21 7 5290630
22 18 2830530
22 19 1512610
23 21 5527400
23 24 5215240
23 16 5274390
23 20 4969360
24 21 4003460
24 23 5215240
25 20 4230540
25 18 5348890
25 17 5236400
