0 4 2248610
0 2 2901200
1 2 4131530
1 5 2932020
1 3 2605890
2 1 4131530
2 0 2901200
2 4 4499530
3 4 2973890
3 1 2605890
3 5 2426970
4 0 2248610
4 3 2973890
4 2 4499530
4 11 3693440
5 1 2932020
5 3 2426970
5 7 3232820
5 6 3034770
6 8 2408250
6 7 3514490
6 5 3034770
6 11 3428190
6 16 3450510
7 6 3514490
7 21 3130600
7 5 3232820
8 6 2408250
8 10 2273840
8 15 2533560
9 12 2556160
9 10 2088680
10 15 3307340
10 8 2273840
10 11 3293780
10 9 2088680
11 4 3693440
11 6 3428190
11 10 3293780
12 9 2556160
12 14 3117260
12 13 3978310
12 15 3774820
13 12 3978310
13 15 3770550
13 17 3971570
13 16 3779310
14 17 3110520
14 12 3117260
15 10 3307340
15 13 3770550
15 12 3774820
15 8 2533560
16 23 5172480
16 20 4385690
16 6 3450510
16 13 3779310
17 14 3110520
17 13 3971570
17 19 3533750
17 25 4897120
18 22 2882700
18 25 5341630
18 19 3978260
19 17 3533750
19 18 3978260
19 22 2002840
20 16 4385690
20 25 5505970
20 23 5973590
21 24 2166960
21 23 4654520
21 7 3130600
22 18 2882700
22 19 2002840
23 21 4654520
23 24 4272820
23 16 5172480
23 20 5973590
24 21 2166960
24 23 4272820
25 20 5505970
25 18 5341630
25 17 4897120
