0 4 160930
0 2 17360
1 2 979110
1 5 1218020
1 3 409760
2 1 979110
2 0 17360
2 4 358450
3 4 468880
3 1 409760
3 5 76580
4 0 160930
4 3 468880
4 2 358450
4 11 1038490
5 1 1218020
5 3 76580
5 7 571950
5 6 815670
6 8 231360
6 7 256260
6 5 815670
6 11 120610
6 16 723620
7 6 256260
7 21 742640
7 5 571950
8 6 231360
8 10 23900
8 15 255020
9 12 115340
9 10 46850
10 15 887180
10 8 23900
10 11 898920
10 9 46850
11 4 1038490
11 6 120610
11 10 898920
12 9 115340
12 14 277350
12 13 168470
12 15 507930
13 12 168470
13 15 630980
13 17 737340
13 16 365270
14 17 311250
14 12 277350
15 10 887180
15 13 630980
15 12 507930
15 8 255020
16 23 776400
16 20 305320
16 6 723620
16 13 365270
17 14 311250
17 13 737340
17 19 115250
17 25 769640
18 22 39390
18 25 1244140
18 19 37060
19 17 115250
19 18 37060
19 22 51540
20 16 305320
20 25 785000
20 23 516640
21 24 330120
21 23 435400
21 7 742640
22 18 39390
22 19 51540
23 21 435400
23 24 473210
23 16 776400
23 20 516640
24 21 330120
24 23 473210
25 20 785000
25 18 1244140
25 17 769640
