0 4 159280
0 2 66380
1 2 1061680
1 5 1435550
1 3 127790
2 1 1061680
2 0 66380
2 4 1063840
3 4 202810
3 1 127790
3 5 100450
4 0 159280
4 3 202810
4 2 1063840
4 11 1577140
5 1 1435550
5 3 100450
5 7 535600
5 6 1093190
6 8 87170
6 7 254260
6 5 1093190
6 11 154180
6 16 1082630
7 6 254260
7 21 945550
7 5 535600
8 6 87170
8 10 64500
8 15 100510
9 12 82950
9 10 68650
10 15 1344910
10 8 64500
10 11 1446630
10 9 68650
11 4 1577140
11 6 154180
11 10 1446630
12 9 82950
12 14 549430
12 13 414670
12 15 656020
13 12 414670
13 15 894750
13 17 879860
13 16 712770
14 17 535570
14 12 549430
15 10 1344910
15 13 894750
15 12 656020
15 8 100510
16 23 1024920
16 20 750090
16 6 1082630
16 13 712770
17 14 535570
17 13 879860
17 19 173690
17 25 1013570
18 22 73690
18 25 1988700
18 19 96550
19 17 173690
19 18 96550
19 22 88780
20 16 750090
20 25 1736240
20 23 966290
21 24 546320
21 23 444320
21 7 945550
22 18 73690
22 19 88780
23 21 444320
23 24 473120
23 16 1024920
23 20 966290
24 21 546320
24 23 473120
25 20 1736240
25 18 1988700
25 17 1013570
