0 4 277770
0 2 60070
1 2 825480
1 5 1835090
1 3 264540
2 1 825480
2 0 60070
2 4 1319410
3 4 350130
3 1 264540
3 5 110050
4 0 277770
4 3 350130
4 2 1319410
4 11 2036450
5 1 1835090
5 3 110050
5 7 791920
5 6 1262980
6 8 401790
6 7 484910
6 5 1262980
6 11 179150
6 16 1212420
7 6 484910
7 21 870930
7 5 791920
8 6 401790
8 10 55750
8 15 313330
9 12 190400
9 10 126170
10 15 1834350
10 8 55750
10 11 1899440
10 9 126170
11 4 2036450
11 6 179150
11 10 1899440
12 9 190400
12 14 617860
12 13 262440
12 15 808370
13 12 262440
13 15 1313010
13 17 1360410
13 16 552900
14 17 734770
14 12 617860
15 10 1834350
15 13 1313010
15 12 808370
15 8 313330
16 23 800330
16 20 961220
16 6 1212420
16 13 552900
17 14 734770
17 13 1360410
17 19 184310
17 25 1507600
18 22 148380
18 25 2910860
18 19 119310
19 17 184310
19 18 119310
19 22 81240
20 16 961220
20 25 2109320
20 23 1231250
21 24 490720
21 23 461000
21 7 870930
22 18 148380
22 19 81240
23 21 461000
23 24 637310
23 16 800330
23 20 1231250
24 21 490720
24 23 637310
25 20 2109320
25 18 2910860
25 17 1507600
