0 4 295230
0 2 90380
1 2 901350
1 5 2149730
1 3 339560
2 1 901350
2 0 90380
2 4 1392960
3 4 520050
3 1 339560
3 5 147280
4 0 295230
4 3 520050
4 2 1392960
4 11 2304090
5 1 2149730
5 3 147280
5 7 697020
5 6 1650160
6 8 310690
6 7 476050
6 5 1650160
6 11 185930
6 16 1603060
7 6 476050
7 21 1100300
7 5 697020
8 6 310690
8 10 32220
8 15 315530
9 12 110630
9 10 107070
10 15 2291330
10 8 32220
10 11 2251050
10 9 107070
11 4 2304090
11 6 185930
11 10 2251050
12 9 110630
12 14 662220
12 13 155430
12 15 781270
13 12 155430
13 15 1815100
13 17 1726760
13 16 512770
14 17 730140
14 12 662220
15 10 2291330
15 13 1815100
15 12 781270
15 8 315530
16 23 894500
16 20 1240620
16 6 1603060
16 13 512770
17 14 730140
17 13 1726760
17 19 270570
17 25 1891210
18 22 103560
18 25 3191690
18 19 136050
19 17 270570
19 18 136050
19 22 166060
20 16 1240620
20 25 2474050
20 23 1329110
21 24 643290
21 23 537530
21 7 1100300
22 18 103560
22 19 166060
23 21 537530
23 24 617910
23 16 894500
23 20 1329110
24 21 643290
24 23 617910
25 20 2474050
25 18 3191690
25 17 1891210
