0 4 793910
0 2 69100
1 2 3632420
1 5 5303370
1 3 787710
2 1 3632420
2 0 69100
2 4 4287730
3 4 1074130
3 1 787710
3 5 407680
4 0 793910
4 3 1074130
4 2 4287730
4 11 5972830
5 1 5303370
5 3 407680
5 7 2418990
5 6 3313490
6 8 1145540
6 7 1554870
6 5 3313490
6 11 533400
6 16 3387460
7 6 1554870
7 21 3369280
7 5 2418990
8 6 1145540
8 10 435330
8 15 1060300
9 12 390650
9 10 325070
10 15 5627050
10 8 435330
10 11 5781270
10 9 325070
11 4 5972830
11 6 533400
11 10 5781270
12 9 390650
12 14 1508890
12 13 1124370
12 15 2449980
13 12 1124370
13 15 4282040
13 17 3948060
13 16 2233440
14 17 1553560
14 12 1508890
15 10 5627050
15 13 4282040
15 12 2449980
15 8 1060300
16 23 3081540
16 20 2564670
16 6 3387460
16 13 2233440
17 14 1553560
17 13 3948060
17 19 543470
17 25 4508790
18 22 243120
18 25 6351520
18 19 253300
19 17 543470
19 18 253300
19 22 339370
20 16 2564670
20 25 5403220
20 23 3313650
21 24 1646320
21 23 1760080
21 7 3369280
22 18 243120
22 19 339370
23 21 1760080
23 24 2387060
23 16 3081540
23 20 3313650
24 21 1646320
24 23 2387060
25 20 5403220
25 18 6351520
25 17 4508790
