0 4 103870
0 2 36150
1 2 513450
1 5 726320
1 3 239010
2 1 513450
2 0 36150
2 4 1029950
3 4 277090
3 1 239010
3 5 113140
4 0 103870
4 3 277090
4 2 1029950
4 11 1465480
5 1 726320
5 3 113140
5 7 232890
5 6 622680
6 8 311200
6 7 468420
6 5 622680
6 11 88230
6 16 610530
7 6 468420
7 21 811490
7 5 232890
8 6 311200
8 10 66170
8 15 302450
9 12 21890
9 10 50410
10 15 1383890
10 8 66170
10 11 1415910
10 9 50410
11 4 1465480
11 6 88230
11 10 1415910
12 9 21890
12 14 468440
12 13 163930
12 15 774930
13 12 163930
13 15 969260
13 17 829350
13 16 391700
14 17 388850
14 12 468440
15 10 1383890
15 13 969260
15 12 774930
15 8 302450
16 23 436230
16 20 493300
16 6 610530
16 13 391700
17 14 388850
17 13 829350
17 19 182610
17 25 958610
18 22 63240
18 25 1440440
18 19 70110
19 17 182610
19 18 70110
19 22 83840
20 16 493300
20 25 1106440
20 23 678840
21 24 465430
21 23 380180
21 7 811490
22 18 63240
22 19 83840
23 21 380180
23 24 399930
23 16 436230
23 20 678840
24 21 465430
24 23 399930
25 20 1106440
25 18 1440440
25 17 958610
