0 4 363060
0 2 156020
1 2 2385300
1 5 3832210
1 3 613370
2 1 2385300
2 0 156020
2 4 2879880
3 4 631100
3 1 613370
3 5 150410
4 0 363060
4 3 631100
4 2 2879880
4 11 4147710
5 1 3832210
5 3 150410
5 7 1492700
5 6 2730510
6 8 1117760
6 7 1394430
6 5 2730510
6 11 526160
6 16 2331090
7 6 1394430
7 21 2761810
7 5 1492700
8 6 1117760
8 10 301870
8 15 1115330
9 12 239020
9 10 82230
10 15 3675460
10 8 301870
10 11 3938250
10 9 82230
11 4 4147710
11 6 526160
11 10 3938250
12 9 239020
12 14 1004240
12 13 300750
12 15 1785120
13 12 300750
13 15 3060140
13 17 3021760
13 16 1099190
14 17 1090800
14 12 1004240
15 10 3675460
15 13 3060140
15 12 1785120
15 8 1115330
16 23 1783980
16 20 1610380
16 6 2331090
16 13 1099190
17 14 1090800
17 13 3021760
17 19 524850
17 25 2758620
18 22 239760
18 25 3861610
18 19 203270
19 17 524850
19 18 203270
19 22 310540
20 16 1610380
20 25 3852230
20 23 2624990
21 24 1390220
21 23 1274860
21 7 2761810
22 18 239760
22 19 310540
23 21 1274860
23 24 1423730
23 16 1783980
23 20 2624990
24 21 1390220
24 23 1423730
25 20 3852230
25 18 3861610
25 17 2758620
