0 4 810950
0 2 58580
1 2 3478220
1 5 4911550
1 3 760270
2 1 3478220
2 0 58580
2 4 4202120
3 4 1035650
3 1 760270
3 5 456740
4 0 810950
4 3 1035650
4 2 4202120
4 11 5829620
5 1 4911550
5 3 456740
5 7 2523250
5 6 2943950
6 8 1031100
6 7 1403370
6 5 2943950
6 11 487260
6 16 3005520
7 6 1403370
7 21 3515340
7 5 2523250
8 6 1031100
8 10 383130
8 15 952460
9 12 408170
9 10 349420
10 15 5390530
10 8 383130
10 11 5545850
10 9 349420
11 4 5829620
11 6 487260
11 10 5545850
12 9 408170
12 14 1719460
12 13 1039130
12 15 2407670
13 12 1039130
13 15 4084070
13 17 3804720
13 16 2122510
14 17 1551400
14 12 1719460
15 10 5390530
15 13 4084070
15 12 2407670
15 8 952460
16 23 2880160
16 20 2286550
16 6 3005520
16 13 2122510
17 14 1551400
17 13 3804720
17 19 547120
17 25 4355880
18 22 205500
18 25 6357480
18 19 293370
19 17 547120
19 18 293370
19 22 358000
20 16 2286550
20 25 5141370
20 23 3300250
21 24 1864930
21 23 1595880
21 7 3515340
22 18 205500
22 19 358000
23 21 1595880
23 24 2346330
23 16 2880160
23 20 3300250
24 21 1864930
24 23 2346330
25 20 5141370
25 18 6357480
25 17 4355880
