0 4 136770
0 2 1
1 2 521280
1 5 1096360
1 3 46310
2 1 521280
2 0 1
2 4 1156300
3 4 101220
3 1 46310
3 5 33840
4 0 136770
4 3 101220
4 2 1156300
4 11 1448910
5 1 1096360
5 3 33840
5 7 576470
5 6 591700
6 8 156630
6 7 227960
6 5 591700
6 11 110940
6 16 628310
7 6 227960
7 21 1046880
7 5 576470
8 6 156630
8 10 84720
8 15 181470
9 12 77850
9 10 56010
10 15 1467760
10 8 84720
10 11 1451050
10 9 56010
11 4 1448910
11 6 110940
11 10 1451050
12 9 77850
12 14 570080
12 13 260630
12 15 537530
13 12 260630
13 15 1122530
13 17 1069910
13 16 489080
14 17 441720
14 12 570080
15 10 1467760
15 13 1122530
15 12 537530
15 8 181470
16 23 499440
16 20 591320
16 6 628310
16 13 489080
17 14 441720
17 13 1069910
17 19 212290
17 25 1223030
18 22 57820
18 25 1968930
18 19 93500
19 17 212290
19 18 93500
19 22 91580
20 16 591320
20 25 1348770
20 23 838160
21 24 364860
21 23 697880
21 7 1046880
22 18 57820
22 19 91580
23 21 697880
23 24 391440
23 16 499440
23 20 838160
24 21 364860
24 23 391440
25 20 1348770
25 18 1968930
25 17 1223030
