0 4 85410
0 2 23340
1 2 399720
1 5 1014970
1 3 160610
2 1 399720
2 0 23340
2 4 630550
3 4 220080
3 1 160610
3 5 112040
4 0 85410
4 3 220080
4 2 630550
4 11 979370
5 1 1014970
5 3 112040
5 7 598480
5 6 596810
6 8 208480
6 7 280880
6 5 596810
6 11 97300
6 16 582830
7 6 280880
7 21 796710
7 5 598480
8 6 208480
8 10 25050
8 15 145590
9 12 70230
9 10 4530
10 15 1000100
10 8 25050
10 11 993170
10 9 4530
11 4 979370
11 6 97300
11 10 993170
12 9 70230
12 14 347950
12 13 115080
12 15 431640
13 12 115080
13 15 727150
13 17 718810
13 16 258570
14 17 363460
14 12 347950
15 10 1000100
15 13 727150
15 12 431640
15 8 145590
16 23 357630
16 20 477070
16 6 582830
16 13 258570
17 14 363460
17 13 718810
17 19 157520
17 25 807070
18 22 41930
18 25 1261690
18 19 25920
19 17 157520
19 18 25920
19 22 53620
20 16 477070
20 25 1113010
20 23 738110
21 24 396980
21 23 411070
21 7 796710
22 18 41930
22 19 53620
23 21 411070
23 24 375580
23 16 357630
23 20 738110
24 21 396980
24 23 375580
25 20 1113010
25 18 1261690
25 17 807070
