0 4 200460
0 2 19780
1 2 715560
1 5 1438900
1 3 480240
2 1 715560
2 0 19780
2 4 1065650
3 4 511270
3 1 480240
3 5 104730
4 0 200460
4 3 511270
4 2 1065650
4 11 1727330
5 1 1438900
5 3 104730
5 7 645920
5 6 994010
6 8 392510
6 7 419550
6 5 994010
6 11 107810
6 16 996620
7 6 419550
7 21 664390
7 5 645920
8 6 392510
8 10 94360
8 15 380500
9 12 157020
9 10 70160
10 15 1542920
10 8 94360
10 11 1615450
10 9 70160
11 4 1727330
11 6 107810
11 10 1615450
12 9 157020
12 14 632700
12 13 248490
12 15 924220
13 12 248490
13 15 1028670
13 17 1027890
13 16 557400
14 17 678380
14 12 632700
15 10 1542920
15 13 1028670
15 12 924220
15 8 380500
16 23 818670
16 20 752700
16 6 996620
16 13 557400
17 14 678380
17 13 1027890
17 19 159630
17 25 1320460
18 22 119950
18 25 2147990
18 19 148320
19 17 159630
19 18 148320
19 22 101040
20 16 752700
20 25 1532590
20 23 791380
21 24 406690
21 23 347900
21 7 664390
22 18 119950
22 19 101040
23 21 347900
23 24 624960
23 16 818670
23 20 791380
24 21 406690
24 23 624960
25 20 1532590
25 18 2147990
25 17 1320460
