0 4 270140
0 2 83720
1 2 1629220
1 5 2734720
1 3 403710
2 1 1629220
2 0 83720
2 4 2063040
3 4 480830
3 1 403710
3 5 135350
4 0 270140
4 3 480830
4 2 2063040
4 11 2933130
5 1 2734720
5 3 135350
5 7 1108710
5 6 1916070
6 8 624270
6 7 717030
6 5 1916070
6 11 226990
6 16 1844540
7 6 717030
7 21 1736690
7 5 1108710
8 6 624270
8 10 285950
8 15 684460
9 12 234680
9 10 120620
10 15 2814700
10 8 285950
10 11 2878080
10 9 120620
11 4 2933130
11 6 226990
11 10 2878080
12 9 234680
12 14 1079080
12 13 637360
12 15 1428230
13 12 637360
13 15 2235940
13 17 1849480
13 16 1400840
14 17 1038950
14 12 1079080
15 10 2814700
15 13 2235940
15 12 1428230
15 8 684460
16 23 2325890
16 20 806770
16 6 1844540
16 13 1400840
17 14 1038950
17 13 1849480
17 19 457810
17 25 2033850
18 22 111820
18 25 3713430
18 19 233650
19 17 457810
19 18 233650
19 22 187070
20 16 806770
20 25 2450840
20 23 1704350
21 24 871350
21 23 1117360
21 7 1736690
22 18 111820
22 19 187070
23 21 1117360
23 24 1215740
23 16 2325890
23 20 1704350
24 21 871350
24 23 1215740
25 20 2450840
25 18 3713430
25 17 2033850
