0 4 216340
0 2 142600
1 2 1916280
1 5 3855240
1 3 449750
2 1 1916280
2 0 142600
2 4 2074240
3 4 448950
3 1 449750
3 5 205490
4 0 216340
4 3 448950
4 2 2074240
4 11 2898860
5 1 3855240
5 3 205490
5 7 1537970
5 6 2765440
6 8 549110
6 7 676290
6 5 2765440
6 11 277030
6 16 2528550
7 6 676290
7 21 1243170
7 5 1537970
8 6 549110
8 10 104390
8 15 529910
9 12 210930
9 10 47780
10 15 2785550
10 8 104390
10 11 2749340
10 9 47780
11 4 2898860
11 6 277030
11 10 2749340
12 9 210930
12 14 942490
12 13 452040
12 15 1384900
13 12 452040
13 15 2077510
13 17 1903640
13 16 1113150
14 17 1029970
14 12 942490
15 10 2785550
15 13 2077510
15 12 1384900
15 8 529910
16 23 1519800
16 20 2186860
16 6 2528550
16 13 1113150
17 14 1029970
17 13 1903640
17 19 453290
17 25 2144580
18 22 271500
18 25 4321260
18 19 220990
19 17 453290
19 18 220990
19 22 220690
20 16 2186860
20 25 3716920
20 23 1529680
21 24 633090
21 23 442870
21 7 1243170
22 18 271500
22 19 220690
23 21 442870
23 24 1401410
23 16 1519800
23 20 1529680
24 21 633090
24 23 1401410
25 20 3716920
25 18 4321260
25 17 2144580
