0 4 294200
0 2 76880
1 2 1006760
1 5 1801300
1 3 191130
2 1 1006760
2 0 76880
2 4 1420070
3 4 257860
3 1 191130
3 5 110830
4 0 294200
4 3 257860
4 2 1420070
4 11 2177520
5 1 1801300
5 3 110830
5 7 563730
5 6 1381780
6 8 118590
6 7 430770
6 5 1381780
6 11 274710
6 16 1411130
7 6 430770
7 21 1286310
7 5 563730
8 6 118590
8 10 55330
8 15 187420
9 12 183910
9 10 160890
10 15 2084730
10 8 55330
10 11 2152370
10 9 160890
11 4 2177520
11 6 274710
11 10 2152370
12 9 183910
12 14 548680
12 13 239840
12 15 460610
13 12 239840
13 15 1926930
13 17 1722050
13 16 879850
14 17 621390
14 12 548680
15 10 2084730
15 13 1926930
15 12 460610
15 8 187420
16 23 1174570
16 20 1082530
16 6 1411130
16 13 879850
17 14 621390
17 13 1722050
17 19 256000
17 25 1933250
18 22 83310
18 25 3255990
18 19 52700
19 17 256000
19 18 52700
19 22 122770
20 16 1082530
20 25 2466580
20 23 1532680
21 24 756530
21 23 531800
21 7 1286310
22 18 83310
22 19 122770
23 21 531800
23 24 806440
23 16 1174570
23 20 1532680
24 21 756530
24 23 806440
25 20 2466580
25 18 3255990
25 17 1933250
