0 4 64860
0 2 42240
1 2 608560
1 5 1194890
1 3 106050
2 1 608560
2 0 42240
2 4 746780
3 4 138870
3 1 106050
3 5 66820
4 0 64860
4 3 138870
4 2 746780
4 11 1072950
5 1 1194890
5 3 66820
5 7 424880
5 6 868830
6 8 195610
6 7 388930
6 5 868830
6 11 146380
6 16 835780
7 6 388930
7 21 727170
7 5 424880
8 6 195610
8 10 63730
8 15 179710
9 12 22760
9 10 31510
10 15 929150
10 8 63730
10 11 978410
10 9 31510
11 4 1072950
11 6 146380
11 10 978410
12 9 22760
12 14 405800
12 13 70990
12 15 384820
13 12 70990
13 15 730230
13 17 617860
13 16 334040
14 17 429930
14 12 405800
15 10 929150
15 13 730230
15 12 384820
15 8 179710
16 23 677940
16 20 473110
16 6 835780
16 13 334040
17 14 429930
17 13 617860
17 19 188620
17 25 758300
18 22 35520
18 25 1107360
18 19 155430
19 17 188620
19 18 155430
19 22 61250
20 16 473110
20 25 1113810
20 23 669710
21 24 438380
21 23 318960
21 7 727170
22 18 35520
22 19 61250
23 21 318960
23 24 510140
23 16 677940
23 20 669710
24 21 438380
24 23 510140
25 20 1113810
25 18 1107360
25 17 758300
