0 4 76810
0 2 21150
1 2 796470
1 5 1112030
1 3 165810
2 1 796470
2 0 21150
2 4 860150
3 4 214650
3 1 165810
3 5 93220
4 0 76810
4 3 214650
4 2 860150
4 11 1207050
5 1 1112030
5 3 93220
5 7 286040
5 6 933310
6 8 208700
6 7 351790
6 5 933310
6 11 65700
6 16 913360
7 6 351790
7 21 629540
7 5 286040
8 6 208700
8 10 75050
8 15 231420
9 12 34120
9 10 58110
10 15 1059310
10 8 75050
10 11 1137890
10 9 58110
11 4 1207050
11 6 65700
11 10 1137890
12 9 34120
12 14 396320
12 13 138220
12 15 580360
13 12 138220
13 15 787270
13 17 638340
13 16 351030
14 17 334760
14 12 396320
15 10 1059310
15 13 787270
15 12 580360
15 8 231420
16 23 638670
16 20 578910
16 6 913360
16 13 351030
17 14 334760
17 13 638340
17 19 146820
17 25 778700
18 22 64050
18 25 1194580
18 19 90420
19 17 146820
19 18 90420
19 22 64110
20 16 578910
20 25 1011070
20 23 552480
21 24 424900
21 23 265760
21 7 629540
22 18 64050
22 19 64110
23 21 265760
23 24 384220
23 16 638670
23 20 552480
24 21 424900
24 23 384220
25 20 1011070
25 18 1194580
25 17 778700
