0 4 616500
0 2 83320
1 2 3408380
1 5 5099310
1 3 464780
2 1 3408380
2 0 83320
2 4 4689270
3 4 680290
3 1 464780
3 5 226660
4 0 616500
4 3 680290
4 2 4689270
4 11 5918220
5 1 5099310
5 3 226660
5 7 2285540
5 6 3209590
6 8 763720
6 7 1298510
6 5 3209590
6 11 604410
6 16 3237580
7 6 1298510
7 21 2445290
7 5 2285540
8 6 763720
8 10 414250
8 15 733600
9 12 544440
9 10 306770
10 15 5501860
10 8 414250
10 11 5468100
10 9 306770
11 4 5918220
11 6 604410
11 10 5468100
12 9 544440
12 14 1418300
12 13 1194910
12 15 1722020
13 12 1194910
13 15 4660350
13 17 4248930
13 16 2224270
14 17 1340040
14 12 1418300
15 10 5501860
15 13 4660350
15 12 1722020
15 8 733600
16 23 3024030
16 20 2033590
16 6 3237580
16 13 2224270
17 14 1340040
17 13 4248930
17 19 548920
17 25 4490090
18 22 304110
18 25 5897670
18 19 238210
19 17 548920
19 18 238210
19 22 293220
20 16 2033590
20 25 4265610
20 23 2619940
21 24 1455710
21 23 889500
21 7 2445290
22 18 304110
22 19 293220
23 21 889500
23 24 2082040
23 16 3024030
23 20 2619940
24 21 1455710
24 23 2082040
25 20 4265610
25 18 5897670
25 17 4490090
