0 4 489120
0 2 135780
1 2 1391630
1 5 2394860
1 3 445410
2 1 1391630
2 0 135780
2 4 1372370
3 4 576220
3 1 445410
3 5 287690
4 0 489120
4 3 576220
4 2 1372370
4 11 2579840
5 1 2394860
5 3 287690
5 7 1049720
5 6 1684010
6 8 488960
6 7 771270
6 5 1684010
6 11 270540
6 16 1525010
7 6 771270
7 21 1342730
7 5 1049720
8 6 488960
8 10 142880
8 15 443140
9 12 201610
9 10 164130
10 15 2345660
10 8 142880
10 11 2450150
10 9 164130
11 4 2579840
11 6 270540
11 10 2450150
12 9 201610
12 14 571540
12 13 463390
12 15 973680
13 12 463390
13 15 1858560
13 17 1838900
13 16 906500
14 17 763120
14 12 571540
15 10 2345660
15 13 1858560
15 12 973680
15 8 443140
16 23 1592190
16 20 883860
16 6 1525010
16 13 906500
17 14 763120
17 13 1838900
17 19 165580
17 25 2045850
18 22 93640
18 25 2633050
18 19 87690
19 17 165580
19 18 87690
19 22 93980
20 16 883860
20 25 1718160
20 23 1119990
21 24 920060
21 23 481530
21 7 1342730
22 18 93640
22 19 93980
23 21 481530
23 24 787440
23 16 1592190
23 20 1119990
24 21 920060
24 23 787440
25 20 1718160
25 18 2633050
25 17 2045850
