0 4 64800
0 2 1
1 2 820380
1 5 914070
1 3 72970
2 1 820380
2 0 1
2 4 358990
3 4 85970
3 1 72970
3 5 45490
4 0 64800
4 3 85970
4 2 358990
4 11 571530
5 1 914070
5 3 45490
5 7 480190
5 6 526940
6 8 174260
6 7 195300
6 5 526940
6 11 70850
6 16 479680
7 6 195300
7 21 496390
7 5 480190
8 6 174260
8 10 39300
8 15 179830
9 12 87650
9 10 44090
10 15 623590
10 8 39300
10 11 579330
10 9 44090
11 4 571530
11 6 70850
11 10 579330
12 9 87650
12 14 211640
12 13 103830
12 15 145300
13 12 103830
13 15 810870
13 17 754290
13 16 338320
14 17 182520
14 12 211640
15 10 623590
15 13 810870
15 12 145300
15 8 179830
16 23 521850
16 20 304900
16 6 479680
16 13 338320
17 14 182520
17 13 754290
17 19 181990
17 25 614040
18 22 99910
18 25 1320070
18 19 63990
19 17 181990
19 18 63990
19 22 71870
20 16 304900
20 25 780210
20 23 519880
21 24 373120
21 23 115860
21 7 496390
22 18 99910
22 19 71870
23 21 115860
23 24 465280
23 16 521850
23 20 519880
24 21 373120
24 23 465280
25 20 780210
25 18 1320070
25 17 614040
