0 4 73730
0 2 48750
1 2 398640
1 5 689960
1 3 24610
2 1 398640
2 0 48750
2 4 589670
3 4 69480
3 1 24610
3 5 30740
4 0 73730
4 3 69480
4 2 589670
4 11 859580
5 1 689960
5 3 30740
5 7 368710
5 6 374640
6 8 165380
6 7 398220
6 5 374640
6 11 234480
6 16 341330
7 6 398220
7 21 784010
7 5 368710
8 6 165380
8 10 80780
8 15 152890
9 12 65330
9 10 59870
10 15 697640
10 8 80780
10 11 744030
10 9 59870
11 4 859580
11 6 234480
11 10 744030
12 9 65330
12 14 339810
12 13 310460
12 15 171860
13 12 310460
13 15 653700
13 17 693100
13 16 494220
14 17 373280
14 12 339810
15 10 697640
15 13 653700
15 12 171860
15 8 152890
16 23 670900
16 20 170170
16 6 341330
16 13 494220
17 14 373280
17 13 693100
17 19 119360
17 25 813260
18 22 67010
18 25 1285370
18 19 77560
19 17 119360
19 18 77560
19 22 89790
20 16 170170
20 25 706650
20 23 619010
21 24 383310
21 23 360190
21 7 784010
22 18 67010
22 19 89790
23 21 360190
23 24 481310
23 16 670900
23 20 619010
24 21 383310
24 23 481310
25 20 706650
25 18 1285370
25 17 813260
