0 4 548170
0 2 20800
1 2 1874510
1 5 3172360
1 3 778760
2 1 1874510
2 0 20800
2 4 1998350
3 4 817650
3 1 778760
3 5 266580
4 0 548170
4 3 817650
4 2 1998350
4 11 3587880
5 1 3172360
5 3 266580
5 7 1147370
5 6 2316270
6 8 684710
6 7 908240
6 5 2316270
6 11 412040
6 16 2019380
7 6 908240
7 21 2380200
7 5 1147370
8 6 684710
8 10 119970
8 15 643990
9 12 432300
9 10 242970
10 15 3134920
10 8 119970
10 11 3359330
10 9 242970
11 4 3587880
11 6 412040
11 10 3359330
12 9 432300
12 14 1387020
12 13 623310
12 15 1470910
13 12 623310
13 15 2481890
13 17 2385040
13 16 1435990
14 17 1436190
14 12 1387020
15 10 3134920
15 13 2481890
15 12 1470910
15 8 643990
16 23 2138250
16 20 1400540
16 6 2019380
16 13 1435990
17 14 1436190
17 13 2385040
17 19 470930
17 25 2951050
18 22 245070
18 25 5016940
18 19 294400
19 17 470930
19 18 294400
19 22 240630
20 16 1400540
20 25 3384860
20 23 2176460
21 24 1055310
21 23 1528120
21 7 2380200
22 18 245070
22 19 240630
23 21 1528120
23 24 1734480
23 16 2138250
23 20 2176460
24 21 1055310
24 23 1734480
25 20 3384860
25 18 5016940
25 17 2951050
