0 4 106150
0 2 49770
1 2 684220
1 5 1220260
1 3 86540
2 1 684220
2 0 49770
2 4 886690
3 4 117440
3 1 86540
3 5 51390
4 0 106150
4 3 117440
4 2 886690
4 11 1220370
5 1 1220260
5 3 51390
5 7 415280
5 6 821940
6 8 118210
6 7 133690
6 5 821940
6 11 74590
6 16 739960
7 6 133690
7 21 528150
7 5 415280
8 6 118210
8 10 135180
8 15 116720
9 12 178570
9 10 69530
10 15 1199620
10 8 135180
10 11 1180630
10 9 69530
11 4 1220370
11 6 74590
11 10 1180630
12 9 178570
12 14 440090
12 13 380330
12 15 266980
13 12 380330
13 15 1074880
13 17 963670
13 16 617990
14 17 486130
14 12 440090
15 10 1199620
15 13 1074880
15 12 266980
15 8 116720
16 23 885990
16 20 495510
16 6 739960
16 13 617990
17 14 486130
17 13 963670
17 19 264910
17 25 1025740
18 22 101710
18 25 1726100
18 19 39300
19 17 264910
19 18 39300
19 22 116920
20 16 495510
20 25 934470
20 23 588700
21 24 221880
21 23 328150
21 7 528150
22 18 101710
22 19 116920
23 21 328150
23 24 466700
23 16 885990
23 20 588700
24 21 221880
24 23 466700
25 20 934470
25 18 1726100
25 17 1025740
