0 4 3700
0 2 1
1 2 170190
1 5 138150
1 3 122060
2 1 170190
2 0 1
2 4 592540
3 4 122060
3 1 122060
3 5 1
4 0 3700
4 3 122060
4 2 592540
4 11 655000
5 1 138150
5 3 1
5 7 35400
5 6 166670
6 8 145010
6 7 170290
6 5 166670
6 11 23880
6 16 100540
7 6 170290
7 21 225090
7 5 35400
8 6 145010
8 10 29600
8 15 100330
9 12 66100
9 10 29600
10 15 655150
10 8 29600
10 11 644440
10 9 29600
11 4 655000
11 6 23880
11 10 644440
12 9 66100
12 14 136260
12 13 49700
12 15 324900
13 12 49700
13 15 447730
13 17 504810
13 16 108300
14 17 169390
14 12 136260
15 10 655150
15 13 447730
15 12 324900
15 8 100330
16 23 173040
16 20 1
16 6 100540
16 13 108300
17 14 169390
17 13 504810
17 19 60700
17 25 450260
18 22 1
18 25 654630
18 19 38750
19 17 60700
19 18 38750
19 22 21000
20 16 1
20 25 534130
20 23 496570
21 24 165440
21 23 159880
21 7 225090
22 18 1
22 19 21000
23 21 159880
23 24 146210
23 16 173040
23 20 496570
24 21 165440
24 23 146210
25 20 534130
25 18 654630
25 17 450260
