0 4 389770
0 2 95950
1 2 2681610
1 5 3517020
1 3 942090
2 1 2681610
2 0 95950
2 4 2584940
3 4 901150
3 1 942090
3 5 269760
4 0 389770
4 3 901150
4 2 2584940
4 11 4167270
5 1 3517020
5 3 269760
5 7 1615930
5 6 2434440
6 8 1023060
6 7 1529410
6 5 2434440
6 11 482820
6 16 2570650
7 6 1529410
7 21 2319070
7 5 1615930
8 6 1023060
8 10 106720
8 15 826330
9 12 322760
9 10 428010
10 15 3688520
10 8 106720
10 11 3941630
10 9 428010
11 4 4167270
11 6 482820
11 10 3941630
12 9 322760
12 14 1481240
12 13 1084930
12 15 2082610
13 12 1084930
13 15 2528430
13 17 2926670
13 16 1785880
14 17 1387330
14 12 1481240
15 10 3688520
15 13 2528430
15 12 2082610
15 8 826330
16 23 2851290
16 20 1510320
16 6 2570650
16 13 1785880
17 14 1387330
17 13 2926670
17 19 565890
17 25 3205130
18 22 454960
18 25 6055000
18 19 340000
19 17 565890
19 18 340000
19 22 263000
20 16 1510320
20 25 3834040
20 23 2838990
21 24 1424040
21 23 1126920
21 7 2319070
22 18 454960
22 19 263000
23 21 1126920
23 24 2164560
23 16 2851290
23 20 2838990
24 21 1424040
24 23 2164560
25 20 3834040
25 18 6055000
25 17 3205130
