0 4 463850
0 2 84940
1 2 2831270
1 5 3601420
1 3 942990
2 1 2831270
2 0 84940
2 4 2734370
3 4 854330
3 1 942990
3 5 42480
4 0 463850
4 3 854330
4 2 2734370
4 11 4254240
5 1 3601420
5 3 42480
5 7 1848250
5 6 2054590
6 8 461700
6 7 951150
6 5 2054590
6 11 648640
6 16 1952350
7 6 951150
7 21 3095450
7 5 1848250
8 6 461700
8 10 159290
8 15 263390
9 12 294290
9 10 525050
10 15 3696350
10 8 159290
10 11 4033670
10 9 525050
11 4 4254240
11 6 648640
11 10 4033670
12 9 294290
12 14 1226300
12 13 557230
12 15 1121620
13 12 557230
13 15 2904920
13 17 3011010
13 16 1197650
14 17 1284900
14 12 1226300
15 10 3696350
15 13 2904920
15 12 1121620
15 8 263390
16 23 1576310
16 20 1456640
16 6 1952350
16 13 1197650
17 14 1284900
17 13 3011010
17 19 733930
17 25 2869460
18 22 156370
18 25 5403130
18 19 342890
19 17 733930
19 18 342890
19 22 411290
20 16 1456640
20 25 4289220
20 23 3107550
21 24 1488220
21 23 1968660
21 7 3095450
22 18 156370
22 19 411290
23 21 1968660
23 24 1523970
23 16 1576310
23 20 3107550
24 21 1488220
24 23 1523970
25 20 4289220
25 18 5403130
25 17 2869460
