0 4 110570
0 2 1990
1 2 419890
1 5 858310
1 3 389140
2 1 419890
2 0 1990
2 4 996780
3 4 387460
3 1 389140
3 5 47410
4 0 110570
4 3 387460
4 2 996780
4 11 1540540
5 1 858310
5 3 47410
5 7 293170
5 6 717740
6 8 65520
6 7 121670
6 5 717740
6 11 113330
6 16 669830
7 6 121670
7 21 450050
7 5 293170
8 6 65520
8 10 199210
8 15 93920
9 12 190360
9 10 90990
10 15 1387610
10 8 199210
10 11 1435380
10 9 90990
11 4 1540540
11 6 113330
11 10 1435380
12 9 190360
12 14 650250
12 13 245050
12 15 516060
13 12 245050
13 15 1072500
13 17 1037620
13 16 452750
14 17 627540
14 12 650250
15 10 1387610
15 13 1072500
15 12 516060
15 8 93920
16 23 703690
16 20 496390
16 6 669830
16 13 452750
17 14 627540
17 13 1037620
17 19 175730
17 25 1503870
18 22 150970
18 25 1585500
18 19 47190
19 17 175730
19 18 47190
19 22 87090
20 16 496390
20 25 1097880
20 23 751510
21 24 184220
21 23 301360
21 7 450050
22 18 150970
22 19 87090
23 21 301360
23 24 460480
23 16 703690
23 20 751510
24 21 184220
24 23 460480
25 20 1097880
25 18 1585500
25 17 1503870
