0 4 586510
0 2 133850
1 2 2070450
1 5 3505660
1 3 758790
2 1 2070450
2 0 133850
2 4 3024720
3 4 840970
3 1 758790
3 5 144100
4 0 586510
4 3 840970
4 2 3024720
4 11 4607970
5 1 3505660
5 3 144100
5 7 1287610
5 6 2778060
6 8 794220
6 7 975310
6 5 2778060
6 11 398560
6 16 2703490
7 6 975310
7 21 2351000
7 5 1287610
8 6 794220
8 10 318400
8 15 839940
9 12 491100
9 10 434690
10 15 4168180
10 8 318400
10 11 4468110
10 9 434690
11 4 4607970
11 6 398560
11 10 4468110
12 9 491100
12 14 1571880
12 13 987190
12 15 1436680
13 12 987190
13 15 3572900
13 17 3245680
13 16 1934310
14 17 1497600
14 12 1571880
15 10 4168180
15 13 3572900
15 12 1436680
15 8 839940
16 23 3205870
16 20 1486630
16 6 2703490
16 13 1934310
17 14 1497600
17 13 3245680
17 19 624850
17 25 3383180
18 22 274510
18 25 4921110
18 19 270050
19 17 624850
19 18 270050
19 22 247520
20 16 1486630
20 25 3589220
20 23 2324330
21 24 1400140
21 23 1302230
21 7 2351000
22 18 274510
22 19 247520
23 21 1302230
23 24 1859220
23 16 3205870
23 20 2324330
24 21 1400140
24 23 1859220
25 20 3589220
25 18 4921110
25 17 3383180
