0 4 74730
0 2 4790
1 2 640040
1 5 950220
1 3 99240
2 1 640040
2 0 4790
2 4 864350
3 4 138940
3 1 99240
3 5 63180
4 0 74730
4 3 138940
4 2 864350
4 11 1086210
5 1 950220
5 3 63180
5 7 463580
5 6 545280
6 8 190080
6 7 214310
6 5 545280
6 11 53940
6 16 509750
7 6 214310
7 21 614520
7 5 463580
8 6 190080
8 10 54270
8 15 171440
9 12 22860
9 10 17480
10 15 1129240
10 8 54270
10 11 1067340
10 9 17480
11 4 1086210
11 6 53940
11 10 1067340
12 9 22860
12 14 280670
12 13 85670
12 15 342210
13 12 85670
13 15 841930
13 17 871000
13 16 330520
14 17 354590
14 12 280670
15 10 1129240
15 13 841930
15 12 342210
15 8 171440
16 23 327030
16 20 525190
16 6 509750
16 13 330520
17 14 354590
17 13 871000
17 19 169490
17 25 849090
18 22 59990
18 25 1506190
18 19 69340
19 17 169490
19 18 69340
19 22 110810
20 16 525190
20 25 1089530
20 23 663890
21 24 301970
21 23 419970
21 7 614520
22 18 59990
22 19 110810
23 21 419970
23 24 334880
23 16 327030
23 20 663890
24 21 301970
24 23 334880
25 20 1089530
25 18 1506190
25 17 849090
