0 4 83000
0 2 24500
1 2 789060
1 5 978640
1 3 96310
2 1 789060
2 0 24500
2 4 505200
3 4 80360
3 1 96310
3 5 70260
4 0 83000
4 3 80360
4 2 505200
4 11 792750
5 1 978640
5 3 70260
5 7 507750
5 6 576440
6 8 68850
6 7 193370
6 5 576440
6 11 105860
6 16 588530
7 6 193370
7 21 661560
7 5 507750
8 6 68850
8 10 29530
8 15 129680
9 12 109990
9 10 42880
10 15 739240
10 8 29530
10 11 773530
10 9 42880
11 4 792750
11 6 105860
11 10 773530
12 9 109990
12 14 277610
12 13 55870
12 15 236000
13 12 55870
13 15 713130
13 17 727270
13 16 270350
14 17 355640
14 12 277610
15 10 739240
15 13 713130
15 12 236000
15 8 129680
16 23 605730
16 20 341150
16 6 588530
16 13 270350
17 14 355640
17 13 727270
17 19 94640
17 25 809420
18 22 85720
18 25 1284790
18 19 89610
19 17 94640
19 18 89610
19 22 36940
20 16 341150
20 25 795530
20 23 404310
21 24 415770
21 23 379020
21 7 661560
22 18 85720
22 19 36940
23 21 379020
23 24 318910
23 16 605730
23 20 404310
24 21 415770
24 23 318910
25 20 795530
25 18 1284790
25 17 809420
