0 4 176600
0 2 77980
1 2 1808090
1 5 2480550
1 3 327670
2 1 1808090
2 0 77980
2 4 1618480
3 4 385300
3 1 327670
3 5 136840
4 0 176600
4 3 385300
4 2 1618480
4 11 2358900
5 1 2480550
5 3 136840
5 7 1154680
5 6 1622540
6 8 573080
6 7 805600
6 5 1622540
6 11 287180
6 16 1683650
7 6 805600
7 21 1239180
7 5 1154680
8 6 573080
8 10 56010
8 15 543770
9 12 249610
9 10 79380
10 15 2223020
10 8 56010
10 11 2132610
10 9 79380
11 4 2358900
11 6 287180
11 10 2132610
12 9 249610
12 14 1302300
12 13 326760
12 15 942120
13 12 326760
13 15 2076480
13 17 1986430
13 16 790490
14 17 1439640
14 12 1302300
15 10 2223020
15 13 2076480
15 12 942120
15 8 543770
16 23 1463610
16 20 811930
16 6 1683650
16 13 790490
17 14 1439640
17 13 1986430
17 19 430500
17 25 2647130
18 22 94290
18 25 3870830
18 19 124850
19 17 430500
19 18 124850
19 22 306450
20 16 811930
20 25 2917800
20 23 2008150
21 24 592700
21 23 635650
21 7 1239180
22 18 94290
22 19 306450
23 21 635650
23 24 847440
23 16 1463610
23 20 2008150
24 21 592700
24 23 847440
25 20 2917800
25 18 3870830
25 17 2647130
