0 4 96200
0 2 13440
1 2 1001660
1 5 1443200
1 3 124090
2 1 1001660
2 0 13440
2 4 849640
3 4 190240
3 1 124090
3 5 77840
4 0 96200
4 3 190240
4 2 849640
4 11 1245230
5 1 1443200
5 3 77840
5 7 622350
5 6 1033660
6 8 386920
6 7 450680
6 5 1033660
6 11 98730
6 16 1088990
7 6 450680
7 21 999970
7 5 622350
8 6 386920
8 10 122810
8 15 276350
9 12 88680
9 10 108210
10 15 1122830
10 8 122810
10 11 1140180
10 9 108210
11 4 1245230
11 6 98730
11 10 1140180
12 9 88680
12 14 208900
12 13 274120
12 15 371860
13 12 274120
13 15 1111090
13 17 1025660
13 16 462240
14 17 210870
14 12 208900
15 10 1122830
15 13 1111090
15 12 371860
15 8 276350
16 23 901350
16 20 687780
16 6 1088990
16 13 462240
17 14 210870
17 13 1025660
17 19 222750
17 25 1000080
18 22 145980
18 25 1807210
18 19 110510
19 17 222750
19 18 110510
19 22 183480
20 16 687780
20 25 1210870
20 23 594870
21 24 488010
21 23 520020
21 7 999970
22 18 145980
22 19 183480
23 21 520020
23 24 511830
23 16 901350
23 20 594870
24 21 488010
24 23 511830
25 20 1210870
25 18 1807210
25 17 1000080
