0 4 137040
0 2 29590
1 2 692460
1 5 1172260
1 3 108600
2 1 692460
2 0 29590
2 4 931470
3 4 152750
3 1 108600
3 5 70540
4 0 137040
4 3 152750
4 2 931470
4 11 1262670
5 1 1172260
5 3 70540
5 7 441320
5 6 881030
6 8 125560
6 7 123540
6 5 881030
6 11 55820
6 16 796520
7 6 123540
7 21 611230
7 5 441320
8 6 125560
8 10 139420
8 15 74170
9 12 153990
9 10 92390
10 15 1050080
10 8 139420
10 11 1160720
10 9 92390
11 4 1262670
11 6 55820
11 10 1160720
12 9 153990
12 14 303660
12 13 329160
12 15 323240
13 12 329160
13 15 845810
13 17 772960
13 16 542220
14 17 365000
14 12 303660
15 10 1050080
15 13 845810
15 12 323240
15 8 74170
16 23 803620
16 20 513380
16 6 796520
16 13 542220
17 14 365000
17 13 772960
17 19 239730
17 25 781240
18 22 70030
18 25 1347650
18 19 39690
19 17 239730
19 18 39690
19 22 121660
20 16 513380
20 25 928970
20 23 486550
21 24 260770
21 23 367240
21 7 611230
22 18 70030
22 19 121660
23 21 367240
23 24 502530
23 16 803620
23 20 486550
24 21 260770
24 23 502530
25 20 928970
25 18 1347650
25 17 781240
