0 4 184280
0 2 51620
1 2 967840
1 5 1071330
1 3 135570
2 1 967840
2 0 51620
2 4 1071670
3 4 213720
3 1 135570
3 5 25220
4 0 184280
4 3 213720
4 2 1071670
4 11 1539390
5 1 1071330
5 3 25220
5 7 278390
5 6 774220
6 8 159260
6 7 165960
6 5 774220
6 11 52960
6 16 759770
7 6 165960
7 21 922080
7 5 278390
8 6 159260
8 10 39840
8 15 169750
9 12 50780
9 10 44680
10 15 1371840
10 8 39840
10 11 1422820
10 9 44680
11 4 1539390
11 6 52960
11 10 1422820
12 9 50780
12 14 345030
12 13 32050
12 15 491900
13 12 32050
13 15 1029210
13 17 1031030
13 16 214220
14 17 346510
14 12 345030
15 10 1371840
15 13 1029210
15 12 491900
15 8 169750
16 23 553840
16 20 463950
16 6 759770
16 13 214220
17 14 346510
17 13 1031030
17 19 211170
17 25 1003010
18 22 43460
18 25 1394840
18 19 43640
19 17 211170
19 18 43640
19 22 124590
20 16 463950
20 25 1016440
20 23 557360
21 24 276970
21 23 739360
21 7 922080
22 18 43460
22 19 124590
23 21 739360
23 24 371820
23 16 553840
23 20 557360
24 21 276970
24 23 371820
25 20 1016440
25 18 1394840
25 17 1003010
