0 4 561990
0 2 79130
1 2 3146300
1 5 6034500
1 3 905550
2 1 3146300
2 0 79130
2 4 3779650
3 4 1086040
3 1 905550
3 5 302720
4 0 561990
4 3 1086040
4 2 3779650
4 11 5680580
5 1 6034500
5 3 302720
5 7 2266760
5 6 4424420
6 8 782370
6 7 1426830
6 5 4424420
6 11 738790
6 16 4192850
7 6 1426830
7 21 3900760
7 5 2266760
8 6 782370
8 10 336970
8 15 706900
9 12 568280
9 10 378830
10 15 5622650
10 8 336970
10 11 5606590
10 9 378830
11 4 5680580
11 6 738790
11 10 5606590
12 9 568280
12 14 1422570
12 13 589670
12 15 1616750
13 12 589670
13 15 4964510
13 17 4657000
13 16 2168270
14 17 1666190
14 12 1422570
15 10 5622650
15 13 4964510
15 12 1616750
15 8 706900
16 23 3434560
16 20 2881950
16 6 4192850
16 13 2168270
17 14 1666190
17 13 4657000
17 19 693790
17 25 4559140
18 22 453680
18 25 6802400
18 19 284430
19 17 693790
19 18 284430
19 22 353110
20 16 2881950
20 25 5542720
20 23 3147810
21 24 2307070
21 23 1668620
21 7 3900760
22 18 453680
22 19 353110
23 21 1668620
23 24 2664920
23 16 3434560
23 20 3147810
24 21 2307070
24 23 2664920
25 20 5542720
25 18 6802400
25 17 4559140
