0 4 137200
0 2 31320
1 2 530780
1 5 762610
1 3 92800
2 1 530780
2 0 31320
2 4 814190
3 4 115690
3 1 92800
3 5 67520
4 0 137200
4 3 115690
4 2 814190
4 11 1105440
5 1 762610
5 3 67520
5 7 466690
5 6 382810
6 8 187700
6 7 223360
6 5 382810
6 11 60200
6 16 374790
7 6 223360
7 21 759060
7 5 466690
8 6 187700
8 10 94060
8 15 141990
9 12 20690
9 10 57230
10 15 1056970
10 8 94060
10 11 1086140
10 9 57230
11 4 1105440
11 6 60200
11 10 1086140
12 9 20690
12 14 176050
12 13 135830
12 15 384150
13 12 135830
13 15 716720
13 17 756180
13 16 351140
14 17 226830
14 12 176050
15 10 1056970
15 13 716720
15 12 384150
15 8 141990
16 23 424770
16 20 296230
16 6 374790
16 13 351140
17 14 226830
17 13 756180
17 19 121310
17 25 683610
18 22 79230
18 25 1225380
18 19 53630
19 17 121310
19 18 53630
19 22 105280
20 16 296230
20 25 882020
20 23 623570
21 24 441380
21 23 407390
21 7 759060
22 18 79230
22 19 105280
23 21 407390
23 24 333870
23 16 424770
23 20 623570
24 21 441380
24 23 333870
25 20 882020
25 18 1225380
25 17 683610
