0 4 588580
0 2 32340
1 2 2578600
1 5 3768570
1 3 622880
2 1 2578600
2 0 32340
2 4 2254630
3 4 686460
3 1 622880
3 5 361960
4 0 588580
4 3 686460
4 2 2254630
4 11 3799770
5 1 3768570
5 3 361960
5 7 1455320
5 6 2657900
6 8 847950
6 7 1105430
6 5 2657900
6 11 541290
6 16 2337800
7 6 1105430
7 21 2672640
7 5 1455320
8 6 847950
8 10 240990
8 15 801860
9 12 454030
9 10 139640
10 15 3416960
10 8 240990
10 11 3478360
10 9 139640
11 4 3799770
11 6 541290
11 10 3478360
12 9 454030
12 14 1370380
12 13 593910
12 15 1265980
13 12 593910
13 15 3033650
13 17 2745170
13 16 1399320
14 17 1410930
14 12 1370380
15 10 3416960
15 13 3033650
15 12 1265980
15 8 801860
16 23 2133930
16 20 1680500
16 6 2337800
16 13 1399320
17 14 1410930
17 13 2745170
17 19 456550
17 25 3349250
18 22 345650
18 25 5441200
18 19 237440
19 17 456550
19 18 237440
19 22 237070
20 16 1680500
20 25 3881340
20 23 2427170
21 24 1443190
21 23 1444420
21 7 2672640
22 18 345650
22 19 237070
23 21 1444420
23 24 1557250
23 16 2133930
23 20 2427170
24 21 1443190
24 23 1557250
25 20 3881340
25 18 5441200
25 17 3349250
