0 4 431770
0 2 141070
1 2 1965020
1 5 3052500
1 3 728470
2 1 1965020
2 0 141070
2 4 2447580
3 4 858220
3 1 728470
3 5 216470
4 0 431770
4 3 858220
4 2 2447580
4 11 3947440
5 1 3052500
5 3 216470
5 7 1243630
5 6 2238120
6 8 1009760
6 7 1199360
6 5 2238120
6 11 421220
6 16 2204410
7 6 1199360
7 21 2281700
7 5 1243630
8 6 1009760
8 10 149270
8 15 893980
9 12 130050
9 10 116860
10 15 3656800
10 8 149270
10 11 3757480
10 9 116860
11 4 3947440
11 6 421220
11 10 3757480
12 9 130050
12 14 989700
12 13 344650
12 15 1853400
13 12 344650
13 15 2661180
13 17 2423140
13 16 1201140
14 17 1213420
14 12 989700
15 10 3656800
15 13 2661180
15 12 1853400
15 8 893980
16 23 2237790
16 20 1156070
16 6 2204410
16 13 1201140
17 14 1213420
17 13 2423140
17 19 657440
17 25 2361080
18 22 394890
18 25 4122330
18 19 223000
19 17 657440
19 18 223000
19 22 331300
20 16 1156070
20 25 3274950
20 23 2382850
21 24 1216790
21 23 1319750
21 7 2281700
22 18 394890
22 19 331300
23 21 1319750
23 24 2127230
23 16 2237790
23 20 2382850
24 21 1216790
24 23 2127230
25 20 3274950
25 18 4122330
25 17 2361080
