0 4 298410
0 2 3700
1 2 1713410
1 5 2478250
1 3 689820
2 1 1713410
2 0 3700
2 4 1632580
3 4 748280
3 1 689820
3 5 123230
4 0 298410
4 3 748280
4 2 1632580
4 11 2782550
5 1 2478250
5 3 123230
5 7 979020
5 6 1663730
6 8 378600
6 7 573360
6 5 1663730
6 11 221260
6 16 1533010
7 6 573360
7 21 1869700
7 5 979020
8 6 378600
8 10 171230
8 15 372490
9 12 240130
9 10 114060
10 15 2461760
10 8 171230
10 11 2663990
10 9 114060
11 4 2782550
11 6 221260
11 10 2663990
12 9 240130
12 14 819990
12 13 554410
12 15 1066980
13 12 554410
13 15 1873800
13 17 1958720
13 16 1107430
14 17 913920
14 12 819990
15 10 2461760
15 13 1873800
15 12 1066980
15 8 372490
16 23 1974320
16 20 669540
16 6 1533010
16 13 1107430
17 14 913920
17 13 1958720
17 19 297890
17 25 2137790
18 22 85010
18 25 3483210
18 19 354990
19 17 297890
19 18 354990
19 22 168920
20 16 669540
20 25 2342440
20 23 1698370
21 24 739200
21 23 1232920
21 7 1869700
22 18 85010
22 19 168920
23 21 1232920
23 24 1175070
23 16 1974320
23 20 1698370
24 21 739200
24 23 1175070
25 20 2342440
25 18 3483210
25 17 2137790
