0 4 36950
0 2 15000
1 2 651400
1 5 1037320
1 3 164630
2 1 651400
2 0 15000
2 4 809140
3 4 208180
3 1 164630
3 5 13230
4 0 36950
4 3 208180
4 2 809140
4 11 1047470
5 1 1037320
5 3 13230
5 7 572310
5 6 498110
6 8 122730
6 7 161850
6 5 498110
6 11 36070
6 16 513990
7 6 161850
7 21 783430
7 5 572310
8 6 122730
8 10 60530
8 15 138010
9 12 31580
9 10 18490
10 15 1046580
10 8 60530
10 11 1104370
10 9 18490
11 4 1047470
11 6 36070
11 10 1104370
12 9 31580
12 14 228820
12 13 51180
12 15 525230
13 12 51180
13 15 698370
13 17 666770
13 16 209910
14 17 258900
14 12 228820
15 10 1046580
15 13 698370
15 12 525230
15 8 138010
16 23 368650
16 20 327870
16 6 513990
16 13 209910
17 14 258900
17 13 666770
17 19 86770
17 25 729250
18 22 133740
18 25 1079520
18 19 37970
19 17 86770
19 18 37970
19 22 40440
20 16 327870
20 25 914800
20 23 711190
21 24 319710
21 23 473950
21 7 783430
22 18 133740
22 19 40440
23 21 473950
23 24 330970
23 16 368650
23 20 711190
24 21 319710
24 23 330970
25 20 914800
25 18 1079520
25 17 729250
