0 4 532810
0 2 117790
1 2 1829200
1 5 3078400
1 3 845350
2 1 1829200
2 0 117790
2 4 2768730
3 4 1021330
3 1 845350
3 5 239080
4 0 532810
4 3 1021330
4 2 2768730
4 11 4489440
5 1 3078400
5 3 239080
5 7 1346670
5 6 2221950
6 8 1016940
6 7 1219010
6 5 2221950
6 11 374400
6 16 2221180
7 6 1219010
7 21 2217520
7 5 1346670
8 6 1016940
8 10 134640
8 15 943530
9 12 123510
9 10 119100
10 15 4207900
10 8 134640
10 11 4275150
10 9 119100
11 4 4489440
11 6 374400
11 10 4275150
12 9 123510
12 14 1102420
12 13 338310
12 15 2185970
13 12 338310
13 15 2810660
13 17 2705860
13 16 1259310
14 17 1239210
14 12 1102420
15 10 4207900
15 13 2810660
15 12 2185970
15 8 943530
16 23 2157300
16 20 1338280
16 6 2221180
16 13 1259310
17 14 1239210
17 13 2705860
17 19 656470
17 25 2408240
18 22 335920
18 25 4464920
18 19 208510
19 17 656470
19 18 208510
19 22 337050
20 16 1338280
20 25 3451180
20 23 2321100
21 24 1341380
21 23 1308270
21 7 2217520
22 18 335920
22 19 337050
23 21 1308270
23 24 1962100
23 16 2157300
23 20 2321100
24 21 1341380
24 23 1962100
25 20 3451180
25 18 4464920
25 17 2408240
