0 4 526730
0 2 189440
1 2 2415020
1 5 5021060
1 3 697760
2 1 2415020
2 0 189440
2 4 2116870
3 4 1045360
3 1 697760
3 5 177510
4 0 526730
4 3 1045360
4 2 2116870
4 11 3836100
5 1 5021060
5 3 177510
5 7 1810470
5 6 3631680
6 8 921810
6 7 1225800
6 5 3631680
6 11 275170
6 16 3383770
7 6 1225800
7 21 2801540
7 5 1810470
8 6 921810
8 10 27900
8 15 983810
9 12 536980
9 10 129950
10 15 3799620
10 8 27900
10 11 3757980
10 9 129950
11 4 3836100
11 6 275170
11 10 3757980
12 9 536980
12 14 1117720
12 13 1008550
12 15 1918920
13 12 1008550
13 15 3069390
13 17 2852360
13 16 1588280
14 17 1266890
14 12 1117720
15 10 3799620
15 13 3069390
15 12 1918920
15 8 983810
16 23 2790070
16 20 2180790
16 6 3383770
16 13 1588280
17 14 1266890
17 13 2852360
17 19 530220
17 25 2966970
18 22 311140
18 25 5829050
18 19 227990
19 17 530220
19 18 227990
19 22 288000
20 16 2180790
20 25 4645310
20 23 2765630
21 24 1455730
21 23 1631330
21 7 2801540
22 18 311140
22 19 288000
23 21 1631330
23 24 1723310
23 16 2790070
23 20 2765630
24 21 1455730
24 23 1723310
25 20 4645310
25 18 5829050
25 17 2966970
