0 4 165400
0 2 19830
1 2 1034280
1 5 1659630
1 3 94670
2 1 1034280
2 0 19830
2 4 926450
3 4 114540
3 1 94670
3 5 29960
4 0 165400
4 3 114540
4 2 926450
4 11 1271320
5 1 1659630
5 3 29960
5 7 1133000
5 6 613610
6 8 271010
6 7 426500
6 5 613610
6 11 122680
6 16 515220
7 6 426500
7 21 809400
7 5 1133000
8 6 271010
8 10 109070
8 15 211270
9 12 78580
9 10 38180
10 15 989460
10 8 109070
10 11 1100640
10 9 38180
11 4 1271320
11 6 122680
11 10 1100640
12 9 78580
12 14 326010
12 13 128800
12 15 548690
13 12 128800
13 15 726260
13 17 585730
13 16 251660
14 17 294740
14 12 326010
15 10 989460
15 13 726260
15 12 548690
15 8 211270
16 23 514200
16 20 233250
16 6 515220
16 13 251660
17 14 294740
17 13 585730
17 19 34500
17 25 815810
18 22 58370
18 25 883740
18 19 20280
19 17 34500
19 18 20280
19 22 18640
20 16 233250
20 25 754990
20 23 621470
21 24 486200
21 23 271100
21 7 809400
22 18 58370
22 19 18640
23 21 271100
23 24 370830
23 16 514200
23 20 621470
24 21 486200
24 23 370830
25 20 754990
25 18 883740
25 17 815810
