0 4 97400
0 2 22110
1 2 489280
1 5 675590
1 3 316030
2 1 489280
2 0 22110
2 4 726180
3 4 355150
3 1 316030
3 5 120470
4 0 97400
4 3 355150
4 2 726180
4 11 1183670
5 1 675590
5 3 120470
5 7 443390
5 6 410470
6 8 258770
6 7 349730
6 5 410470
6 11 73570
6 16 396790
7 6 349730
7 21 769520
7 5 443390
8 6 258770
8 10 12040
8 15 245230
9 12 61520
9 10 59290
10 15 1175580
10 8 12040
10 11 1179800
10 9 59290
11 4 1183670
11 6 73570
11 10 1179800
12 9 61520
12 14 405110
12 13 132190
12 15 715830
13 12 132190
13 15 796440
13 17 777420
13 16 227360
14 17 405870
14 12 405110
15 10 1175580
15 13 796440
15 12 715830
15 8 245230
16 23 278060
16 20 219090
16 6 396790
16 13 227360
17 14 405870
17 13 777420
17 19 113030
17 25 941890
18 22 151600
18 25 1337760
18 19 84620
19 17 113030
19 18 84620
19 22 76310
20 16 219090
20 25 946030
20 23 659220
21 24 493990
21 23 342520
21 7 769520
22 18 151600
22 19 76310
23 21 342520
23 24 275980
23 16 278060
23 20 659220
24 21 493990
24 23 275980
25 20 946030
25 18 1337760
25 17 941890
