0 4 345970
0 2 80860
1 2 1135450
1 5 1912960
1 3 608670
2 1 1135450
2 0 80860
2 4 1672310
3 4 705000
3 1 608670
3 5 243830
4 0 345970
4 3 705000
4 2 1672310
4 11 2501690
5 1 1912960
5 3 243830
5 7 894210
5 6 1420470
6 8 695990
6 7 765190
6 5 1420470
6 11 138950
6 16 1563840
7 6 765190
7 21 1519660
7 5 894210
8 6 695990
8 10 95470
8 15 523000
9 12 145200
9 10 89130
10 15 2516630
10 8 95470
10 11 2586930
10 9 89130
11 4 2501690
11 6 138950
11 10 2586930
12 9 145200
12 14 615740
12 13 382560
12 15 1328470
13 12 382560
13 15 1688150
13 17 1646860
13 16 928070
14 17 722550
14 12 615740
15 10 2516630
15 13 1688150
15 12 1328470
15 8 523000
16 23 1526250
16 20 831660
16 6 1563840
16 13 928070
17 14 722550
17 13 1646860
17 19 338220
17 25 1784730
18 22 126210
18 25 3107290
18 19 85580
19 17 338220
19 18 85580
19 22 87150
20 16 831660
20 25 2075200
20 23 1237590
21 24 908100
21 23 733050
21 7 1519660
22 18 126210
22 19 87150
23 21 733050
23 24 948070
23 16 1526250
23 20 1237590
24 21 908100
24 23 948070
25 20 2075200
25 18 3107290
25 17 1784730
