0 4 189470
0 2 47940
1 2 861870
1 5 1496360
1 3 321390
2 1 861870
2 0 47940
2 4 882070
3 4 391850
3 1 321390
3 5 48670
4 0 189470
4 3 391850
4 2 882070
4 11 1438230
5 1 1496360
5 3 48670
5 7 867450
5 6 812150
6 8 212880
6 7 395210
6 5 812150
6 11 192510
6 16 789380
7 6 395210
7 21 753350
7 5 867450
8 6 212880
8 10 71810
8 15 273830
9 12 133900
9 10 121960
10 15 1367780
10 8 71810
10 11 1461310
10 9 121960
11 4 1438230
11 6 192510
11 10 1461310
12 9 133900
12 14 450140
12 13 279280
12 15 542720
13 12 279280
13 15 1182760
13 17 1137340
13 16 597310
14 17 467330
14 12 450140
15 10 1367780
15 13 1182760
15 12 542720
15 8 273830
16 23 1079500
16 20 339130
16 6 789380
16 13 597310
17 14 467330
17 13 1137340
17 19 240140
17 25 1181020
18 22 86690
18 25 1654880
18 19 35670
19 17 240140
19 18 35670
19 22 74150
20 16 339130
20 25 764240
20 23 537830
21 24 518930
21 23 241650
21 7 753350
22 18 86690
22 19 74150
23 21 241650
23 24 657240
23 16 1079500
23 20 537830
24 21 518930
24 23 657240
25 20 764240
25 18 1654880
25 17 1181020
