0 4 381740
0 2 109710
1 2 2057740
1 5 4193690
1 3 682620
2 1 2057740
2 0 109710
2 4 3019310
3 4 824540
3 1 682620
3 5 36180
4 0 381740
4 3 824540
4 2 3019310
4 11 4291950
5 1 4193690
5 3 36180
5 7 1845280
5 6 2958480
6 8 326880
6 7 867530
6 5 2958480
6 11 559510
6 16 2993050
7 6 867530
7 21 2593540
7 5 1845280
8 6 326880
8 10 318730
8 15 511600
9 12 573110
9 10 111230
10 15 4051650
10 8 318730
10 11 4221070
10 9 111230
11 4 4291950
11 6 559510
11 10 4221070
12 9 573110
12 14 1555810
12 13 638650
12 15 1184250
13 12 638650
13 15 3837380
13 17 3454130
13 16 1608840
14 17 1632420
14 12 1555810
15 10 4051650
15 13 3837380
15 12 1184250
15 8 511600
16 23 2862900
16 20 1710470
16 6 2993050
16 13 1608840
17 14 1632420
17 13 3454130
17 19 578770
17 25 3908590
18 22 441700
18 25 5483800
18 19 240670
19 17 578770
19 18 240670
19 22 177160
20 16 1710470
20 25 3937880
20 23 2671110
21 24 1599480
21 23 943680
21 7 2593540
22 18 441700
22 19 177160
23 21 943680
23 24 2169490
23 16 2862900
23 20 2671110
24 21 1599480
24 23 2169490
25 20 3937880
25 18 5483800
25 17 3908590
