0 4 115500
0 2 1390
1 2 434390
1 5 904790
1 3 306150
2 1 434390
2 0 1390
2 4 1022290
3 4 318120
3 1 306150
3 5 59900
4 0 115500
4 3 318120
4 2 1022290
4 11 1553550
5 1 904790
5 3 59900
5 7 281740
5 6 758940
6 8 104810
6 7 204610
6 5 758940
6 11 128150
6 16 701970
7 6 204610
7 21 572770
7 5 281740
8 6 104810
8 10 164480
8 15 110950
9 12 144350
9 10 92180
10 15 1426620
10 8 164480
10 11 1466700
10 9 92180
11 4 1553550
11 6 128150
11 10 1466700
12 9 144350
12 14 496760
12 13 193800
12 15 429940
13 12 193800
13 15 1185320
13 17 1228590
13 16 432770
14 17 528910
14 12 496760
15 10 1426620
15 13 1185320
15 12 429940
15 8 110950
16 23 606750
16 20 577940
16 6 701970
16 13 432770
17 14 528910
17 13 1228590
17 19 238740
17 25 1481850
18 22 118550
18 25 1735650
18 19 98470
19 17 238740
19 18 98470
19 22 95070
20 16 577940
20 25 1128140
20 23 681050
21 24 221810
21 23 342160
21 7 572770
22 18 118550
22 19 95070
23 21 342160
23 24 512230
23 16 606750
23 20 681050
24 21 221810
24 23 512230
25 20 1128140
25 18 1735650
25 17 1481850
