0 4 100850
0 2 37580
1 2 558630
1 5 684860
1 3 127930
2 1 558630
2 0 37580
2 4 833390
3 4 162850
3 1 127930
3 5 5570
4 0 100850
4 3 162850
4 2 833390
4 11 1152470
5 1 684860
5 3 5570
5 7 238870
5 6 441390
6 8 104430
6 7 230350
6 5 441390
6 11 136460
6 16 431040
7 6 230350
7 21 746100
7 5 238870
8 6 104430
8 10 52960
8 15 163210
9 12 195920
9 10 50490
10 15 1030340
10 8 52960
10 11 1120750
10 9 50490
11 4 1152470
11 6 136460
11 10 1120750
12 9 195920
12 14 260980
12 13 261760
12 15 349220
13 12 261760
13 15 880490
13 17 854350
13 16 554830
14 17 247080
14 12 260980
15 10 1030340
15 13 880490
15 12 349220
15 8 163210
16 23 824720
16 20 231760
16 6 431040
16 13 554830
17 14 247080
17 13 854350
17 19 58940
17 25 837840
18 22 86400
18 25 1374580
18 19 31380
19 17 58940
19 18 31380
19 22 40580
20 16 231760
20 25 605760
20 23 408880
21 24 247990
21 23 474190
21 7 746100
22 18 86400
22 19 40580
23 21 474190
23 24 573570
23 16 824720
23 20 408880
24 21 247990
24 23 573570
25 20 605760
25 18 1374580
25 17 837840
