0 4 189270
0 2 69310
1 2 816350
1 5 1052440
1 3 135740
2 1 816350
2 0 69310
2 4 937660
3 4 223310
3 1 135740
3 5 68790
4 0 189270
4 3 223310
4 2 937660
4 11 1402130
5 1 1052440
5 3 68790
5 7 626340
5 6 519090
6 8 134980
6 7 213170
6 5 519090
6 11 78360
6 16 507480
7 6 213170
7 21 999960
7 5 626340
8 6 134980
8 10 120170
8 15 119650
9 12 26760
9 10 108570
10 15 1109040
10 8 120170
10 11 1274600
10 9 108570
11 4 1402130
11 6 78360
11 10 1274600
12 9 26760
12 14 338290
12 13 149680
12 15 287640
13 12 149680
13 15 981130
13 17 796360
13 16 440470
14 17 444090
14 12 338290
15 10 1109040
15 13 981130
15 12 287640
15 8 119650
16 23 717860
16 20 228250
16 6 507480
16 13 440470
17 14 444090
17 13 796360
17 19 185850
17 25 862610
18 22 53360
18 25 1507430
18 19 69910
19 17 185850
19 18 69910
19 22 104000
20 16 228250
20 25 1059100
20 23 927780
21 24 322800
21 23 663940
21 7 999960
22 18 53360
22 19 104000
23 21 663940
23 24 564150
23 16 717860
23 20 927780
24 21 322800
24 23 564150
25 20 1059100
25 18 1507430
25 17 862610
