0 4 324200
0 2 58900
1 2 1704330
1 5 2844330
1 3 898750
2 1 1704330
2 0 58900
2 4 2056190
3 4 957610
3 1 898750
3 5 277660
4 0 324200
4 3 957610
4 2 2056190
4 11 3583900
5 1 2844330
5 3 277660
5 7 1204780
5 6 2233800
6 8 798860
6 7 1020580
6 5 2233800
6 11 530170
6 16 2095870
7 6 1020580
7 21 2369270
7 5 1204780
8 6 798860
8 10 181290
8 15 553960
9 12 373930
9 10 202540
10 15 3125710
10 8 181290
10 11 3358940
10 9 202540
11 4 3583900
11 6 530170
11 10 3358940
12 9 373930
12 14 1043790
12 13 987350
12 15 1093760
13 12 987350
13 15 2779860
13 17 2410350
13 16 1704310
14 17 1273910
14 12 1043790
15 10 3125710
15 13 2779860
15 12 1093760
15 8 553960
16 23 2195700
16 20 1615140
16 6 2095870
16 13 1704310
17 14 1273910
17 13 2410350
17 19 761990
17 25 2415990
18 22 478880
18 25 4376210
18 19 271060
19 17 761990
19 18 271060
19 22 499700
20 16 1615140
20 25 3564980
20 23 2309990
21 24 1313940
21 23 1199800
21 7 2369270
22 18 478880
22 19 499700
23 21 1199800
23 24 1634890
23 16 2195700
23 20 2309990
24 21 1313940
24 23 1634890
25 20 3564980
25 18 4376210
25 17 2415990
