0 4 410000
0 2 73590
1 2 1453770
1 5 2621630
1 3 291090
2 1 1453770
2 0 73590
2 4 2083480
3 4 338740
3 1 291090
3 5 254120
4 0 410000
4 3 338740
4 2 2083480
4 11 2985770
5 1 2621630
5 3 254120
5 7 1336800
5 6 1690770
6 8 1102590
6 7 1264900
6 5 1690770
6 11 231210
6 16 1612260
7 6 1264900
7 21 1809970
7 5 1336800
8 6 1102590
8 10 146680
8 15 1086080
9 12 153750
9 10 85660
10 15 2730600
10 8 146680
10 11 2750060
10 9 85660
11 4 2985770
11 6 231210
11 10 2750060
12 9 153750
12 14 820460
12 13 877540
12 15 1440450
13 12 877540
13 15 2480300
13 17 2176110
13 16 1404500
14 17 776900
14 12 820460
15 10 2730600
15 13 2480300
15 12 1440450
15 8 1086080
16 23 2161460
16 20 845640
16 6 1612260
16 13 1404500
17 14 776900
17 13 2176110
17 19 371750
17 25 2247950
18 22 28460
18 25 3422800
18 19 153340
19 17 371750
19 18 153340
19 22 227540
20 16 845640
20 25 2202500
20 23 1484640
21 24 821940
21 23 1048450
21 7 1809970
22 18 28460
22 19 227540
23 21 1048450
23 24 936150
23 16 2161460
23 20 1484640
24 21 821940
24 23 936150
25 20 2202500
25 18 3422800
25 17 2247950
