0 4 115520
0 2 1
1 2 621780
1 5 675460
1 3 165440
2 1 621780
2 0 1
2 4 800480
3 4 154300
3 1 165440
3 5 91890
4 0 115520
4 3 154300
4 2 800480
4 11 1085100
5 1 675460
5 3 91890
5 7 317690
5 6 494190
6 8 279090
6 7 303980
6 5 494190
6 11 119590
6 16 449350
7 6 303980
7 21 1037140
7 5 317690
8 6 279090
8 10 71080
8 15 309360
9 12 152140
9 10 104700
10 15 953240
10 8 71080
10 11 1003560
10 9 104700
11 4 1085100
11 6 119590
11 10 1003560
12 9 152140
12 14 198030
12 13 221280
12 15 356240
13 12 221280
13 15 948900
13 17 1016450
13 16 414990
14 17 188190
14 12 198030
15 10 953240
15 13 948900
15 12 356240
15 8 309360
16 23 685170
16 20 196880
16 6 449350
16 13 414990
17 14 188190
17 13 1016450
17 19 174640
17 25 900780
18 22 38290
18 25 1359830
18 19 68470
19 17 174640
19 18 68470
19 22 121700
20 16 196880
20 25 815850
20 23 655730
21 24 419560
21 23 567050
21 7 1037140
22 18 38290
22 19 121700
23 21 567050
23 24 613110
23 16 685170
23 20 655730
24 21 419560
24 23 613110
25 20 815850
25 18 1359830
25 17 900780
