0 4 621610
0 2 26800
1 2 2020290
1 5 3307060
1 3 761050
2 1 2020290
2 0 26800
2 4 2059840
3 4 784510
3 1 761050
3 5 294120
4 0 621610
4 3 784510
4 2 2059840
4 11 3717730
5 1 3307060
5 3 294120
5 7 1296070
5 6 2288050
6 8 693540
6 7 971780
6 5 2288050
6 11 484580
6 16 2014950
7 6 971780
7 21 1918510
7 5 1296070
8 6 693540
8 10 145770
8 15 688260
9 12 443700
9 10 268910
10 15 3219610
10 8 145770
10 11 3414910
10 9 268910
11 4 3717730
11 6 484580
11 10 3414910
12 9 443700
12 14 1482540
12 13 706210
12 15 1352980
13 12 706210
13 15 2679840
13 17 2460120
13 16 1486580
14 17 1539130
14 12 1482540
15 10 3219610
15 13 2679840
15 12 1352980
15 8 688260
16 23 2278990
16 20 1374340
16 6 2014950
16 13 1486580
17 14 1539130
17 13 2460120
17 19 464450
17 25 3183400
18 22 274140
18 25 4976260
18 19 346290
19 17 464450
19 18 346290
19 22 241880
20 16 1374340
20 25 2974040
20 23 1890630
21 24 1106570
21 23 1049570
21 7 1918510
22 18 274140
22 19 241880
23 21 1049570
23 24 1774750
23 16 2278990
23 20 1890630
24 21 1106570
24 23 1774750
25 20 2974040
25 18 4976260
25 17 3183400
