0 4 508400
0 2 165510
1 2 1580440
1 5 3380140
1 3 410260
2 1 1580440
2 0 165510
2 4 1964960
3 4 398630
3 1 410260
3 5 154800
4 0 508400
4 3 398630
4 2 1964960
4 11 3132040
5 1 3380140
5 3 154800
5 7 1561620
5 6 2264670
6 8 596360
6 7 941100
6 5 2264670
6 11 438420
6 16 2225770
7 6 941100
7 21 2126900
7 5 1561620
8 6 596360
8 10 281600
8 15 666220
9 12 276870
9 10 180100
10 15 2867990
10 8 281600
10 11 2804670
10 9 180100
11 4 3132040
11 6 438420
11 10 2804670
12 9 276870
12 14 1049480
12 13 764040
12 15 1241880
13 12 764040
13 15 2391100
13 17 2049960
13 16 1380440
14 17 992330
14 12 1049480
15 10 2867990
15 13 2391100
15 12 1241880
15 8 666220
16 23 2144240
16 20 1344240
16 6 2225770
16 13 1380440
17 14 992330
17 13 2049960
17 19 403240
17 25 2306990
18 22 168100
18 25 4251040
18 19 197070
19 17 403240
19 18 197070
19 22 181880
20 16 1344240
20 25 2992920
20 23 1899420
21 24 1167320
21 23 1082160
21 7 2126900
22 18 168100
22 19 181880
23 21 1082160
23 24 1466920
23 16 2144240
23 20 1899420
24 21 1167320
24 23 1466920
25 20 2992920
25 18 4251040
25 17 2306990
