0 4 51390
0 2 38940
1 2 277550
1 5 523980
1 3 124720
2 1 277550
2 0 38940
2 4 720520
3 4 119060
3 1 124720
3 5 48310
4 0 51390
4 3 119060
4 2 720520
4 11 942860
5 1 523980
5 3 48310
5 7 185320
5 6 522200
6 8 155180
6 7 231300
6 5 522200
6 11 113630
6 16 436790
7 6 231300
7 21 549530
7 5 185320
8 6 155180
8 10 78720
8 15 162560
9 12 109960
9 10 89490
10 15 885150
10 8 78720
10 11 919050
10 9 89490
11 4 942860
11 6 113630
11 10 919050
12 9 109960
12 14 393920
12 13 97340
12 15 362760
13 12 97340
13 15 702270
13 17 570810
13 16 296270
14 17 455030
14 12 393920
15 10 885150
15 13 702270
15 12 362760
15 8 162560
16 23 589990
16 20 239800
16 6 436790
16 13 296270
17 14 455030
17 13 570810
17 19 100050
17 25 836470
18 22 68780
18 25 1471550
18 19 95580
19 17 100050
19 18 95580
19 22 16460
20 16 239800
20 25 869590
20 23 620150
21 24 308690
21 23 290990
21 7 549530
22 18 68780
22 19 16460
23 21 290990
23 24 504980
23 16 589990
23 20 620150
24 21 308690
24 23 504980
25 20 869590
25 18 1471550
25 17 836470
