0 4 303660
0 2 42770
1 2 1341180
1 5 2042540
1 3 482370
2 1 1341180
2 0 42770
2 4 1346720
3 4 484690
3 1 482370
3 5 184270
4 0 303660
4 3 484690
4 2 1346720
4 11 2073610
5 1 2042540
5 3 184270
5 7 984080
5 6 1531910
6 8 630350
6 7 841160
6 5 1531910
6 11 277470
6 16 1489370
7 6 841160
7 21 1402080
7 5 984080
8 6 630350
8 10 38700
8 15 624490
9 12 85550
9 10 50100
10 15 2048500
10 8 38700
10 11 1913970
10 9 50100
11 4 2073610
11 6 277470
11 10 1913970
12 9 85550
12 14 793080
12 13 345600
12 15 1240730
13 12 345600
13 15 1523010
13 17 1358780
13 16 902590
14 17 769710
14 12 793080
15 10 2048500
15 13 1523010
15 12 1240730
15 8 624490
16 23 1581960
16 20 749240
16 6 1489370
16 13 902590
17 14 769710
17 13 1358780
17 19 243690
17 25 1541680
18 22 207660
18 25 2597920
18 19 176230
19 17 243690
19 18 176230
19 22 63120
20 16 749240
20 25 1872410
20 23 1206560
21 24 902680
21 23 453910
21 7 1402080
22 18 207660
22 19 63120
23 21 453910
23 24 1076080
23 16 1581960
23 20 1206560
24 21 902680
24 23 1076080
25 20 1872410
25 18 2597920
25 17 1541680
