0 4 110320
0 2 24230
1 2 864300
1 5 1325900
1 3 100210
2 1 864300
2 0 24230
2 4 695220
3 4 209690
3 1 100210
3 5 41790
4 0 110320
4 3 209690
4 2 695220
4 11 1155660
5 1 1325900
5 3 41790
5 7 541020
5 6 934640
6 8 280450
6 7 356610
6 5 934640
6 11 165280
6 16 864180
7 6 356610
7 21 1014810
7 5 541020
8 6 280450
8 10 52180
8 15 309590
9 12 115350
9 10 20460
10 15 1082030
10 8 52180
10 11 1093400
10 9 20460
11 4 1155660
11 6 165280
11 10 1093400
12 9 115350
12 14 556080
12 13 193180
12 15 451080
13 12 193180
13 15 1035970
13 17 996420
13 16 381660
14 17 587580
14 12 556080
15 10 1082030
15 13 1035970
15 12 451080
15 8 309590
16 23 825840
16 20 446460
16 6 864180
16 13 381660
17 14 587580
17 13 996420
17 19 201180
17 25 1142950
18 22 88080
18 25 1589520
18 19 80570
19 17 201180
19 18 80570
19 22 71390
20 16 446460
20 25 970980
20 23 589610
21 24 364440
21 23 715320
21 7 1014810
22 18 88080
22 19 71390
23 21 715320
23 24 393530
23 16 825840
23 20 589610
24 21 364440
24 23 393530
25 20 970980
25 18 1589520
25 17 1142950
