0 4 142410
0 2 570
1 2 661200
1 5 920220
1 3 80870
2 1 661200
2 0 570
2 4 696980
3 4 161710
3 1 80870
3 5 33170
4 0 142410
4 3 161710
4 2 696980
4 11 988670
5 1 920220
5 3 33170
5 7 268870
5 6 680240
6 8 194850
6 7 296810
6 5 680240
6 11 179200
6 16 683200
7 6 296810
7 21 853600
7 5 268870
8 6 194850
8 10 121070
8 15 256820
9 12 100860
9 10 68860
10 15 1015680
10 8 121070
10 11 1016190
10 9 68860
11 4 988670
11 6 179200
11 10 1016190
12 9 100860
12 14 575700
12 13 240990
12 15 277910
13 12 240990
13 15 1021740
13 17 960490
13 16 485840
14 17 582520
14 12 575700
15 10 1015680
15 13 1021740
15 12 277910
15 8 256820
16 23 715370
16 20 471180
16 6 683200
16 13 485840
17 14 582520
17 13 960490
17 19 134550
17 25 1248190
18 22 39560
18 25 1804210
18 19 120400
19 17 134550
19 18 120400
19 22 41500
20 16 471180
20 25 1288160
20 23 964680
21 24 351270
21 23 565250
21 7 853600
22 18 39560
22 19 41500
23 21 565250
23 24 525790
23 16 715370
23 20 964680
24 21 351270
24 23 525790
25 20 1288160
25 18 1804210
25 17 1248190
