0 4 86900
0 2 27320
1 2 777990
1 5 978160
1 3 189730
2 1 777990
2 0 27320
2 4 646780
3 4 324820
3 1 189730
3 5 123410
4 0 86900
4 3 324820
4 2 646780
4 11 1131390
5 1 978160
5 3 123410
5 7 530410
5 6 625480
6 8 226470
6 7 321990
6 5 625480
6 11 98920
6 16 590760
7 6 321990
7 21 784160
7 5 530410
8 6 226470
8 10 19640
8 15 219530
9 12 71620
9 10 37760
10 15 1023640
10 8 19640
10 11 1100380
10 9 37760
11 4 1131390
11 6 98920
11 10 1100380
12 9 71620
12 14 438420
12 13 179220
12 15 500960
13 12 179220
13 15 751520
13 17 701550
13 16 272070
14 17 386610
14 12 438420
15 10 1023640
15 13 751520
15 12 500960
15 8 219530
16 23 670920
16 20 196390
16 6 590760
16 13 272070
17 14 386610
17 13 701550
17 19 177490
17 25 781090
18 22 67760
18 25 1115510
18 19 93430
19 17 177490
19 18 93430
19 22 130310
20 16 196390
20 25 823000
20 23 672290
21 24 312880
21 23 453540
21 7 784160
22 18 67760
22 19 130310
23 21 453540
23 24 278140
23 16 670920
23 20 672290
24 21 312880
24 23 278140
25 20 823000
25 18 1115510
25 17 781090
