0 4 130350
0 2 7960
1 2 480200
1 5 712450
1 3 235820
2 1 480200
2 0 7960
2 4 848450
3 4 392390
3 1 235820
3 5 57730
4 0 130350
4 3 392390
4 2 848450
4 11 1431270
5 1 712450
5 3 57730
5 7 460490
5 6 435690
6 8 444260
6 7 547820
6 5 435690
6 11 118170
6 16 322460
7 6 547820
7 21 631720
7 5 460490
8 6 444260
8 10 44300
8 15 412150
9 12 148040
9 10 55500
10 15 1367580
10 8 44300
10 11 1373930
10 9 55500
11 4 1431270
11 6 118170
11 10 1373930
12 9 148040
12 14 461900
12 13 217080
12 15 748870
13 12 217080
13 15 1115770
13 17 1100790
13 16 383970
14 17 463020
14 12 461900
15 10 1367580
15 13 1115770
15 12 748870
15 8 412150
16 23 458970
16 20 226020
16 6 322460
16 13 383970
17 14 463020
17 13 1100790
17 19 140700
17 25 1204710
18 22 22110
18 25 1790090
18 19 100460
19 17 140700
19 18 100460
19 22 77710
20 16 226020
20 25 793560
20 23 507680
21 24 419530
21 23 272510
21 7 631720
22 18 22110
22 19 77710
23 21 272510
23 24 314290
23 16 458970
23 20 507680
24 21 419530
24 23 314290
25 20 793560
25 18 1790090
25 17 1204710
