0 4 100170
0 2 30400
1 2 680530
1 5 1051700
1 3 302890
2 1 680530
2 0 30400
2 4 597660
3 4 361310
3 1 302890
3 5 44140
4 0 100170
4 3 361310
4 2 597660
4 11 1109610
5 1 1051700
5 3 44140
5 7 481210
5 6 701030
6 8 319680
6 7 427500
6 5 701030
6 11 140850
6 16 630970
7 6 427500
7 21 930370
7 5 481210
8 6 319680
8 10 83780
8 15 286810
9 12 74700
9 10 52930
10 15 1025200
10 8 83780
10 11 993260
10 9 52930
11 4 1109610
11 6 140850
11 10 993260
12 9 74700
12 14 375240
12 13 176910
12 15 463900
13 12 176910
13 15 929540
13 17 790640
13 16 507940
14 17 361090
14 12 375240
15 10 1025200
15 13 929540
15 12 463900
15 8 286810
16 23 575290
16 20 511440
16 6 630970
16 13 507940
17 14 361090
17 13 790640
17 19 166910
17 25 844120
18 22 41300
18 25 1594100
18 19 62850
19 17 166910
19 18 62850
19 22 99760
20 16 511440
20 25 1174880
20 23 743300
21 24 445290
21 23 480840
21 7 930370
22 18 41300
22 19 99760
23 21 480840
23 24 406820
23 16 575290
23 20 743300
24 21 445290
24 23 406820
25 20 1174880
25 18 1594100
25 17 844120
