0 4 44950
0 2 48580
1 2 778300
1 5 618030
1 3 150610
2 1 778300
2 0 48580
2 4 708680
3 4 126350
3 1 150610
3 5 21000
4 0 44950
4 3 126350
4 2 708680
4 11 1006520
5 1 618030
5 3 21000
5 7 247590
5 6 418990
6 8 260330
6 7 323740
6 5 418990
6 11 148790
6 16 366920
7 6 323740
7 21 598040
7 5 247590
8 6 260330
8 10 72850
8 15 240480
9 12 105160
9 10 76940
10 15 933170
10 8 72850
10 11 961250
10 9 76940
11 4 1006520
11 6 148790
11 10 961250
12 9 105160
12 14 406900
12 13 219010
12 15 380470
13 12 219010
13 15 777210
13 17 751730
13 16 366210
14 17 442100
14 12 406900
15 10 933170
15 13 777210
15 12 380470
15 8 240480
16 23 483060
16 20 290710
16 6 366920
16 13 366210
17 14 442100
17 13 751730
17 19 148170
17 25 899150
18 22 58430
18 25 1406510
18 19 81510
19 17 148170
19 18 81510
19 22 87040
20 16 290710
20 25 1010540
20 23 809340
21 24 302330
21 23 292920
21 7 598040
22 18 58430
22 19 87040
23 21 292920
23 24 509690
23 16 483060
23 20 809340
24 21 302330
24 23 509690
25 20 1010540
25 18 1406510
25 17 899150
