0 4 160680
0 2 25230
1 2 777430
1 5 1262880
1 3 130190
2 1 777430
2 0 25230
2 4 864280
3 4 106820
3 1 130190
3 5 38360
4 0 160680
4 3 106820
4 2 864280
4 11 1268300
5 1 1262880
5 3 38360
5 7 737870
5 6 584590
6 8 253190
6 7 449320
6 5 584590
6 11 136950
6 16 544140
7 6 449320
7 21 856180
7 5 737870
8 6 253190
8 10 107740
8 15 300220
9 12 109180
9 10 58580
10 15 972150
10 8 107740
10 11 1116810
10 9 58580
11 4 1268300
11 6 136950
11 10 1116810
12 9 109180
12 14 383670
12 13 144720
12 15 574650
13 12 144720
13 15 759530
13 17 671830
13 16 202350
14 17 319310
14 12 383670
15 10 972150
15 13 759530
15 12 574650
15 8 300220
16 23 404650
16 20 323030
16 6 544140
16 13 202350
17 14 319310
17 13 671830
17 19 48600
17 25 907780
18 22 37220
18 25 1043600
18 19 10600
19 17 48600
19 18 10600
19 22 14900
20 16 323030
20 25 910140
20 23 624510
21 24 462860
21 23 399540
21 7 856180
22 18 37220
22 19 14900
23 21 399540
23 24 235010
23 16 404650
23 20 624510
24 21 462860
24 23 235010
25 20 910140
25 18 1043600
25 17 907780
