0 4 351890
0 2 4900
1 2 1664150
1 5 2558150
1 3 631390
2 1 1664150
2 0 4900
2 4 1760430
3 4 704390
3 1 631390
3 5 155130
4 0 351890
4 3 704390
4 2 1760430
4 11 3013500
5 1 2558150
5 3 155130
5 7 1185780
5 6 1558530
6 8 461710
6 7 707470
6 5 1558530
6 11 295660
6 16 1367140
7 6 707470
7 21 1988840
7 5 1185780
8 6 461710
8 10 175330
8 15 380210
9 12 231970
9 10 147060
10 15 2607490
10 8 175330
10 11 2858340
10 9 147060
11 4 3013500
11 6 295660
11 10 2858340
12 9 231970
12 14 1076000
12 13 475720
12 15 1110410
13 12 475720
13 15 1893190
13 17 1985070
13 16 1139330
14 17 1143620
14 12 1076000
15 10 2607490
15 13 1893190
15 12 1110410
15 8 380210
16 23 1656100
16 20 885410
16 6 1367140
16 13 1139330
17 14 1143620
17 13 1985070
17 19 338810
17 25 2345050
18 22 120150
18 25 3930170
18 19 390770
19 17 338810
19 18 390770
19 22 205760
20 16 885410
20 25 2816770
20 23 1984680
21 24 878580
21 23 1224850
21 7 1988840
22 18 120150
22 19 205760
23 21 1224850
23 24 1434300
23 16 1656100
23 20 1984680
24 21 878580
24 23 1434300
25 20 2816770
25 18 3930170
25 17 2345050
