0 4 79790
0 2 53940
1 2 350830
1 5 669290
1 3 172970
2 1 350830
2 0 53940
2 4 645340
3 4 172110
3 1 172970
3 5 52590
4 0 79790
4 3 172110
4 2 645340
4 11 920960
5 1 669290
5 3 52590
5 7 209250
5 6 630060
6 8 162930
6 7 281430
6 5 630060
6 11 82960
6 16 578270
7 6 281430
7 21 587430
7 5 209250
8 6 162930
8 10 85960
8 15 171910
9 12 82640
9 10 71370
10 15 900550
10 8 85960
10 11 935780
10 9 71370
11 4 920960
11 6 82960
11 10 935780
12 9 82640
12 14 467790
12 13 132380
12 15 365370
13 12 132380
13 15 715470
13 17 588870
13 16 334270
14 17 485670
14 12 467790
15 10 900550
15 13 715470
15 12 365370
15 8 171910
16 23 710440
16 20 251680
16 6 578270
16 13 334270
17 14 485670
17 13 588870
17 19 94130
17 25 887100
18 22 37840
18 25 1476540
18 19 48880
19 17 94130
19 18 48880
19 22 24860
20 16 251680
20 25 851540
20 23 641380
21 24 313070
21 23 357840
21 7 587430
22 18 37840
22 19 24860
23 21 357840
23 24 489770
23 16 710440
23 20 641380
24 21 313070
24 23 489770
25 20 851540
25 18 1476540
25 17 887100
