0 4 59400
0 2 57720
1 2 898360
1 5 962200
1 3 111810
2 1 898360
2 0 57720
2 4 908970
3 4 107320
3 1 111810
3 5 56930
4 0 59400
4 3 107320
4 2 908970
4 11 1131710
5 1 962200
5 3 56930
5 7 575470
5 6 520290
6 8 144310
6 7 204490
6 5 520290
6 11 73120
6 16 503050
7 6 204490
7 21 820360
7 5 575470
8 6 144310
8 10 69160
8 15 175000
9 12 17630
9 10 22420
10 15 1353390
10 8 69160
10 11 1261410
10 9 22420
11 4 1131710
11 6 73120
11 10 1261410
12 9 17630
12 14 411050
12 13 65860
12 15 361490
13 12 65860
13 15 1114610
13 17 1166690
13 16 325960
14 17 433140
14 12 411050
15 10 1353390
15 13 1114610
15 12 361490
15 8 175000
16 23 425710
16 20 327310
16 6 503050
16 13 325960
17 14 433140
17 13 1166690
17 19 291670
17 25 1106850
18 22 171640
18 25 1633260
18 19 109760
19 17 291670
19 18 109760
19 22 156740
20 16 327310
20 25 1001880
20 23 743260
21 24 514130
21 23 332870
21 7 820360
22 18 171640
22 19 156740
23 21 332870
23 24 529490
23 16 425710
23 20 743260
24 21 514130
24 23 529490
25 20 1001880
25 18 1633260
25 17 1106850
