0 4 374130
0 2 214350
1 2 2845770
1 5 3860630
1 3 853680
2 1 2845770
2 0 214350
2 4 2679400
3 4 931990
3 1 853680
3 5 383610
4 0 374130
4 3 931990
4 2 2679400
4 11 4394160
5 1 3860630
5 3 383610
5 7 2070780
5 6 2516380
6 8 1535590
6 7 1854920
6 5 2516380
6 11 644690
6 16 2440230
7 6 1854920
7 21 2542730
7 5 2070780
8 6 1535590
8 10 116070
8 15 1369150
9 12 415850
9 10 237380
10 15 4037260
10 8 116070
10 11 4396760
10 9 237380
11 4 4394160
11 6 644690
11 10 4396760
12 9 415850
12 14 1388290
12 13 660360
12 15 2511870
13 12 660360
13 15 2882590
13 17 3083300
13 16 1507210
14 17 1467760
14 12 1388290
15 10 4037260
15 13 2882590
15 12 2511870
15 8 1369150
16 23 2183020
16 20 1819390
16 6 2440230
16 13 1507210
17 14 1467760
17 13 3083300
17 19 673060
17 25 3374170
18 22 468520
18 25 6645440
18 19 371390
19 17 673060
19 18 371390
19 22 322420
20 16 1819390
20 25 4208080
20 23 2879900
21 24 1433110
21 23 1273550
21 7 2542730
22 18 468520
22 19 322420
23 21 1273550
23 24 2073400
23 16 2183020
23 20 2879900
24 21 1433110
24 23 2073400
25 20 4208080
25 18 6645440
25 17 3374170
