0 4 356860
0 2 132700
1 2 1469070
1 5 2570550
1 3 579680
2 1 1469070
2 0 132700
2 4 1937180
3 4 479520
3 1 579680
3 5 161460
4 0 356860
4 3 479520
4 2 1937180
4 11 2882350
5 1 2570550
5 3 161460
5 7 1430960
5 6 1508780
6 8 1167670
6 7 1307040
6 5 1508780
6 11 249740
6 16 1453680
7 6 1307040
7 21 1669320
7 5 1430960
8 6 1167670
8 10 142250
8 15 1167960
9 12 205800
9 10 84730
10 15 2760550
10 8 142250
10 11 2699620
10 9 84730
11 4 2882350
11 6 249740
11 10 2699620
12 9 205800
12 14 885080
12 13 738140
12 15 1655830
13 12 738140
13 15 2415000
13 17 2207520
13 16 1535930
14 17 1025570
14 12 885080
15 10 2760550
15 13 2415000
15 12 1655830
15 8 1167960
16 23 2125360
16 20 924560
16 6 1453680
16 13 1535930
17 14 1025570
17 13 2207520
17 19 418300
17 25 2214610
18 22 223830
18 25 3662550
18 19 114340
19 17 418300
19 18 114340
19 22 200860
20 16 924560
20 25 2224160
20 23 1457190
21 24 861830
21 23 902670
21 7 1669320
22 18 223830
22 19 200860
23 21 902670
23 24 1360170
23 16 2125360
23 20 1457190
24 21 861830
24 23 1360170
25 20 2224160
25 18 3662550
25 17 2214610
