0 4 203370
0 2 2370
1 2 1541010
1 5 2356280
1 3 231150
2 1 1541010
2 0 2370
2 4 1409960
3 4 288630
3 1 231150
3 5 50950
4 0 203370
4 3 288630
4 2 1409960
4 11 2110920
5 1 2356280
5 3 50950
5 7 979880
5 6 1520710
6 8 469970
6 7 665030
6 5 1520710
6 11 224740
6 16 1486650
7 6 665030
7 21 996460
7 5 979880
8 6 469970
8 10 119430
8 15 352690
9 12 147110
9 10 90110
10 15 1898500
10 8 119430
10 11 1995020
10 9 90110
11 4 2110920
11 6 224740
11 10 1995020
12 9 147110
12 14 972000
12 13 410310
12 15 428250
13 12 410310
13 15 1920990
13 17 1659230
13 16 791500
14 17 984830
14 12 972000
15 10 1898500
15 13 1920990
15 12 428250
15 8 352690
16 23 1017630
16 20 1252030
16 6 1486650
16 13 791500
17 14 984830
17 13 1659230
17 19 278850
17 25 2105180
18 22 202020
18 25 2807050
18 19 163150
19 17 278850
19 18 163150
19 22 147400
20 16 1252030
20 25 1877980
20 23 862470
21 24 690730
21 23 325260
21 7 996460
22 18 202020
22 19 147400
23 21 325260
23 24 634100
23 16 1017630
23 20 862470
24 21 690730
24 23 634100
25 20 1877980
25 18 2807050
25 17 2105180
