0 4 951680
0 2 229040
1 2 4718860
1 5 5805280
1 3 1456960
2 1 4718860
2 0 229040
2 4 5000540
3 4 1527420
3 1 1456960
3 5 485830
4 0 951680
4 3 1527420
4 2 5000540
4 11 8445130
5 1 5805280
5 3 485830
5 7 2783020
5 6 3615780
6 8 2063720
6 7 3214610
6 5 3615780
6 11 1252320
6 16 3486300
7 6 3214610
7 21 5267440
7 5 2783020
8 6 2063720
8 10 740880
8 15 1922580
9 12 481520
9 10 519160
10 15 7373910
10 8 740880
10 11 7942010
10 9 519160
11 4 8445130
11 6 1252320
11 10 7942010
12 9 481520
12 14 2343260
12 13 1556830
12 15 3823370
13 12 1556830
13 15 5594930
13 17 5486730
13 16 2675870
14 17 2623030
14 12 2343260
15 10 7373910
15 13 5594930
15 12 3823370
15 8 1922580
16 23 4401490
16 20 1985300
16 6 3486300
16 13 2675870
17 14 2623030
17 13 5486730
17 19 969760
17 25 5837580
18 22 585470
18 25 8491250
18 19 488840
19 17 969760
19 18 488840
19 22 562730
20 16 1985300
20 25 5680710
20 23 4338430
21 24 2575590
21 23 2421350
21 7 5267440
22 18 585470
22 19 562730
23 21 2421350
23 24 3373330
23 16 4401490
23 20 4338430
24 21 2575590
24 23 3373330
25 20 5680710
25 18 8491250
25 17 5837580
