0 4 132150
0 2 83200
1 2 699530
1 5 873940
1 3 165610
2 1 699530
2 0 83200
2 4 636030
3 4 206130
3 1 165610
3 5 73600
4 0 132150
4 3 206130
4 2 636030
4 11 1087950
5 1 873940
5 3 73600
5 7 518040
5 6 459710
6 8 173670
6 7 340730
6 5 459710
6 11 199340
6 16 470120
7 6 340730
7 21 927610
7 5 518040
8 6 173670
8 10 70530
8 15 76370
9 12 61130
9 10 42950
10 15 755250
10 8 70530
10 11 882830
10 9 42950
11 4 1087950
11 6 199340
11 10 882830
12 9 61130
12 14 283020
12 13 216750
12 15 299430
13 12 216750
13 15 549970
13 17 681060
13 16 441170
14 17 312870
14 12 283020
15 10 755250
15 13 549970
15 12 299430
15 8 76370
16 23 563540
16 20 334830
16 6 470120
16 13 441170
17 14 312870
17 13 681060
17 19 107140
17 25 567320
18 22 101730
18 25 1206110
18 19 35820
19 17 107140
19 18 35820
19 22 13750
20 16 334830
20 25 1079040
20 23 834020
21 24 625340
21 23 374670
21 7 927610
22 18 101730
22 19 13750
23 21 374670
23 24 615050
23 16 563540
23 20 834020
24 21 625340
24 23 615050
25 20 1079040
25 18 1206110
25 17 567320
