0 4 420920
0 2 185830
1 2 2590630
1 5 3530800
1 3 1353040
2 1 2590630
2 0 185830
2 4 2315190
3 4 1324620
3 1 1353040
3 5 256030
4 0 420920
4 3 1324620
4 2 2315190
4 11 4391750
5 1 3530800
5 3 256030
5 7 1407180
5 6 2678850
6 8 600110
6 7 1085290
6 5 2678850
6 11 555960
6 16 2538490
7 6 1085290
7 21 2726140
7 5 1407180
8 6 600110
8 10 250600
8 15 610300
9 12 338210
9 10 249070
10 15 3918850
10 8 250600
10 11 4009600
10 9 249070
11 4 4391750
11 6 555960
11 10 4009600
12 9 338210
12 14 1315380
12 13 712690
12 15 1940790
13 12 712690
13 15 2721240
13 17 2643920
13 16 1572750
14 17 1337270
14 12 1315380
15 10 3918850
15 13 2721240
15 12 1940790
15 8 610300
16 23 2870440
16 20 1308270
16 6 2538490
16 13 1572750
17 14 1337270
17 13 2643920
17 19 451000
17 25 2888840
18 22 184230
18 25 5815230
18 19 294930
19 17 451000
19 18 294930
19 22 335680
20 16 1308270
20 25 3955150
20 23 2719010
21 24 1589290
21 23 1255230
21 7 2726140
22 18 184230
22 19 335680
23 21 1255230
23 24 1794490
23 16 2870440
23 20 2719010
24 21 1589290
24 23 1794490
25 20 3955150
25 18 5815230
25 17 2888840
