0 4 469130
0 2 38220
1 2 1843850
1 5 4132660
1 3 808330
2 1 1843850
2 0 38220
2 4 3517930
3 4 959110
3 1 808330
3 5 392120
4 0 469130
4 3 959110
4 2 3517930
4 11 4801950
5 1 4132660
5 3 392120
5 7 1488030
5 6 3248300
6 8 1074270
6 7 1482950
6 5 3248300
6 11 620640
6 16 3459910
7 6 1482950
7 21 3047030
7 5 1488030
8 6 1074270
8 10 180330
8 15 1192480
9 12 355320
9 10 221270
10 15 4071430
10 8 180330
10 11 4224710
10 9 221270
11 4 4801950
11 6 620640
11 10 4224710
12 9 355320
12 14 1205540
12 13 545810
12 15 2031470
13 12 545810
13 15 3407190
13 17 3533850
13 16 1584210
14 17 1532300
14 12 1205540
15 10 4071430
15 13 3407190
15 12 2031470
15 8 1192480
16 23 2623050
16 20 2376340
16 6 3459910
16 13 1584210
17 14 1532300
17 13 3533850
17 19 823870
17 25 3186330
18 22 208370
18 25 6403420
18 19 484310
19 17 823870
19 18 484310
19 22 398870
20 16 2376340
20 25 5980410
20 23 3658000
21 24 1507460
21 23 1842830
21 7 3047030
22 18 208370
22 19 398870
23 21 1842830
23 24 1741620
23 16 2623050
23 20 3658000
24 21 1507460
24 23 1741620
25 20 5980410
25 18 6403420
25 17 3186330
