0 4 420710
0 2 184040
1 2 2970750
1 5 2934350
1 3 1019280
2 1 2970750
2 0 184040
2 4 3545080
3 4 1089730
3 1 1019280
3 5 215330
4 0 420710
4 3 1089730
4 2 3545080
4 11 5248310
5 1 2934350
5 3 215330
5 7 1478950
5 6 2072630
6 8 628560
6 7 838670
6 5 2072630
6 11 412650
6 16 1982410
7 6 838670
7 21 2654490
7 5 1478950
8 6 628560
8 10 171460
8 15 694380
9 12 489810
9 10 245830
10 15 4927820
10 8 171460
10 11 5141870
10 9 245830
11 4 5248310
11 6 412650
11 10 5141870
12 9 489810
12 14 1183310
12 13 769320
12 15 1852410
13 12 769320
13 15 3880880
13 17 3532780
13 16 1370890
14 17 1130040
14 12 1183310
15 10 4927820
15 13 3880880
15 12 1852410
15 8 694380
16 23 2067290
16 20 1244140
16 6 1982410
16 13 1370890
17 14 1130040
17 13 3532780
17 19 427500
17 25 3780550
18 22 349580
18 25 5340640
18 19 145750
19 17 427500
19 18 145750
19 22 279920
20 16 1244140
20 25 2854260
20 23 1955540
21 24 1347480
21 23 1354660
21 7 2654490
22 18 349580
22 19 279920
23 21 1354660
23 24 1913160
23 16 2067290
23 20 1955540
24 21 1347480
24 23 1913160
25 20 2854260
25 18 5340640
25 17 3780550
