0 4 367640
0 2 161830
1 2 2924340
1 5 3877050
1 3 1109440
2 1 2924340
2 0 161830
2 4 2153200
3 4 1108900
3 1 1109440
3 5 215830
4 0 367640
4 3 1108900
4 2 2153200
4 11 3917800
5 1 3877050
5 3 215830
5 7 1592660
5 6 2818930
6 8 680690
6 7 1088580
6 5 2818930
6 11 580770
6 16 2659790
7 6 1088580
7 21 2927800
7 5 1592660
8 6 680690
8 10 210400
8 15 680600
9 12 266810
9 10 225470
10 15 3502170
10 8 210400
10 11 3418460
10 9 225470
11 4 3917800
11 6 580770
11 10 3418460
12 9 266810
12 14 1279300
12 13 657890
12 15 1769710
13 12 657890
13 15 2495020
13 17 2431540
13 16 1515430
14 17 1367150
14 12 1279300
15 10 3502170
15 13 2495020
15 12 1769710
15 8 680600
16 23 2896670
16 20 1363820
16 6 2659790
16 13 1515430
17 14 1367150
17 13 2431540
17 19 373000
17 25 2798140
18 22 223200
18 25 5504910
18 19 273300
19 17 373000
19 18 273300
19 22 276880
20 16 1363820
20 25 3999980
20 23 2709400
21 24 1645500
21 23 1451410
21 7 2927800
22 18 223200
22 19 276880
23 21 1451410
23 24 1858460
23 16 2896670
23 20 2709400
24 21 1645500
24 23 1858460
25 20 3999980
25 18 5504910
25 17 2798140
