0 4 110470
0 2 95250
1 2 880130
1 5 1383610
1 3 61150
2 1 880130
2 0 95250
2 4 589170
3 4 94850
3 1 61150
3 5 63670
4 0 110470
4 3 94850
4 2 589170
4 11 898790
5 1 1383610
5 3 63670
5 7 600430
5 6 926280
6 8 300190
6 7 306110
6 5 926280
6 11 32310
6 16 838600
7 6 306110
7 21 888950
7 5 600430
8 6 300190
8 10 49000
8 15 251280
9 12 132540
9 10 109010
10 15 896820
10 8 49000
10 11 848270
10 9 109010
11 4 898790
11 6 32310
11 10 848270
12 9 132540
12 14 443640
12 13 275870
12 15 371320
13 12 275870
13 15 816750
13 17 642360
13 16 622240
14 17 414550
14 12 443640
15 10 896820
15 13 816750
15 12 371320
15 8 251280
16 23 745340
16 20 693590
16 6 838600
16 13 622240
17 14 414550
17 13 642360
17 19 303180
17 25 680580
18 22 116750
18 25 1512740
18 19 62200
19 17 303180
19 18 62200
19 22 144010
20 16 693590
20 25 1548310
20 23 920200
21 24 443160
21 23 489010
21 7 888950
22 18 116750
22 19 144010
23 21 489010
23 24 521790
23 16 745340
23 20 920200
24 21 443160
24 23 521790
25 20 1548310
25 18 1512740
25 17 680580
