0 4 398780
0 2 170730
1 2 2976070
1 5 3877860
1 3 1031320
2 1 2976070
2 0 170730
2 4 3051520
3 4 1106050
3 1 1031320
3 5 218140
4 0 398780
4 3 1106050
4 2 3051520
4 11 4752350
5 1 3877860
5 3 218140
5 7 2073890
5 6 2172560
6 8 831640
6 7 980570
6 5 2172560
6 11 305620
6 16 1901590
7 6 980570
7 21 2653230
7 5 2073890
8 6 831640
8 10 147620
8 15 960070
9 12 452510
9 10 209700
10 15 4481340
10 8 147620
10 11 4620740
10 9 209700
11 4 4752350
11 6 305620
11 10 4620740
12 9 452510
12 14 1041840
12 13 965270
12 15 1998840
13 12 965270
13 15 3395990
13 17 3278850
13 16 1589400
14 17 1109410
14 12 1041840
15 10 4481340
15 13 3395990
15 12 1998840
15 8 960070
16 23 2153680
16 20 1284940
16 6 1901590
16 13 1589400
17 14 1109410
17 13 3278850
17 19 368240
17 25 3336820
18 22 239700
18 25 5428150
18 19 235870
19 17 368240
19 18 235870
19 22 238020
20 16 1284940
20 25 3209210
20 23 2109200
21 24 1147810
21 23 1641250
21 7 2653230
22 18 239700
22 19 238020
23 21 1641250
23 24 1826430
23 16 2153680
23 20 2109200
24 21 1147810
24 23 1826430
25 20 3209210
25 18 5428150
25 17 3336820
