0 4 544580
0 2 8200
1 2 2530130
1 5 4128630
1 3 385180
2 1 2530130
2 0 8200
2 4 3187180
3 4 508950
3 1 385180
3 5 231930
4 0 544580
4 3 508950
4 2 3187180
4 11 4598060
5 1 4128630
5 3 231930
5 7 1114250
5 6 3517830
6 8 903690
6 7 1302560
6 5 3517830
6 11 780930
6 16 3593870
7 6 1302560
7 21 3225410
7 5 1114250
8 6 903690
8 10 250530
8 15 911290
9 12 242730
9 10 260860
10 15 4055360
10 8 250530
10 11 4150590
10 9 260860
11 4 4598060
11 6 780930
11 10 4150590
12 9 242730
12 14 1161130
12 13 319690
12 15 1995360
13 12 319690
13 15 3231600
13 17 3079940
13 16 931240
14 17 1374560
14 12 1161130
15 10 4055360
15 13 3231600
15 12 1995360
15 8 911290
16 23 2492090
16 20 1974920
16 6 3593870
16 13 931240
17 14 1374560
17 13 3079940
17 19 661640
17 25 3422860
18 22 153960
18 25 5514900
18 19 591330
19 17 661640
19 18 591330
19 22 232310
20 16 1974920
20 25 5254910
20 23 3341860
21 24 1403800
21 23 2088920
21 7 3225410
22 18 153960
22 19 232310
23 21 2088920
23 24 1338780
23 16 2492090
23 20 3341860
24 21 1403800
24 23 1338780
25 20 5254910
25 18 5514900
25 17 3422860
