0 4 230660
0 2 43240
1 2 757830
1 5 1075110
1 3 254650
2 1 757830
2 0 43240
2 4 866850
3 4 324590
3 1 254650
3 5 43370
4 0 230660
4 3 324590
4 2 866850
4 11 1535870
5 1 1075110
5 3 43370
5 7 556550
5 6 654490
6 8 179160
6 7 228680
6 5 654490
6 11 61130
6 16 724100
7 6 228680
7 21 676270
7 5 556550
8 6 179160
8 10 105480
8 15 222320
9 12 95590
9 10 117800
10 15 1511270
10 8 105480
10 11 1519470
10 9 117800
11 4 1535870
11 6 61130
11 10 1519470
12 9 95590
12 14 524780
12 13 348540
12 15 324270
13 12 348540
13 15 1369800
13 17 1372720
13 16 729170
14 17 568600
14 12 524780
15 10 1511270
15 13 1369800
15 12 324270
15 8 222320
16 23 1018880
16 20 493080
16 6 724100
16 13 729170
17 14 568600
17 13 1372720
17 19 347140
17 25 1449190
18 22 134470
18 25 2336530
18 19 27800
19 17 347140
19 18 27800
19 22 83860
20 16 493080
20 25 1611260
20 23 1282630
21 24 327820
21 23 426230
21 7 676270
22 18 134470
22 19 83860
23 21 426230
23 24 910910
23 16 1018880
23 20 1282630
24 21 327820
24 23 910910
25 20 1611260
25 18 2336530
25 17 1449190
