0 4 125480
0 2 63300
1 2 501160
1 5 734640
1 3 57010
2 1 501160
2 0 63300
2 4 855610
3 4 105740
3 1 57010
3 5 41640
4 0 125480
4 3 105740
4 2 855610
4 11 1210740
5 1 734640
5 3 41640
5 7 183480
5 6 728880
6 8 186300
6 7 223160
6 5 728880
6 11 126000
6 16 661600
7 6 223160
7 21 525390
7 5 183480
8 6 186300
8 10 109060
8 15 149680
9 12 101550
9 10 36080
10 15 1249420
10 8 109060
10 11 1246310
10 9 36080
11 4 1210740
11 6 126000
11 10 1246310
12 9 101550
12 14 361490
12 13 178870
12 15 327240
13 12 178870
13 15 1114200
13 17 1133080
13 16 463460
14 17 335130
14 12 361490
15 10 1249420
15 13 1114200
15 12 327240
15 8 149680
16 23 774620
16 20 347770
16 6 661600
16 13 463460
17 14 335130
17 13 1133080
17 19 180050
17 25 1146480
18 22 34360
18 25 1444750
18 19 51790
19 17 180050
19 18 51790
19 22 63590
20 16 347770
20 25 839520
20 23 504280
21 24 258680
21 23 377610
21 7 525390
22 18 34360
22 19 63590
23 21 377610
23 24 397380
23 16 774620
23 20 504280
24 21 258680
24 23 397380
25 20 839520
25 18 1444750
25 17 1146480
