0 4 2900860
0 2 3375520
1 2 5773710
1 5 5514550
1 3 4548770
2 1 5773710
2 0 3375520
2 4 5599040
3 4 4374100
3 1 4548770
3 5 4589600
4 0 2900860
4 3 4374100
4 2 5599040
4 11 5344670
5 1 5514550
5 3 4589600
5 7 5574690
5 6 5288280
6 8 3491670
6 7 5307590
6 5 5288280
6 11 5293070
6 16 5128140
7 6 5307590
7 21 4309250
7 5 5574690
8 6 3491670
8 10 3689520
8 15 3347630
9 12 2973960
9 10 3419590
10 15 5074990
10 8 3689520
10 11 5490920
10 9 3419590
11 4 5344670
11 6 5293070
11 10 5490920
12 9 2973960
12 14 3996060
12 13 4869120
12 15 4629360
13 12 4869120
13 15 4972860
13 17 5596440
13 16 5223860
14 17 4723380
14 12 3996060
15 10 5074990
15 13 4972860
15 12 4629360
15 8 3347630
16 23 5813270
16 20 4158560
16 6 5128140
16 13 5223860
17 14 4723380
17 13 5596440
17 19 4754040
17 25 5398390
18 22 2508870
18 25 4715040
18 19 4070690
19 17 4754040
19 18 4070690
19 22 1966000
20 16 4158560
20 25 3949270
20 23 4736730
21 24 3363880
21 23 4707970
21 7 4309250
22 18 2508870
22 19 1966000
23 21 4707970
23 24 5047350
23 16 5813270
23 20 4736730
24 21 3363880
24 23 5047350
25 20 3949270
25 18 4715040
25 17 5398390
