0 4 1438520
0 2 1783750
1 2 2981810
1 5 2374570
1 3 2207500
2 1 2981810
2 0 1783750
2 4 3033670
3 4 2259360
3 1 2207500
3 5 1997350
4 0 1438520
4 3 2259360
4 2 3033670
4 11 2886360
5 1 2374570
5 3 1997350
5 7 2626100
5 6 2361030
6 8 1982240
6 7 2822710
6 5 2361030
6 11 2820960
6 16 2463050
7 6 2822710
7 21 2748520
7 5 2626100
8 6 1982240
8 10 1946450
8 15 2007850
9 12 1795940
9 10 1786340
10 15 2547460
10 8 1946450
10 11 2785170
10 9 1786340
11 4 2886360
11 6 2820960
11 10 2785170
12 9 1795940
12 14 2009230
12 13 2393260
12 15 2557060
13 12 2393260
13 15 2445060
13 17 2367830
13 16 2324860
14 17 1983800
14 12 2009230
15 10 2547460
15 13 2445060
15 12 2557060
15 8 2007850
16 23 3247840
16 20 2555620
16 6 2463050
16 13 2324860
17 14 1983800
17 13 2367830
17 19 2280450
17 25 2872030
18 22 2073450
18 25 3544610
18 19 2953030
19 17 2280450
19 18 2953030
19 22 1226920
20 16 2555620
20 25 3016220
20 23 3435000
21 24 2081770
21 23 3268240
21 7 2748520
22 18 2073450
22 19 1226920
23 21 3268240
23 24 2940750
23 16 3247840
23 20 3435000
24 21 2081770
24 23 2940750
25 20 3016220
25 18 3544610
25 17 2872030
