0 4 2219220
0 2 2599840
1 2 4385200
1 5 4187560
1 3 3636380
2 1 4385200
2 0 2599840
2 4 4217680
3 4 3468860
3 1 3636380
3 5 3651840
4 0 2219220
4 3 3468860
4 2 4217680
4 11 4007610
5 1 4187560
5 3 3651840
5 7 4443020
5 6 4138080
6 8 2977790
6 7 4378080
6 5 4138080
6 11 4125650
6 16 3968710
7 6 4378080
7 21 3894360
7 5 4443020
8 6 2977790
8 10 2846390
8 15 2920830
9 12 2406580
9 10 2576160
10 15 3884780
10 8 2846390
10 11 3994250
10 9 2576160
11 4 4007610
11 6 4125650
11 10 3994250
12 9 2406580
12 14 3162850
12 13 3603680
12 15 3715200
13 12 3603680
13 15 3847700
13 17 4023660
13 16 3800230
14 17 3582830
14 12 3162850
15 10 3884780
15 13 3847700
15 12 3715200
15 8 2920830
16 23 4818310
16 20 3896830
16 6 3968710
16 13 3800230
17 14 3582830
17 13 4023660
17 19 3587050
17 25 4832280
18 22 2433280
18 25 5021200
18 19 3775970
19 17 3587050
19 18 3775970
19 22 1520270
20 16 3896830
20 25 4641400
20 23 4850860
21 24 2913120
21 23 4439020
21 7 3894360
22 18 2433280
22 19 1520270
23 21 4439020
23 24 4246440
23 16 4818310
23 20 4850860
24 21 2913120
24 23 4246440
25 20 4641400
25 18 5021200
25 17 4832280
