0 4 1648870
0 2 1395760
1 2 3029290
1 5 3172220
1 3 2948610
2 1 3029290
2 0 1395760
2 4 2873070
3 4 2792390
3 1 2948610
3 5 2682210
4 0 1648870
4 3 2792390
4 2 2873070
4 11 3156180
5 1 3172220
5 3 2682210
5 7 3741300
5 6 3384220
6 8 3092660
6 7 4219700
6 5 3384220
6 11 3524400
6 16 3873580
7 6 4219700
7 21 4137280
7 5 3741300
8 6 3092660
8 10 2935410
8 15 3062120
9 12 2617810
9 10 2357000
10 15 3674830
10 8 2935410
10 11 3367150
10 9 2357000
11 4 3156180
11 6 3524400
11 10 3367150
12 9 2617810
12 14 3162650
12 13 4283930
12 15 3935640
13 12 4283930
13 15 4149830
13 17 4332780
13 16 4191330
14 17 3211500
14 12 3162650
15 10 3674830
15 13 4149830
15 12 3935640
15 8 3062120
16 23 5100830
16 20 3957390
16 6 3873580
16 13 4191330
17 14 3211500
17 13 4332780
17 19 3516260
17 25 4705880
18 22 2637260
18 25 5111700
18 19 3922080
19 17 3516260
19 18 3922080
19 22 1580260
20 16 3957390
20 25 4637280
20 23 5173680
21 24 3334850
21 23 5007450
21 7 4137280
22 18 2637260
22 19 1580260
23 21 5007450
23 24 4644520
23 16 5100830
23 20 5173680
24 21 3334850
24 23 4644520
25 20 4637280
25 18 5111700
25 17 4705880
