0 4 3205750
0 2 4081040
1 2 6977470
1 5 6154690
1 3 5714960
2 1 6977470
2 0 4081040
2 4 6248850
3 4 4986340
3 1 5714960
3 5 5038850
4 0 3205750
4 3 4986340
4 2 6248850
4 11 5491940
5 1 6154690
5 3 5038850
5 7 5301260
5 6 5520100
6 8 3985200
6 7 5342780
6 5 5520100
6 11 5585970
6 16 4419720
7 6 5342780
7 21 4664590
7 5 5301260
8 6 3985200
8 10 3459280
8 15 4087310
9 12 3581010
9 10 2788470
10 15 5137810
10 8 3459280
10 11 5060050
10 9 2788470
11 4 5491940
11 6 5585970
11 10 5060050
12 9 3581010
12 14 5241070
12 13 5128500
12 15 5930350
13 12 5128500
13 15 4963990
13 17 5612710
13 16 3719980
14 17 5725280
14 12 5241070
15 10 5137810
15 13 4963990
15 12 5930350
15 8 4087310
16 23 5156660
16 20 3961230
16 6 4419720
16 13 3719980
17 14 5725280
17 13 5612710
17 19 5095560
17 25 7271430
18 22 2691950
18 25 6367540
18 19 4191670
19 17 5095560
19 18 4191670
19 22 1628120
20 16 3961230
20 25 6062110
20 23 5840070
21 24 3833820
21 23 5620370
21 7 4664590
22 18 2691950
22 19 1628120
23 21 5620370
23 24 5248950
23 16 5156660
23 20 5840070
24 21 3833820
24 23 5248950
25 20 6062110
25 18 6367540
25 17 7271430
