0 4 2783150
0 2 3778200
1 2 5002360
1 5 3850990
1 3 3333630
2 1 5002360
2 0 3778200
2 4 5174810
3 4 3506080
3 1 3333630
3 5 3349760
4 0 2783150
4 3 3506080
4 2 5174810
4 11 4092330
5 1 3850990
5 3 3349760
5 7 3886930
5 6 4168530
6 8 3583450
6 7 4188340
6 5 4168530
6 11 4237420
6 16 4140470
7 6 4188340
7 21 3674030
7 5 3886930
8 6 3583450
8 10 3508000
8 15 3688020
9 12 2649800
9 10 2981840
10 15 4499060
10 8 3508000
10 11 4161970
10 9 2981840
11 4 4092330
11 6 4237420
11 10 4161970
12 9 2649800
12 14 2570390
12 13 3863980
12 15 4167020
13 12 3863980
13 15 4376040
13 17 3690780
13 16 3942000
14 17 2397190
14 12 2570390
15 10 4499060
15 13 4376040
15 12 4167020
15 8 3688020
16 23 4159370
16 20 3201090
16 6 4140470
16 13 3942000
17 14 2397190
17 13 3690780
17 19 3017500
17 25 3235080
18 22 2563270
18 25 4020760
18 19 3803180
19 17 3017500
19 18 3803180
19 22 1486530
20 16 3201090
20 25 2876390
20 23 3549460
21 24 3688780
21 23 3974530
21 7 3674030
22 18 2563270
22 19 1486530
23 21 3974530
23 24 4221990
23 16 4159370
23 20 3549460
24 21 3688780
24 23 4221990
25 20 2876390
25 18 4020760
25 17 3235080
