0 4 2413360
0 2 3033770
1 2 4566020
1 5 3524550
1 3 3072650
2 1 4566020
2 0 3033770
2 4 4979130
3 4 3485760
3 1 3072650
3 5 3064700
4 0 2413360
4 3 3485760
4 2 4979130
4 11 4284950
5 1 3524550
5 3 3064700
5 7 3484120
5 6 3563790
6 8 2753340
6 7 3531310
6 5 3563790
6 11 3911080
6 16 3067290
7 6 3531310
7 21 2764800
7 5 3484120
8 6 2753340
8 10 2821610
8 15 2904650
9 12 2566400
9 10 2537610
10 15 3830560
10 8 2821610
10 11 3979350
10 9 2537610
11 4 4284950
11 6 3911080
11 10 3979350
12 9 2566400
12 14 2869420
12 13 3486400
12 15 3859350
13 12 3486400
13 15 3540650
13 17 3463180
13 16 2845650
14 17 2846200
14 12 2869420
15 10 3830560
15 13 3540650
15 12 3859350
15 8 2904650
16 23 3211510
16 20 2450580
16 6 3067290
16 13 2845650
17 14 2846200
17 13 3463180
17 19 2841530
17 25 3807690
18 22 1449760
18 25 3104580
18 19 2138420
19 17 2841530
19 18 2138420
19 22 1235740
20 16 2450580
20 25 3117140
20 23 3138490
21 24 2317810
21 23 2988690
21 7 2764800
22 18 1449760
22 19 1235740
23 21 2988690
23 24 3228540
23 16 3211510
23 20 3138490
24 21 2317810
24 23 3228540
25 20 3117140
25 18 3104580
25 17 3807690
