0 4 2451550
0 2 2378900
1 2 5424000
1 5 5308110
1 3 5379280
2 1 5424000
2 0 2378900
2 4 4771350
3 4 4726630
3 1 5379280
3 5 4538090
4 0 2451550
4 3 4726630
4 2 4771350
4 11 4932530
5 1 5308110
5 3 4538090
5 7 5205430
5 6 4895500
6 8 3889470
6 7 5634010
6 5 4895500
6 11 5172570
6 16 4293450
7 6 5634010
7 21 5264090
7 5 5205430
8 6 3889470
8 10 3453940
8 15 3826570
9 12 2764040
9 10 3147240
10 15 4825650
10 8 3453940
10 11 4737040
10 9 3147240
11 4 4932530
11 6 5172570
11 10 4737040
12 9 2764040
12 14 3147490
12 13 3788770
12 15 4442450
13 12 3788770
13 15 4544600
13 17 4585880
13 16 3576870
14 17 3944600
14 12 3147490
15 10 4825650
15 13 4544600
15 12 4442450
15 8 3826570
16 23 4416210
16 20 4647240
16 6 4293450
16 13 3576870
17 14 3944600
17 13 4585880
17 19 4271840
17 25 6851790
18 22 3250230
18 25 7246620
18 19 4666670
19 17 4271840
19 18 4666670
19 22 1846400
20 16 4647240
20 25 7227200
20 23 5800630
21 24 3641920
21 23 5076920
21 7 5264090
22 18 3250230
22 19 1846400
23 21 5076920
23 24 4134600
23 16 4416210
23 20 5800630
24 21 3641920
24 23 4134600
25 20 7227200
25 18 7246620
25 17 6851790
