0 4 2672910
0 2 2771260
1 2 4990020
1 5 4010070
1 3 4179520
2 1 4990020
2 0 2771260
2 4 5062790
3 4 4252290
3 1 4179520
3 5 3370690
4 0 2672910
4 3 4252290
4 2 5062790
4 11 4980090
5 1 4010070
5 3 3370690
5 7 5384330
5 6 3929210
6 8 3463180
6 7 6112300
6 5 3929210
6 11 4826460
6 16 3620020
7 6 6112300
7 21 5517420
7 5 5384330
8 6 3463180
8 10 2875350
8 15 3161870
9 12 2343640
9 10 2545890
10 15 3768040
10 8 2875350
10 11 4238630
10 9 2545890
11 4 4980090
11 6 4826460
11 10 4238630
12 9 2343640
12 14 2444980
12 13 3233450
12 15 3565790
13 12 3233450
13 15 3722220
13 17 3472400
13 16 2986370
14 17 2683930
14 12 2444980
15 10 3768040
15 13 3722220
15 12 3565790
15 8 3161870
16 23 4086400
16 20 3113910
16 6 3620020
16 13 2986370
17 14 2683930
17 13 3472400
17 19 3225710
17 25 3807920
18 22 2927830
18 25 4922290
18 19 4340080
19 17 3225710
19 18 4340080
19 22 1484250
20 16 3113910
20 25 3852940
20 23 4617450
21 24 2819740
21 23 4528680
21 7 5517420
22 18 2927830
22 19 1484250
23 21 4528680
23 24 3881000
23 16 4086400
23 20 4617450
24 21 2819740
24 23 3881000
25 20 3852940
25 18 4922290
25 17 3807920
