0 4 3441500
0 2 3472380
1 2 6838220
1 5 6964390
1 3 6055880
2 1 6838220
2 0 3472380
2 4 6265360
3 4 5483020
3 1 6055880
3 5 5640070
4 0 3441500
4 3 5483020
4 2 6265360
4 11 6439210
5 1 6964390
5 3 5640070
5 7 6860670
5 6 6202810
6 8 4274500
6 7 6514900
6 5 6202810
6 11 6250490
6 16 5485550
7 6 6514900
7 21 5686890
7 5 6860670
8 6 4274500
8 10 4580980
8 15 4318010
9 12 3216630
9 10 4414010
10 15 6207030
10 8 4580980
10 11 6556970
10 9 4414010
11 4 6439210
11 6 6250490
11 10 6556970
12 9 3216630
12 14 3929960
12 13 4375660
12 15 5009650
13 12 4375660
13 15 5310070
13 17 5684160
13 16 4895070
14 17 5238460
14 12 3929960
15 10 6207030
15 13 5310070
15 12 5009650
15 8 4318010
16 23 6464190
16 20 4023980
16 6 5485550
16 13 4895070
17 14 5238460
17 13 5684160
17 19 5149390
17 25 6253150
18 22 2954360
18 25 5606230
18 19 4502470
19 17 5149390
19 18 4502470
19 22 2058430
20 16 4023980
20 25 4373980
20 23 5374110
21 24 3458640
21 23 6007670
21 7 5686890
22 18 2954360
22 19 2058430
23 21 6007670
23 24 5265290
23 16 6464190
23 20 5374110
24 21 3458640
24 23 5265290
25 20 4373980
25 18 5606230
25 17 6253150
