0 4 2019050
0 2 2893190
1 2 4740640
1 5 3868010
1 3 3267910
2 1 4740640
2 0 2893190
2 4 4599280
3 4 3126550
3 1 3267910
3 5 3128060
4 0 2019050
4 3 3126550
4 2 4599280
4 11 3822840
5 1 3868010
5 3 3128060
5 7 4068340
5 6 3631010
6 8 2464120
6 7 3971190
6 5 3631010
6 11 3727200
6 16 3461150
7 6 3971190
7 21 3602130
7 5 4068340
8 6 2464120
8 10 2630610
8 15 2642570
9 12 2449470
9 10 2479200
10 15 3878800
10 8 2630610
10 11 3893690
10 9 2479200
11 4 3822840
11 6 3727200
11 10 3893690
12 9 2449470
12 14 3030580
12 13 3633670
12 15 3849070
13 12 3633670
13 15 3675360
13 17 3597300
13 16 3424200
14 17 2994210
14 12 3030580
15 10 3878800
15 13 3675360
15 12 3849070
15 8 2642570
16 23 4263050
16 20 3183350
16 6 3461150
16 13 3424200
17 14 2994210
17 13 3597300
17 19 3216860
17 25 3683180
18 22 1967800
18 25 3708320
18 19 3242000
19 17 3216860
19 18 3242000
19 22 1424880
20 16 3183350
20 25 3304990
20 23 4057960
21 24 2714290
21 23 3966700
21 7 3602130
22 18 1967800
22 19 1424880
23 21 3966700
23 24 3885250
23 16 4263050
23 20 4057960
24 21 2714290
24 23 3885250
25 20 3304990
25 18 3708320
25 17 3683180
