0 4 2679490
0 2 2887450
1 2 5518710
1 5 4515680
1 3 4457880
2 1 5518710
2 0 2887450
2 4 5270460
3 4 4209630
3 1 4457880
3 5 3414560
4 0 2679490
4 3 4209630
4 2 5270460
4 11 5092290
5 1 4515680
5 3 3414560
5 7 4473440
5 6 3964080
6 8 2936010
6 7 4965160
6 5 3964080
6 11 4788940
6 16 4013900
7 6 4965160
7 21 4658670
7 5 4473440
8 6 2936010
8 10 2758330
8 15 2738840
9 12 3018000
9 10 2933750
10 15 4080950
10 8 2758330
10 11 4611260
10 9 2933750
11 4 5092290
11 6 4788940
11 10 4611260
12 9 3018000
12 14 3400900
12 13 4293660
12 15 4165200
13 12 4293660
13 15 4189920
13 17 4095210
13 16 3945190
14 17 3202450
14 12 3400900
15 10 4080950
15 13 4189920
15 12 4165200
15 8 2738840
16 23 4656930
16 20 3367020
16 6 4013900
16 13 3945190
17 14 3202450
17 13 4095210
17 19 3526930
17 25 3830470
18 22 3347610
18 25 5005220
18 19 4701680
19 17 3526930
19 18 4701680
19 22 1827750
20 16 3367020
20 25 3475470
20 23 4451950
21 24 3885770
21 23 4792340
21 7 4658670
22 18 3347610
22 19 1827750
23 21 4792340
23 24 4835290
23 16 4656930
23 20 4451950
24 21 3885770
24 23 4835290
25 20 3475470
25 18 5005220
25 17 3830470
