0 4 2575180
0 2 2662360
1 2 4245910
1 5 4027030
1 3 3524240
2 1 4245910
2 0 2662360
2 4 4354460
3 4 3632790
3 1 3524240
3 5 3501090
4 0 2575180
4 3 3632790
4 2 4354460
4 11 4488380
5 1 4027030
5 3 3501090
5 7 4515570
5 6 3986470
6 8 2636790
6 7 4498160
6 5 3986470
6 11 4339270
6 16 3616760
7 6 4498160
7 21 4415850
7 5 4515570
8 6 2636790
8 10 2709820
8 15 2354390
9 12 2422870
9 10 2885430
10 15 3759690
10 8 2709820
10 11 4412300
10 9 2885430
11 4 4488380
11 6 4339270
11 10 4412300
12 9 2422870
12 14 2843240
12 13 3140880
12 15 3297130
13 12 3140880
13 15 3248010
13 17 3666550
13 16 3178110
14 17 3368910
14 12 2843240
15 10 3759690
15 13 3248010
15 12 3297130
15 8 2354390
16 23 4465910
16 20 3044980
16 6 3616760
16 13 3178110
17 14 3368910
17 13 3666550
17 19 3159190
17 25 4713740
18 22 2048470
18 25 4523180
18 19 2968630
19 17 3159190
19 18 2968630
19 22 1156880
20 16 3044980
20 25 4005820
20 23 4246430
21 24 3419340
21 23 4735900
21 7 4415850
22 18 2048470
22 19 1156880
23 21 4735900
23 24 4350800
23 16 4465910
23 20 4246430
24 21 3419340
24 23 4350800
25 20 4005820
25 18 4523180
25 17 4713740
