0 4 2581500
0 2 2423770
1 2 5310280
1 5 5924330
1 3 4898370
2 1 5310280
2 0 2423770
2 4 4919430
3 4 4507520
3 1 4898370
3 5 4963840
4 0 2581500
4 3 4507520
4 2 4919430
4 11 5457910
5 1 5924330
5 3 4963840
5 7 6189230
5 6 5754810
6 8 4315240
6 7 5954240
6 5 5754810
6 11 5679240
6 16 4801860
7 6 5954240
7 21 4900810
7 5 6189230
8 6 4315240
8 10 4008820
8 15 4441510
9 12 4440180
9 10 3161520
10 15 5339670
10 8 4008820
10 11 5372820
10 9 3161520
11 4 5457910
11 6 5679240
11 10 5372820
12 9 4440180
12 14 6006500
12 13 6612200
12 15 6618330
13 12 6612200
13 15 5766230
13 17 6867140
13 16 4922000
14 17 6261440
14 12 6006500
15 10 5339670
15 13 5766230
15 12 6618330
15 8 4441510
16 23 4658130
16 20 4308150
16 6 4801860
16 13 4922000
17 14 6261440
17 13 6867140
17 19 6467070
17 25 7823380
18 22 3524240
18 25 7286030
18 19 5929720
19 17 6467070
19 18 5929720
19 22 2554480
20 16 4308150
20 25 6102490
20 23 4882380
21 24 3311100
21 23 4322660
21 7 4900810
22 18 3524240
22 19 2554480
23 21 4322660
23 24 4220800
23 16 4658130
23 20 4882380
24 21 3311100
24 23 4220800
25 20 6102490
25 18 7286030
25 17 7823380
