0 4 2246710
0 2 2284090
1 2 4087490
1 5 3973120
1 3 3487480
2 1 4087490
2 0 2284090
2 4 4043880
3 4 3443870
3 1 3487480
3 5 3366880
4 0 2246710
4 3 3443870
4 2 4043880
4 11 4026580
5 1 3973120
5 3 3366880
5 7 4318110
5 6 3741820
6 8 2603320
6 7 4207410
6 5 3741820
6 11 3838890
6 16 3035570
7 6 4207410
7 21 3757800
7 5 4318110
8 6 2603320
8 10 2565900
8 15 2656770
9 12 1936070
9 10 2364470
10 15 3647150
10 8 2565900
10 11 3801470
10 9 2364470
11 4 4026580
11 6 3838890
11 10 3801470
12 9 1936070
12 14 2127080
12 13 2869960
12 15 3218750
13 12 2869960
13 15 3389230
13 17 3308600
13 16 2740230
14 17 2565720
14 12 2127080
15 10 3647150
15 13 3389230
15 12 3218750
15 8 2656770
16 23 2717160
16 20 2771840
16 6 3035570
16 13 2740230
17 14 2565720
17 13 3308600
17 19 2847530
17 25 4106070
18 22 2051610
18 25 4205120
18 19 2946580
19 17 2847530
19 18 2946580
19 22 1223330
20 16 2771840
20 25 3869520
20 23 3048980
21 24 2392220
21 23 2863100
21 7 3757800
22 18 2051610
22 19 1223330
23 21 2863100
23 24 2523420
23 16 2717160
23 20 3048980
24 21 2392220
24 23 2523420
25 20 3869520
25 18 4205120
25 17 4106070
