0 4 1425870
0 2 1580040
1 2 2681080
1 5 2490430
1 3 2103950
2 1 2681080
2 0 1580040
2 4 2737750
3 4 2160620
3 1 2103950
3 5 2124140
4 0 1425870
4 3 2160620
4 2 2737750
4 11 2599780
5 1 2490430
5 3 2124140
5 7 2879150
5 6 2751800
6 8 2283870
6 7 3120330
6 5 2751800
6 11 2804480
6 16 2610380
7 6 3120330
7 21 2790780
7 5 2879150
8 6 2283870
8 10 2078900
8 15 2155970
9 12 1916580
9 10 1708410
10 15 2660110
10 8 2078900
10 11 2599510
10 9 1708410
11 4 2599780
11 6 2804480
11 10 2599510
12 9 1916580
12 14 2220800
12 13 2553890
12 15 2868280
13 12 2553890
13 15 2422790
13 17 2297350
13 16 2168090
14 17 1964260
14 12 2220800
15 10 2660110
15 13 2422790
15 12 2868280
15 8 2155970
16 23 3046210
16 20 2475370
16 6 2610380
16 13 2168090
17 14 1964260
17 13 2297350
17 19 2289650
17 25 2835240
18 22 2317070
18 25 3756600
18 19 3211010
19 17 2289650
19 18 3211010
19 22 1199060
20 16 2475370
20 25 2953570
20 23 3293800
21 24 2174890
21 23 3099260
21 7 2790780
22 18 2317070
22 19 1199060
23 21 3099260
23 24 2940270
23 16 3046210
23 20 3293800
24 21 2174890
24 23 2940270
25 20 2953570
25 18 3756600
25 17 2835240
