0 4 2187500
0 2 2084410
1 2 4243060
1 5 4053470
1 3 3835620
2 1 4243060
2 0 2084410
2 4 4034070
3 4 3626630
3 1 3835620
3 5 3333950
4 0 2187500
4 3 3626630
4 2 4034070
4 11 4251990
5 1 4053470
5 3 3333950
5 7 3648200
5 6 3956450
6 8 3228190
6 7 4052850
6 5 3956450
6 11 4363960
6 16 3757780
7 6 4052850
7 21 2946620
7 5 3648200
8 6 3228190
8 10 3111030
8 15 3417980
9 12 2542210
9 10 2657220
10 15 4433730
10 8 3111030
10 11 4246800
10 9 2657220
11 4 4251990
11 6 4363960
11 10 4246800
12 9 2542210
12 14 2896890
12 13 3710740
12 15 4318720
13 12 3710740
13 15 4132700
13 17 4113380
13 16 3339590
14 17 3299530
14 12 2896890
15 10 4433730
15 13 4132700
15 12 4318720
15 8 3417980
16 23 3697090
16 20 3337700
16 6 3757780
16 13 3339590
17 14 3299530
17 13 4113380
17 19 3831100
17 25 4769110
18 22 2720480
18 25 5044400
18 19 4106390
19 17 3831100
19 18 4106390
19 22 1574250
20 16 3337700
20 25 4178560
20 23 3880330
21 24 2183790
21 23 3194180
21 7 2946620
22 18 2720480
22 19 1574250
23 21 3194180
23 24 3229330
23 16 3697090
23 20 3880330
24 21 2183790
24 23 3229330
25 20 4178560
25 18 5044400
25 17 4769110
