0 4 1452990
0 2 1576830
1 2 2616550
1 5 2438000
1 3 2181060
2 1 2616550
2 0 1576830
2 4 2325780
3 4 1890290
3 1 2181060
3 5 1835580
4 0 1452990
4 3 1890290
4 2 2325780
4 11 2451420
5 1 2438000
5 3 1835580
5 7 2345400
5 6 2523630
6 8 2441300
6 7 2776510
6 5 2523630
6 11 2827820
6 16 2593190
7 6 2776510
7 21 2204460
7 5 2345400
8 6 2441300
8 10 2226350
8 15 2557710
9 12 1926230
9 10 1838640
10 15 2856200
10 8 2226350
10 11 2612870
10 9 1838640
11 4 2451420
11 6 2827820
11 10 2612870
12 9 1926230
12 14 2175200
12 13 2635000
12 15 2943790
13 12 2635000
13 15 2878770
13 17 2719390
13 16 2400810
14 17 2259590
14 12 2175200
15 10 2856200
15 13 2878770
15 12 2943790
15 8 2557710
16 23 2595970
16 20 2154150
16 6 2593190
16 13 2400810
17 14 2259590
17 13 2719390
17 19 2424080
17 25 2860500
18 22 1725140
18 25 2942330
18 19 2505910
19 17 2424080
19 18 2505910
19 22 1198590
20 16 2154150
20 25 2464430
20 23 2518480
21 24 2526590
21 23 2385470
21 7 2204460
22 18 1725140
22 19 1198590
23 21 2385470
23 24 3101420
23 16 2595970
23 20 2518480
24 21 2526590
24 23 3101420
25 20 2464430
25 18 2942330
25 17 2860500
