0 4 1784260
0 2 1982030
1 2 3220220
1 5 3086800
1 3 2680970
2 1 3220220
2 0 1982030
2 4 3157870
3 4 2618620
3 1 2680970
3 5 2682970
4 0 1784260
4 3 2618620
4 2 3157870
4 11 2968150
5 1 3086800
5 3 2682970
5 7 2972180
5 6 3345880
6 8 2752430
6 7 3229260
6 5 3345880
6 11 3289580
6 16 3428030
7 6 3229260
7 21 2566360
7 5 2972180
8 6 2752430
8 10 2520290
8 15 2675190
9 12 2768480
9 10 2095210
10 15 3293580
10 8 2520290
10 11 3057440
10 9 2095210
11 4 2968150
11 6 3289580
11 10 3057440
12 9 2768480
12 14 3906430
12 13 3895780
12 15 3966850
13 12 3895780
13 15 3377410
13 17 4107390
13 16 3279720
14 17 4118040
14 12 3906430
15 10 3293580
15 13 3377410
15 12 3966850
15 8 2675190
16 23 4608330
16 20 3800800
16 6 3428030
16 13 3279720
17 14 4118040
17 13 4107390
17 19 4048900
17 25 5142860
18 22 2596530
18 25 4948080
18 19 3854120
19 17 4048900
19 18 3854120
19 22 1931770
20 16 3800800
20 25 4862890
20 23 5156030
21 24 2237380
21 23 4120360
21 7 2566360
22 18 2596530
22 19 1931770
23 21 4120360
23 24 4080580
23 16 4608330
23 20 5156030
24 21 2237380
24 23 4080580
25 20 4862890
25 18 4948080
25 17 5142860
