0 4 3097850
0 2 3220320
1 2 5571750
1 5 5288820
1 3 4763700
2 1 5571750
2 0 3220320
2 4 5515070
3 4 4707020
3 1 4763700
3 5 4546560
4 0 3097850
4 3 4707020
4 2 5515070
4 11 5486960
5 1 5288820
5 3 4546560
5 7 5704920
5 6 5071430
6 8 3988530
6 7 5704670
6 5 5071430
6 11 5326250
6 16 4618070
7 6 5704670
7 21 5100070
7 5 5704920
8 6 3988530
8 10 4270270
8 15 4108450
9 12 3852450
9 10 3532200
10 15 5472840
10 8 4270270
10 11 5607990
10 9 3532200
11 4 5486960
11 6 5326250
11 10 5607990
12 9 3852450
12 14 4688910
12 13 5381120
12 15 5793090
13 12 5381120
13 15 4899050
13 17 4423250
13 16 4326020
14 17 3731040
14 12 4688910
15 10 5472840
15 13 4899050
15 12 5793090
15 8 4108450
16 23 5267770
16 20 3802090
16 6 4618070
16 13 4326020
17 14 3731040
17 13 4423250
17 19 3511660
17 25 5263700
18 22 3269490
18 25 6043960
18 19 4291920
19 17 3511660
19 18 4291920
19 22 1641470
20 16 3802090
20 25 4803600
20 23 4904900
21 24 3163340
21 23 5116280
21 7 5100070
22 18 3269490
22 19 1641470
23 21 5116280
23 24 4417640
23 16 5267770
23 20 4904900
24 21 3163340
24 23 4417640
25 20 4803600
25 18 6043960
25 17 5263700
