0 4 2795400
0 2 4639620
1 2 6955460
1 5 4664030
1 3 4464650
2 1 6955460
2 0 4639620
2 4 6565060
3 4 4074250
3 1 4464650
3 5 3627040
4 0 2795400
4 3 4074250
4 2 6565060
4 11 4929100
5 1 4664030
5 3 3627040
5 7 4539680
5 6 4105110
6 8 3429210
6 7 4818370
6 5 4105110
6 11 4760580
6 16 3970740
7 6 4818370
7 21 4801860
7 5 4539680
8 6 3429210
8 10 3856000
8 15 3704690
9 12 3464540
9 10 3665560
10 15 5086070
10 8 3856000
10 11 5187370
10 9 3665560
11 4 4929100
11 6 4760580
11 10 5187370
12 9 3464540
12 14 3851350
12 13 4702730
12 15 4885050
13 12 4702730
13 15 4752440
13 17 5142790
13 16 4063900
14 17 4291410
14 12 3851350
15 10 5086070
15 13 4752440
15 12 4885050
15 8 3704690
16 23 4852380
16 20 3637870
16 6 3970740
16 13 4063900
17 14 4291410
17 13 5142790
17 19 4390020
17 25 5613250
18 22 1970050
18 25 4537140
18 19 3313910
19 17 4390020
19 18 3313910
19 22 1720720
20 16 3637870
20 25 4614550
20 23 4932570
21 24 3496100
21 23 5248930
21 7 4801860
22 18 1970050
22 19 1720720
23 21 5248930
23 24 4394250
23 16 4852380
23 20 4932570
24 21 3496100
24 23 4394250
25 20 4614550
25 18 4537140
25 17 5613250
