0 4 1964230
0 2 2698400
1 2 3982560
1 5 3221650
1 3 2499350
2 1 3982560
2 0 2698400
2 4 4252050
3 4 2768840
3 1 2499350
3 5 2742100
4 0 1964230
4 3 2768840
4 2 4252050
4 11 3627360
5 1 3221650
5 3 2742100
5 7 3168050
5 6 3308820
6 8 2320270
6 7 3012470
6 5 3308820
6 11 3445040
6 16 3223860
7 6 3012470
7 21 2495590
7 5 3168050
8 6 2320270
8 10 2449660
8 15 2362540
9 12 2590850
9 10 2390130
10 15 3324900
10 8 2449660
10 11 3574430
10 9 2390130
11 4 3627360
11 6 3445040
11 10 3574430
12 9 2590850
12 14 3372540
12 13 3671040
12 15 3525620
13 12 3671040
13 15 3383200
13 17 3942900
13 16 3411550
14 17 3644400
14 12 3372540
15 10 3324900
15 13 3383200
15 12 3525620
15 8 2362540
16 23 4026920
16 20 3181450
16 6 3223860
16 13 3411550
17 14 3644400
17 13 3942900
17 19 3375090
17 25 4386980
18 22 2327500
18 25 4372020
18 19 3360130
19 17 3375090
19 18 3360130
19 22 1360370
20 16 3181450
20 25 3742600
20 23 3913890
21 24 1878950
21 23 3439420
21 7 2495590
22 18 2327500
22 19 1360370
23 21 3439420
23 24 3198890
23 16 4026920
23 20 3913890
24 21 1878950
24 23 3198890
25 20 3742600
25 18 4372020
25 17 4386980
