0 4 1576520
0 2 1776910
1 2 3186510
1 5 2766780
1 3 2596420
2 1 3186510
2 0 1776910
2 4 2990290
3 4 2400200
3 1 2596420
3 5 2180860
4 0 1576520
4 3 2400200
4 2 2990290
4 11 2736140
5 1 2766780
5 3 2180860
5 7 2933330
5 6 2717950
6 8 2224420
6 7 3300060
6 5 2717950
6 11 2883530
6 16 2757540
7 6 3300060
7 21 3136590
7 5 2933330
8 6 2224420
8 10 1971370
8 15 2210830
9 12 2271720
9 10 1761170
10 15 2818040
10 8 1971370
10 11 2630480
10 9 1761170
11 4 2736140
11 6 2883530
11 10 2630480
12 9 2271720
12 14 2746000
12 13 2996220
12 15 3328590
13 12 2996220
13 15 2725130
13 17 2899050
13 16 2411580
14 17 2648830
14 12 2746000
15 10 2818040
15 13 2725130
15 12 3328590
15 8 2210830
16 23 3196160
16 20 2645340
16 6 2757540
16 13 2411580
17 14 2648830
17 13 2899050
17 19 2759300
17 25 3619760
18 22 1760690
18 25 3593950
18 19 2733490
19 17 2759300
19 18 2733490
19 22 1140460
20 16 2645340
20 25 3347230
20 23 3411100
21 24 2160490
21 23 3359830
21 7 3136590
22 18 1760690
22 19 1140460
23 21 3359830
23 24 2762580
23 16 3196160
23 20 3411100
24 21 2160490
24 23 2762580
25 20 3347230
25 18 3593950
25 17 3619760
