0 4 3000150
0 2 3929670
1 2 5460890
1 5 4220240
1 3 3647100
2 1 5460890
2 0 3929670
2 4 5697860
3 4 3884070
3 1 3647100
3 5 3572940
4 0 3000150
4 3 3884070
4 2 5697860
4 11 4487170
5 1 4220240
5 3 3572940
5 7 3540930
5 6 4070790
6 8 2794730
6 7 3465640
6 5 4070790
6 11 4100750
6 16 4003830
7 6 3465640
7 21 2873970
7 5 3540930
8 6 2794730
8 10 2917010
8 15 3113960
9 12 2847740
9 10 2753370
10 15 4437010
10 8 2917010
10 11 4223030
10 9 2753370
11 4 4487170
11 6 4100750
11 10 4223030
12 9 2847740
12 14 3761800
12 13 4232560
12 15 4531380
13 12 4232560
13 15 4335140
13 17 5033720
13 16 4024240
14 17 4562960
14 12 3761800
15 10 4437010
15 13 4335140
15 12 4531380
15 8 3113960
16 23 4822780
16 20 4470280
16 6 4003830
16 13 4024240
17 14 4562960
17 13 5033720
17 19 5065800
17 25 6239860
18 22 3423320
18 25 6411020
18 19 5236960
19 17 5065800
19 18 5236960
19 22 2286840
20 16 4470280
20 25 5688500
20 23 5280900
21 24 2740910
21 23 4222780
21 7 2873970
22 18 3423320
22 19 2286840
23 21 4222780
23 24 4151530
23 16 4822780
23 20 5280900
24 21 2740910
24 23 4151530
25 20 5688500
25 18 6411020
25 17 6239860
