0 4 1802990
0 2 2730860
1 2 4321430
1 5 3364250
1 3 3007340
2 1 4321430
2 0 2730860
2 4 4168510
3 4 2854420
3 1 3007340
3 5 2825110
4 0 1802990
4 3 2854420
4 2 4168510
4 11 3353830
5 1 3364250
5 3 2825110
5 7 3015990
5 6 3108650
6 8 2300740
6 7 2942620
6 5 3108650
6 11 3251150
6 16 3052820
7 6 2942620
7 21 2385940
7 5 3015990
8 6 2300740
8 10 2395350
8 15 2261870
9 12 2041640
9 10 2088870
10 15 3091020
10 8 2395350
10 11 3345760
10 9 2088870
11 4 3353830
11 6 3251150
11 10 3345760
12 9 2041640
12 14 2390960
12 13 3257970
12 15 3043790
13 12 3257970
13 15 3171720
13 17 3281760
13 16 3228130
14 17 2414750
14 12 2390960
15 10 3091020
15 13 3171720
15 12 3043790
15 8 2261870
16 23 3013580
16 20 2893670
16 6 3052820
16 13 3228130
17 14 2414750
17 13 3281760
17 19 2688350
17 25 3297940
18 22 2030680
18 25 3517180
18 19 2907590
19 17 2688350
19 18 2907590
19 22 1322170
20 16 2893670
20 25 3067620
20 23 2836890
21 24 1978910
21 23 2439360
21 7 2385940
22 18 2030680
22 19 1322170
23 21 2439360
23 24 2496350
23 16 3013580
23 20 2836890
24 21 1978910
24 23 2496350
25 20 3067620
25 18 3517180
25 17 3297940
