0 4 1562750
0 2 1974330
1 2 2889240
1 5 2234710
1 3 1893610
2 1 2889240
2 0 1974330
2 4 3150720
3 4 2155090
3 1 1893610
3 5 1912140
4 0 1562750
4 3 2155090
4 2 3150720
4 11 2854390
5 1 2234710
5 3 1912140
5 7 2492310
5 6 2391450
6 8 2116600
6 7 2630520
6 5 2391450
6 11 2749650
6 16 2674080
7 6 2630520
7 21 2600230
7 5 2492310
8 6 2116600
8 10 2275300
8 15 2302070
9 12 1899470
9 10 1831760
10 15 2873830
10 8 2275300
10 11 2908350
10 9 1831760
11 4 2854390
11 6 2749650
11 10 2908350
12 9 1899470
12 14 2287380
12 13 3147050
12 15 2941540
13 12 3147050
13 15 3106110
13 17 3112730
13 16 3065060
14 17 2253060
14 12 2287380
15 10 2873830
15 13 3106110
15 12 2941540
15 8 2302070
16 23 4000090
16 20 3068440
16 6 2674080
16 13 3065060
17 14 2253060
17 13 3112730
17 19 2720260
17 25 3559360
18 22 2220900
18 25 4263200
18 19 3424100
19 17 2720260
19 18 3424100
19 22 1323480
20 16 3068440
20 25 3761630
20 23 4250030
21 24 1979670
21 23 3825380
21 7 2600230
22 18 2220900
22 19 1323480
23 21 3825380
23 24 3335970
23 16 4000090
23 20 4250030
24 21 1979670
24 23 3335970
25 20 3761630
25 18 4263200
25 17 3559360
