0 4 1235450
0 2 1552070
1 2 2506250
1 5 1998300
1 3 1836400
2 1 2506250
2 0 1552070
2 4 2455000
3 4 1785150
3 1 1836400
3 5 1593820
4 0 1235450
4 3 1785150
4 2 2455000
4 11 2241700
5 1 1998300
5 3 1593820
5 7 2319200
5 6 2148110
6 8 1997120
6 7 2711590
6 5 2148110
6 11 2442760
6 16 2155060
7 6 2711590
7 21 2437830
7 5 2319200
8 6 1997120
8 10 1883070
8 15 1983540
9 12 1849540
9 10 1524560
10 15 2412870
10 8 1883070
10 11 2328710
10 9 1524560
11 4 2241700
11 6 2442760
11 10 2328710
12 9 1849540
12 14 2613730
12 13 2829990
12 15 2737850
13 12 2829990
13 15 2605480
13 17 3063710
13 16 2233620
14 17 2847450
14 12 2613730
15 10 2412870
15 13 2605480
15 12 2737850
15 8 1983540
16 23 2306430
16 20 2077860
16 6 2155060
16 13 2233620
17 14 2847450
17 13 3063710
17 19 2978490
17 25 3300340
18 22 2276380
18 25 3659900
18 19 3338050
19 17 2978490
19 18 3338050
19 22 1465510
20 16 2077860
20 25 2778490
20 23 2614670
21 24 1604250
21 23 2418110
21 7 2437830
22 18 2276380
22 19 1465510
23 21 2418110
23 24 2029380
23 16 2306430
23 20 2614670
24 21 1604250
24 23 2029380
25 20 2778490
25 18 3659900
25 17 3300340
