0 4 2658180
0 2 3227330
1 2 5753630
1 5 5144210
1 3 4787940
2 1 5753630
2 0 3227330
2 4 5247590
3 4 4281900
3 1 4787940
3 5 4241630
4 0 2658180
4 3 4281900
4 2 5247590
4 11 4904990
5 1 5144210
5 3 4241630
5 7 4556230
5 6 4452340
6 8 3091190
6 7 4410670
6 5 4452340
6 11 4719160
6 16 4172610
7 6 4410670
7 21 3785270
7 5 4556230
8 6 3091190
8 10 3308040
8 15 3392960
9 12 2956900
9 10 3356030
10 15 4825400
10 8 3308040
10 11 4936010
10 9 3356030
11 4 4904990
11 6 4719160
11 10 4936010
12 9 2956900
12 14 3026770
12 13 3932910
12 15 4426270
13 12 3932910
13 15 4416960
13 17 4294230
13 16 3981020
14 17 3388090
14 12 3026770
15 10 4825400
15 13 4416960
15 12 4426270
15 8 3392960
16 23 4351600
16 20 3525280
16 6 4172610
16 13 3981020
17 14 3388090
17 13 4294230
17 19 3680450
17 25 4384140
18 22 1883610
18 25 3755970
18 19 3052280
19 17 3680450
19 18 3052280
19 22 1527370
20 16 3525280
20 25 3557770
20 23 3838440
21 24 3080630
21 23 3860370
21 7 3785270
22 18 1883610
22 19 1527370
23 21 3860370
23 24 3885020
23 16 4351600
23 20 3838440
24 21 3080630
24 23 3885020
25 20 3557770
25 18 3755970
25 17 4384140
