0 4 2157870
0 2 2971950
1 2 5156380
1 5 4284010
1 3 4210490
2 1 5156380
2 0 2971950
2 4 4532880
3 4 3586990
3 1 4210490
3 5 3528700
4 0 2157870
4 3 3586990
4 2 4532880
4 11 3695220
5 1 4284010
5 3 3528700
5 7 3830680
5 6 3901580
6 8 3443860
6 7 4130040
6 5 3901580
6 11 3936290
6 16 3680740
7 6 4130040
7 21 3513650
7 5 3830680
8 6 3443860
8 10 3073900
8 15 3367540
9 12 2478270
9 10 2381250
10 15 3754660
10 8 3073900
10 11 3566330
10 9 2381250
11 4 3695220
11 6 3936290
11 10 3566330
12 9 2478270
12 14 2651110
12 13 3801990
12 15 3851680
13 12 3801990
13 15 3998610
13 17 3977930
13 16 3554730
14 17 2827050
14 12 2651110
15 10 3754660
15 13 3998610
15 12 3851680
15 8 3367540
16 23 4535560
16 20 3629420
16 6 3680740
16 13 3554730
17 14 2827050
17 13 3977930
17 19 3166350
17 25 4723180
18 22 2480630
18 25 5120520
18 19 3563690
19 17 3166350
19 18 3563690
19 22 1242700
20 16 3629420
20 25 4768860
20 23 5004440
21 24 2776140
21 23 4439370
21 7 3513650
22 18 2480630
22 19 1242700
23 21 4439370
23 24 4247350
23 16 4535560
23 20 5004440
24 21 2776140
24 23 4247350
25 20 4768860
25 18 5120520
25 17 4723180
