0 4 2199160
0 2 2981200
1 2 4955260
1 5 4596560
1 3 3822690
2 1 4955260
2 0 2981200
2 4 4683880
3 4 3551310
3 1 3822690
3 5 3974650
4 0 2199160
4 3 3551310
4 2 4683880
4 11 4043930
5 1 4596560
5 3 3974650
5 7 4506650
5 6 4758450
6 8 3635550
6 7 4516580
6 5 4758450
6 11 4477200
6 16 4428640
7 6 4516580
7 21 3823490
7 5 4506650
8 6 3635550
8 10 3249290
8 15 3542690
9 12 2903120
9 10 2761250
10 15 4289260
10 8 3249290
10 11 4090940
10 9 2761250
11 4 4043930
11 6 4477200
11 10 4090940
12 9 2903120
12 14 3457070
12 13 4480900
12 15 4431130
13 12 4480900
13 15 4632430
13 17 4908740
13 16 4385550
14 17 3884910
14 12 3457070
15 10 4289260
15 13 4632430
15 12 4431130
15 8 3542690
16 23 4416350
16 20 3650660
16 6 4428640
16 13 4385550
17 14 3884910
17 13 4908740
17 19 4185650
17 25 4999370
18 22 3144170
18 25 5343040
18 19 4529320
19 17 4185650
19 18 4529320
19 22 1850870
20 16 3650660
20 25 4037940
20 23 3978110
21 24 3007960
21 23 4063000
21 7 3823490
22 18 3144170
22 19 1850870
23 21 4063000
23 24 3688760
23 16 4416350
23 20 3978110
24 21 3007960
24 23 3688760
25 20 4037940
25 18 5343040
25 17 4999370
