0 4 2481470
0 2 2466580
1 2 4262080
1 5 4112760
1 3 3542110
2 1 4262080
2 0 2466580
2 4 4285330
3 4 3565360
3 1 3542110
3 5 3401150
4 0 2481470
4 3 3565360
4 2 4285330
4 11 4373650
5 1 4112760
5 3 3401150
5 7 3594370
5 6 3929440
6 8 2858270
6 7 3552010
6 5 3929440
6 11 4167080
6 16 3470920
7 6 3552010
7 21 3037590
7 5 3594370
8 6 2858270
8 10 2896450
8 15 2967870
9 12 2305060
9 10 2654760
10 15 4034860
10 8 2896450
10 11 4205260
10 9 2654760
11 4 4373650
11 6 4167080
11 10 4205260
12 9 2305060
12 14 2760020
12 13 3358540
12 15 3685160
13 12 3358540
13 15 3779660
13 17 3830730
13 16 3253900
14 17 3232210
14 12 2760020
15 10 4034860
15 13 3779660
15 12 3685160
15 8 2967870
16 23 3425180
16 20 4029180
16 6 3470920
16 13 3253900
17 14 3232210
17 13 3830730
17 19 3519860
17 25 5131460
18 22 2956610
18 25 5855480
18 19 4243880
19 17 3519860
19 18 4243880
19 22 1544030
20 16 4029180
20 25 5529050
20 23 4399600
21 24 2441160
21 23 3326920
21 7 3037590
22 18 2956610
22 19 1544030
23 21 3326920
23 24 2909840
23 16 3425180
23 20 4399600
24 21 2441160
24 23 2909840
25 20 5529050
25 18 5855480
25 17 5131460
