0 4 1637180
0 2 1826210
1 2 3281740
1 5 3113960
1 3 2523770
2 1 3281740
2 0 1826210
2 4 3408690
3 4 2650720
3 1 2523770
3 5 2671970
4 0 1637180
4 3 2650720
4 2 3408690
4 11 3315020
5 1 3113960
5 3 2671970
5 7 3276470
5 6 3348760
6 8 2675160
6 7 3363070
6 5 3348760
6 11 3422870
6 16 2968090
7 6 3363070
7 21 2675690
7 5 3276470
8 6 2675160
8 10 2760790
8 15 2709060
9 12 1898820
9 10 2344490
10 15 3554890
10 8 2760790
10 11 3508500
10 9 2344490
11 4 3315020
11 6 3422870
11 10 3508500
12 9 1898820
12 14 2076460
12 13 2673410
12 15 3109220
13 12 2673410
13 15 3067350
13 17 2965610
13 16 2566180
14 17 2368660
14 12 2076460
15 10 3554890
15 13 3067350
15 12 3109220
15 8 2709060
16 23 2584200
16 20 2204090
16 6 2968090
16 13 2566180
17 14 2368660
17 13 2965610
17 19 2917270
17 25 3028590
18 22 2371130
18 25 3536530
18 19 3425210
19 17 2917270
19 18 3425210
19 22 1480780
20 16 2204090
20 25 2332430
20 23 2287470
21 24 1937860
21 23 2364090
21 7 2675690
22 18 2371130
22 19 1480780
23 21 2364090
23 24 2241350
23 16 2584200
23 20 2287470
24 21 1937860
24 23 2241350
25 20 2332430
25 18 3536530
25 17 3028590
