0 4 3220000
0 2 3601640
1 2 4794130
1 5 3900830
1 3 2847650
2 1 4794130
2 0 3601640
2 4 5922580
3 4 3976100
3 1 2847650
3 5 3464440
4 0 3220000
4 3 3976100
4 2 5922580
4 11 5451220
5 1 3900830
5 3 3464440
5 7 4856170
5 6 4294130
6 8 2923800
6 7 4632680
6 5 4294130
6 11 4716070
6 16 4545080
7 6 4632680
7 21 4868090
7 5 4856170
8 6 2923800
8 10 3299040
8 15 3260240
9 12 3546590
9 10 3317720
10 15 4782320
10 8 3299040
10 11 5091310
10 9 3317720
11 4 5451220
11 6 4716070
11 10 5091310
12 9 3546590
12 14 4267150
12 13 5120880
12 15 5011190
13 12 5120880
13 15 4853210
13 17 5502480
13 16 4991210
14 17 4648750
14 12 4267150
15 10 4782320
15 13 4853210
15 12 5011190
15 8 3260240
16 23 6416680
16 20 4426690
16 6 4545080
16 13 4991210
17 14 4648750
17 13 5502480
17 19 4795360
17 25 5682460
18 22 3817550
18 25 5972290
18 19 5085190
19 17 4795360
19 18 5085190
19 22 2281020
20 16 4426690
20 25 4578360
20 23 5823850
21 24 4231650
21 23 6177650
21 7 4868090
22 18 3817550
22 19 2281020
23 21 6177650
23 24 5867840
23 16 6416680
23 20 5823850
24 21 4231650
24 23 5867840
25 20 4578360
25 18 5972290
25 17 5682460
