0 4 3021260
0 2 3468410
1 2 5494340
1 5 4788530
1 3 4044020
2 1 5494340
2 0 3468410
2 4 5819530
3 4 4369210
3 1 4044020
3 5 4110550
4 0 3021260
4 3 4369210
4 2 5819530
4 11 5066340
5 1 4788530
5 3 4110550
5 7 5049260
5 6 4898680
6 8 3809520
6 7 5092880
6 5 4898680
6 11 4851300
6 16 5316750
7 6 5092880
7 21 4806920
7 5 5049260
8 6 3809520
8 10 3734930
8 15 3785760
9 12 3933970
9 10 3093060
10 15 4843950
10 8 3734930
10 11 4776710
10 9 3093060
11 4 5066340
11 6 4851300
11 10 4776710
12 9 3933970
12 14 5375910
12 13 6343990
12 15 5684860
13 12 6343990
13 15 5553910
13 17 6456540
13 16 5952120
14 17 5488460
14 12 5375910
15 10 4843950
15 13 5553910
15 12 5684860
15 8 3785760
16 23 6987360
16 20 5572900
16 6 5316750
16 13 5952120
17 14 5488460
17 13 6456540
17 19 5707930
17 25 6853860
18 22 3891550
18 25 6986690
18 19 5840760
19 17 5707930
19 18 5840760
19 22 2766610
20 16 5572900
20 25 6231140
20 23 6869060
21 24 3963430
21 23 6326950
21 7 4806920
22 18 3891550
22 19 2766610
23 21 6326950
23 24 5920000
23 16 6987360
23 20 6869060
24 21 3963430
24 23 5920000
25 20 6231140
25 18 6986690
25 17 6853860
