0 4 1437370
0 2 1660410
1 2 2584780
1 5 2123940
1 3 1979520
2 1 2584780
2 0 1660410
2 4 2587560
3 4 1982300
3 1 1979520
3 5 1744500
4 0 1437370
4 3 1982300
4 2 2587560
4 11 2319700
5 1 2123940
5 3 1744500
5 7 2794300
5 6 2440100
6 8 2014570
6 7 3345480
6 5 2440100
6 11 2633080
6 16 2492920
7 6 3345480
7 21 3246770
7 5 2794300
8 6 2014570
8 10 1487330
8 15 1931840
9 12 1477160
9 10 1355040
10 15 2381310
10 8 1487330
10 11 2105840
10 9 1355040
11 4 2319700
11 6 2633080
11 10 2105840
12 9 1477160
12 14 1775860
12 13 2245430
12 15 2503430
13 12 2245430
13 15 2567820
13 17 2482730
13 16 2152190
14 17 2013160
14 12 1775860
15 10 2381310
15 13 2567820
15 12 2503430
15 8 1931840
16 23 2403600
16 20 2479830
16 6 2492920
16 13 2152190
17 14 2013160
17 13 2482730
17 19 2275690
17 25 3014990
18 22 2034890
18 25 3606150
18 19 2866850
19 17 2275690
19 18 2866850
19 22 1063780
20 16 2479830
20 25 3169720
20 23 2888870
21 24 2668350
21 23 2803250
21 7 3246770
22 18 2034890
22 19 1063780
23 21 2803250
23 24 2677740
23 16 2403600
23 20 2888870
24 21 2668350
24 23 2677740
25 20 3169720
25 18 3606150
25 17 3014990
