0 4 2393400
0 2 3212470
1 2 5288610
1 5 4487540
1 3 4081450
2 1 5288610
2 0 3212470
2 4 4923470
3 4 3716310
3 1 4081450
3 5 3734310
4 0 2393400
4 3 3716310
4 2 4923470
4 11 4146460
5 1 4487540
5 3 3734310
5 7 4458840
5 6 3846280
6 8 2400900
6 7 4164720
6 5 3846280
6 11 3870340
6 16 3510040
7 6 4164720
7 21 3592480
7 5 4458840
8 6 2400900
8 10 2395560
8 15 2570940
9 12 2412480
9 10 2343220
10 15 3716860
10 8 2395560
10 11 3865000
10 9 2343220
11 4 4146460
11 6 3870340
11 10 3865000
12 9 2412480
12 14 3264300
12 13 3910950
12 15 3786120
13 12 3910950
13 15 4017070
13 17 4555930
13 16 3804910
14 17 3909280
14 12 3264300
15 10 3716860
15 13 4017070
15 12 3786120
15 8 2570940
16 23 3570220
16 20 3548190
16 6 3510040
16 13 3804910
17 14 3909280
17 13 4555930
17 19 4415160
17 25 4667410
18 22 2968760
18 25 4914370
18 19 4662120
19 17 4415160
19 18 4662120
19 22 2167000
20 16 3548190
20 25 3996660
20 23 3650490
21 24 2026350
21 23 3040100
21 7 3592480
22 18 2968760
22 19 2167000
23 21 3040100
23 24 2658770
23 16 3570220
23 20 3650490
24 21 2026350
24 23 2658770
25 20 3996660
25 18 4914370
25 17 4667410
