0 4 1403730
0 2 1702540
1 2 2548880
1 5 2117840
1 3 1814070
2 1 2548880
2 0 1702540
2 4 2705250
3 4 1970440
3 1 1814070
3 5 1838210
4 0 1403730
4 3 1970440
4 2 2705250
4 11 2538580
5 1 2117840
5 3 1838210
5 7 2557520
5 6 2499940
6 8 2196060
6 7 2915480
6 5 2499940
6 11 2764310
6 16 2506900
7 6 2915480
7 21 2484680
7 5 2557520
8 6 2196060
8 10 1914370
8 15 2064360
9 12 1657700
9 10 1568120
10 15 2444510
10 8 1914370
10 11 2482620
10 9 1568120
11 4 2538580
11 6 2764310
11 10 2482620
12 9 1657700
12 14 2121130
12 13 2543220
12 15 2534090
13 12 2543220
13 15 2603630
13 17 2853560
13 16 2384330
14 17 2431470
14 12 2121130
15 10 2444510
15 13 2603630
15 12 2534090
15 8 2064360
16 23 2825320
16 20 2541770
16 6 2506900
16 13 2384330
17 14 2431470
17 13 2853560
17 19 2420760
17 25 3416630
18 22 1432290
18 25 3232330
18 19 2236460
19 17 2420760
19 18 2236460
19 22 942990
20 16 2541770
20 25 3333270
20 23 3211190
21 24 2189120
21 23 2745520
21 7 2484680
22 18 1432290
22 19 942990
23 21 2745520
23 24 2938340
23 16 2825320
23 20 3211190
24 21 2189120
24 23 2938340
25 20 3333270
25 18 3232330
25 17 3416630
