0 4 2299860
0 2 3841860
1 2 5994620
1 5 4317640
1 3 3658540
2 1 5994620
2 0 3841860
2 4 6044680
3 4 3708600
3 1 3658540
3 5 3573620
4 0 2299860
4 3 3708600
4 2 6044680
4 11 4719490
5 1 4317640
5 3 3573620
5 7 3739190
5 6 4041500
6 8 2699060
6 7 3547970
6 5 4041500
6 11 4393290
6 16 3929060
7 6 3547970
7 21 3019810
7 5 3739190
8 6 2699060
8 10 3038140
8 15 3008460
9 12 3122570
9 10 2969420
10 15 4498760
10 8 3038140
10 11 4732370
10 9 2969420
11 4 4719490
11 6 4393290
11 10 4732370
12 9 3122570
12 14 3794670
12 13 4255810
12 15 4651910
13 12 4255810
13 15 4072980
13 17 4055610
13 16 3842360
14 17 3594470
14 12 3794670
15 10 4498760
15 13 4072980
15 12 4651910
15 8 3008460
16 23 4522830
16 20 4221720
16 6 3929060
16 13 3842360
17 14 3594470
17 13 4055610
17 19 3722360
17 25 4579260
18 22 2970640
18 25 4931330
18 19 4074430
19 17 3722360
19 18 4074430
19 22 1906590
20 16 4221720
20 25 4579890
20 23 4736710
21 24 2763480
21 23 3915890
21 7 3019810
22 18 2970640
22 19 1906590
23 21 3915890
23 24 3885410
23 16 4522830
23 20 4736710
24 21 2763480
24 23 3885410
25 20 4579890
25 18 4931330
25 17 4579260
