0 4 2703970
0 2 2955370
1 2 5699990
1 5 5270500
1 3 5103760
2 1 5699990
2 0 2955370
2 4 5309080
3 4 4712850
3 1 5103760
3 5 4534760
4 0 2703970
4 3 4712850
4 2 5309080
4 11 5326890
5 1 5270500
5 3 4534760
5 7 5168750
5 6 4798940
6 8 3939850
6 7 5266190
6 5 4798940
6 11 5246240
6 16 4612600
7 6 5266190
7 21 5327330
7 5 5168750
8 6 3939850
8 10 3761650
8 15 4441010
9 12 4229140
9 10 3235770
10 15 5219340
10 8 3761650
10 11 5068040
10 9 3235770
11 4 5326890
11 6 5246240
11 10 5068040
12 9 4229140
12 14 4953050
12 13 5891720
12 15 6212710
13 12 5891720
13 15 5577710
13 17 5488720
13 16 4792770
14 17 4550050
14 12 4953050
15 10 5219340
15 13 5577710
15 12 6212710
15 8 4441010
16 23 5628510
16 20 4587790
16 6 4612600
16 13 4792770
17 14 4550050
17 13 5488720
17 19 5257360
17 25 6048530
18 22 4886980
18 25 7754990
18 19 6963820
19 17 5257360
19 18 6963820
19 22 2717160
20 16 4587790
20 25 5611550
20 23 5887480
21 24 3738500
21 23 5973430
21 7 5327330
22 18 4886980
22 19 2717160
23 21 5973430
23 24 4693270
23 16 5628510
23 20 5887480
24 21 3738500
24 23 4693270
25 20 5611550
25 18 7754990
25 17 6048530
