0 4 2839990
0 2 3774780
1 2 7518250
1 5 7002010
1 3 6491290
2 1 7518250
2 0 3774780
2 4 6379870
3 4 5352910
3 1 6491290
3 5 5771460
4 0 2839990
4 3 5352910
4 2 6379870
4 11 5659190
5 1 7002010
5 3 5771460
5 7 5569470
5 6 5612150
6 8 3807360
6 7 4899440
6 5 5612150
6 11 5407710
6 16 4222170
7 6 4899440
7 21 4095550
7 5 5569470
8 6 3807360
8 10 4164240
8 15 4135160
9 12 3974200
9 10 3605660
10 15 5626800
10 8 4164240
10 11 5764590
10 9 3605660
11 4 5659190
11 6 5407710
11 10 5764590
12 9 3974200
12 14 5025500
12 13 5566690
12 15 5995340
13 12 5566690
13 15 5169070
13 17 5612210
13 16 4121320
14 17 5071020
14 12 5025500
15 10 5626800
15 13 5169070
15 12 5995340
15 8 4135160
16 23 4631290
16 20 4471060
16 6 4222170
16 13 4121320
17 14 5071020
17 13 5612210
17 19 5157980
17 25 7389670
18 22 3128000
18 25 6956030
18 19 4724340
19 17 5157980
19 18 4724340
19 22 2235620
20 16 4471060
20 25 6867620
20 23 5600130
21 24 3110910
21 23 4547350
21 7 4095550
22 18 3128000
22 19 2235620
23 21 4547350
23 24 4323920
23 16 4631290
23 20 5600130
24 21 3110910
24 23 4323920
25 20 6867620
25 18 6956030
25 17 7389670
