0 4 2573850
0 2 4144610
1 2 6439650
1 5 4873470
1 3 4339400
2 1 6439650
2 0 4144610
2 4 6119200
3 4 4018950
3 1 4339400
3 5 4023530
4 0 2573850
4 3 4018950
4 2 6119200
4 11 4704350
5 1 4873470
5 3 4023530
5 7 4314860
5 6 4594880
6 8 3426450
6 7 4352140
6 5 4594880
6 11 4746210
6 16 4304350
7 6 4352140
7 21 3598620
7 5 4314860
8 6 3426450
8 10 3397060
8 15 3542620
9 12 2987410
9 10 3190430
10 15 4718940
10 8 3397060
10 11 4716820
10 9 3190430
11 4 4704350
11 6 4746210
11 10 4716820
12 9 2987410
12 14 3894710
12 13 4566750
12 15 4515920
13 12 4566750
13 15 4915330
13 17 5616930
13 16 4471350
14 17 4944890
14 12 3894710
15 10 4718940
15 13 4915330
15 12 4515920
15 8 3542620
16 23 5108060
16 20 4307270
16 6 4304350
16 13 4471350
17 14 4944890
17 13 5616930
17 19 5246540
17 25 7075200
18 22 4025540
18 25 7889050
18 19 6060390
19 17 5246540
19 18 6060390
19 22 2190530
20 16 4307270
20 25 6260350
20 23 5438790
21 24 2820310
21 23 4682350
21 7 3598620
22 18 4025540
22 19 2190530
23 21 4682350
23 24 4377540
23 16 5108060
23 20 5438790
24 21 2820310
24 23 4377540
25 20 6260350
25 18 7889050
25 17 7075200
