0 4 3170840
0 2 3217780
1 2 6448840
1 5 6034580
1 3 5808160
2 1 6448840
2 0 3217780
2 4 5907260
3 4 5266580
3 1 5808160
3 5 4899260
4 0 3170840
4 3 5266580
4 2 5907260
4 11 6016980
5 1 6034580
5 3 4899260
5 7 5505610
5 6 4950030
6 8 3205670
6 7 5329960
6 5 4950030
6 11 5474010
6 16 4060180
7 6 5329960
7 21 4670940
7 5 5505610
8 6 3205670
8 10 3564010
8 15 3399150
9 12 2747760
9 10 3532770
10 15 5326200
10 8 3564010
10 11 5832350
10 9 3532770
11 4 6016980
11 6 5474010
11 10 5832350
12 9 2747760
12 14 3625610
12 13 4190460
12 15 4541190
13 12 4190460
13 15 4810610
13 17 5542850
13 16 3902930
14 17 4978000
14 12 3625610
15 10 5326200
15 13 4810610
15 12 4541190
15 8 3399150
16 23 3659880
16 20 3557380
16 6 4060180
16 13 3902930
17 14 4978000
17 13 5542850
17 19 5753900
17 25 6010110
18 22 4064150
18 25 6487300
18 19 6231090
19 17 5753900
19 18 6231090
19 22 2715040
20 16 3557380
20 25 4581590
20 23 3871280
21 24 2867560
21 23 3715060
21 7 4670940
22 18 4064150
22 19 2715040
23 21 3715060
23 24 3126280
23 16 3659880
23 20 3871280
24 21 2867560
24 23 3126280
25 20 4581590
25 18 6487300
25 17 6010110
