0 4 2669440
0 2 4133170
1 2 6543920
1 5 4816340
1 3 4404290
2 1 6543920
2 0 4133170
2 4 6206450
3 4 4066820
3 1 4404290
3 5 3802970
4 0 2669440
4 3 4066820
4 2 6206450
4 11 4829590
5 1 4816340
5 3 3802970
5 7 4744190
5 6 3912160
6 8 2695350
6 7 4441330
6 5 3912160
6 11 4262880
6 16 3417830
7 6 4441330
7 21 4517370
7 5 4744190
8 6 2695350
8 10 3102450
8 15 3070530
9 12 3248360
9 10 3047410
10 15 4391580
10 8 3102450
10 11 4669980
10 9 3047410
11 4 4829590
11 6 4262880
11 10 4669980
12 9 3248360
12 14 3935150
12 13 4975700
12 15 4592530
13 12 4975700
13 15 4742830
13 17 5072790
13 16 4176180
14 17 4032240
14 12 3935150
15 10 4391580
15 13 4742830
15 12 4592530
15 8 3070530
16 23 4779770
16 20 3681830
16 6 3417830
16 13 4176180
17 14 4032240
17 13 5072790
17 19 4014660
17 25 5420130
18 22 2964610
18 25 5476190
18 19 4070720
19 17 4014660
19 18 4070720
19 22 1903630
20 16 3681830
20 25 4978990
20 23 5235240
21 24 3597110
21 23 5047280
21 7 4517370
22 18 2964610
22 19 1903630
23 21 5047280
23 24 4883010
23 16 4779770
23 20 5235240
24 21 3597110
24 23 4883010
25 20 4978990
25 18 5476190
25 17 5420130
