0 4 2037690
0 2 2636360
1 2 4218680
1 5 3346600
1 3 2824820
2 1 4218680
2 0 2636360
2 4 4171190
3 4 2777330
3 1 2824820
3 5 2503920
4 0 2037690
4 3 2777330
4 2 4171190
4 11 3697340
5 1 3346600
5 3 2503920
5 7 3280840
5 6 3039620
6 8 1947020
6 7 3294760
6 5 3039620
6 11 3437850
6 16 2871200
7 6 3294760
7 21 3156950
7 5 3280840
8 6 1947020
8 10 2124810
8 15 2000440
9 12 1972520
9 10 2274300
10 15 3284750
10 8 2124810
10 11 3615640
10 9 2274300
11 4 3697340
11 6 3437850
11 10 3615640
12 9 1972520
12 14 2597900
12 13 2979790
12 15 2982970
13 12 2979790
13 15 3157200
13 17 3775000
13 16 2921440
14 17 3393110
14 12 2597900
15 10 3284750
15 13 3157200
15 12 2982970
15 8 2000440
16 23 3640170
16 20 2716590
16 6 2871200
16 13 2921440
17 14 3393110
17 13 3775000
17 19 3559390
17 25 4586530
18 22 2568550
18 25 4758890
18 19 3731750
19 17 3559390
19 18 3731750
19 22 1559600
20 16 2716590
20 25 3760700
20 23 3667900
21 24 2450420
21 23 3684700
21 7 3156950
22 18 2568550
22 19 1559600
23 21 3684700
23 24 3357200
23 16 3640170
23 20 3667900
24 21 2450420
24 23 3357200
25 20 3760700
25 18 4758890
25 17 4586530
