0 4 2713640
0 2 2605430
1 2 5008940
1 5 4891990
1 3 4382410
2 1 5008940
2 0 2605430
2 4 4986710
3 4 4360180
3 1 4382410
3 5 4135020
4 0 2713640
4 3 4360180
4 2 4986710
4 11 5195270
5 1 4891990
5 3 4135020
5 7 5539760
5 6 4522450
6 8 3176070
6 7 5417610
6 5 4522450
6 11 4847960
6 16 3913220
7 6 5417610
7 21 5450960
7 5 5539760
8 6 3176070
8 10 3525010
8 15 3235810
9 12 2997980
9 10 3371550
10 15 4808980
10 8 3525010
10 11 5196900
10 9 3371550
11 4 5195270
11 6 4847960
11 10 5196900
12 9 2997980
12 14 3559910
12 13 4236890
12 15 4435410
13 12 4236890
13 15 4321260
13 17 4620600
13 16 3774440
14 17 3943620
14 12 3559910
15 10 4808980
15 13 4321260
15 12 4435410
15 8 3235810
16 23 4214510
16 20 3668000
16 6 3913220
16 13 3774440
17 14 3943620
17 13 4620600
17 19 4139430
17 25 5593110
18 22 3416450
18 25 6026990
18 19 4573310
19 17 4139430
19 18 4573310
19 22 2003540
20 16 3668000
20 25 4988810
20 23 4456370
21 24 4132850
21 23 4734940
21 7 5450960
22 18 3416450
22 19 2003540
23 21 4734940
23 24 4400790
23 16 4214510
23 20 4456370
24 21 4132850
24 23 4400790
25 20 4988810
25 18 6026990
25 17 5593110
