0 4 2726140
0 2 3560860
1 2 5995860
1 5 5091430
1 3 4400010
2 1 5995860
2 0 3560860
2 4 5928300
3 4 4332450
3 1 4400010
3 5 4262740
4 0 2726140
4 3 4332450
4 2 5928300
4 11 5156130
5 1 5091430
5 3 4262740
5 7 4984770
5 6 4790390
6 8 3299200
6 7 4821000
6 5 4790390
6 11 4922650
6 16 3995050
7 6 4821000
7 21 4212480
7 5 4984770
8 6 3299200
8 10 3156890
8 15 3300340
9 12 3361340
9 10 3101460
10 15 4485450
10 8 3156890
10 11 4780340
10 9 3101460
11 4 5156130
11 6 4922650
11 10 4780340
12 9 3361340
12 14 3670600
12 13 4550200
12 15 4745330
13 12 4550200
13 15 4433770
13 17 4663700
13 16 3801060
14 17 3784100
14 12 3670600
15 10 4485450
15 13 4433770
15 12 4745330
15 8 3300340
16 23 3921990
16 20 3813830
16 6 3995050
16 13 3801060
17 14 3784100
17 13 4663700
17 19 4697410
17 25 5194390
18 22 3805660
18 25 6036710
18 19 5539730
19 17 4697410
19 18 5539730
19 22 2571990
20 16 3813830
20 25 4782100
20 23 4372340
21 24 3366400
21 23 3945040
21 7 4212480
22 18 3805660
22 19 2571990
23 21 3945040
23 24 3901860
23 16 3921990
23 20 4372340
24 21 3366400
24 23 3901860
25 20 4782100
25 18 6036710
25 17 5194390
