0 4 1666910
0 2 2588840
1 2 3927980
1 5 3051570
1 3 2506550
2 1 3927980
2 0 2588840
2 4 3999790
3 4 2578360
3 1 2506550
3 5 2623880
4 0 1666910
4 3 2578360
4 2 3999790
4 11 3207140
5 1 3051570
5 3 2623880
5 7 3340480
5 6 3034540
6 8 2180950
6 7 3206120
6 5 3034540
6 11 3118300
6 16 2780650
7 6 3206120
7 21 3373800
7 5 3340480
8 6 2180950
8 10 2734350
8 15 2506320
9 12 1854160
9 10 2506450
10 15 3778950
10 8 2734350
10 11 3671700
10 9 2506450
11 4 3207140
11 6 3118300
11 10 3671700
12 9 1854160
12 14 2740330
12 13 2914510
12 15 3126660
13 12 2914510
13 15 3338770
13 17 4057220
13 16 2893870
14 17 3883040
14 12 2740330
15 10 3778950
15 13 3338770
15 12 3126660
15 8 2506320
16 23 3257340
16 20 3024940
16 6 2780650
16 13 2893870
17 14 3883040
17 13 4057220
17 19 4434380
17 25 5151390
18 22 3472860
18 25 5815520
18 19 5098510
19 17 4434380
19 18 5098510
19 22 2255290
20 16 3024940
20 25 4351860
20 23 3621160
21 24 3351820
21 23 3544550
21 7 3373800
22 18 3472860
22 19 2255290
23 21 3544550
23 24 3660830
23 16 3257340
23 20 3621160
24 21 3351820
24 23 3660830
25 20 4351860
25 18 5815520
25 17 5151390
