0 4 1459610
0 2 1881200
1 2 2679530
1 5 1903020
1 3 1690890
2 1 2679530
2 0 1881200
2 4 2918530
3 4 1929890
3 1 1690890
3 5 1574970
4 0 1459610
4 3 1929890
4 2 2918530
4 11 2397440
5 1 1903020
5 3 1574970
5 7 2098820
5 6 1969770
6 8 1565250
6 7 2281490
6 5 1969770
6 11 2225190
6 16 2238510
7 6 2281490
7 21 2032600
7 5 2098820
8 6 1565250
8 10 1478840
8 15 1648560
9 12 1659160
9 10 1356680
10 15 2149340
10 8 1478840
10 11 2138780
10 9 1356680
11 4 2397440
11 6 2225190
11 10 2138780
12 9 1659160
12 14 2022260
12 13 2583310
12 15 2451820
13 12 2583310
13 15 2450550
13 17 2579570
13 16 2453310
14 17 2018520
14 12 2022260
15 10 2149340
15 13 2450550
15 12 2451820
15 8 1648560
16 23 3357480
16 20 2846690
16 6 2238510
16 13 2453310
17 14 2018520
17 13 2579570
17 19 2294750
17 25 3181120
18 22 1871700
18 25 3469630
18 19 2583260
19 17 2294750
19 18 2583260
19 22 1300840
20 16 2846690
20 25 3576970
20 23 3879590
21 24 1404960
21 23 3022520
21 7 2032600
22 18 1871700
22 19 1300840
23 21 3022520
23 24 2772820
23 16 3357480
23 20 3879590
24 21 1404960
24 23 2772820
25 20 3576970
25 18 3469630
25 17 3181120
