0 4 1123720
0 2 1575210
1 2 2434930
1 5 1949890
1 3 1731910
2 1 2434930
2 0 1575210
2 4 2432910
3 4 1729890
3 1 1731910
3 5 1696340
4 0 1123720
4 3 1729890
4 2 2432910
4 11 1971180
5 1 1949890
5 3 1696340
5 7 2077970
5 6 2161230
6 8 1910770
6 7 2324880
6 5 2161230
6 11 2184540
6 16 2307910
7 6 2324880
7 21 1955860
7 5 2077970
8 6 1910770
8 10 1598090
8 15 1845350
9 12 1601940
9 10 1192780
10 15 2030040
10 8 1598090
10 11 1871860
10 9 1192780
11 4 1971180
11 6 2184540
11 10 1871860
12 9 1601940
12 14 2062790
12 13 2421730
12 15 2439200
13 12 2421730
13 15 2259830
13 17 2454390
13 16 2225020
14 17 2095450
14 12 2062790
15 10 2030040
15 13 2259830
15 12 2439200
15 8 1845350
16 23 3075650
16 20 2513360
16 6 2307910
16 13 2225020
17 14 2095450
17 13 2454390
17 19 1969420
17 25 3272880
18 22 1171730
18 25 2958620
18 19 1655160
19 17 1969420
19 18 1655160
19 22 788990
20 16 2513360
20 25 3349190
20 23 3381330
21 24 1906480
21 23 2806860
21 7 1955860
22 18 1171730
22 19 788990
23 21 2806860
23 24 3043240
23 16 3075650
23 20 3381330
24 21 1906480
24 23 3043240
25 20 3349190
25 18 2958620
25 17 3272880
