0 4 2696940
0 2 2486560
1 2 4985340
1 5 4949640
1 3 4404050
2 1 4985340
2 0 2486560
2 4 4945080
3 4 4363790
3 1 4404050
3 5 4117710
4 0 2696940
4 3 4363790
4 2 4945080
4 11 5158010
5 1 4949640
5 3 4117710
5 7 5145020
5 6 4554080
6 8 3372980
6 7 5035800
6 5 4554080
6 11 4802710
6 16 4165790
7 6 5035800
7 21 4712560
7 5 5145020
8 6 3372980
8 10 3277360
8 15 3354250
9 12 2626020
9 10 2795650
10 15 4330510
10 8 3277360
10 11 4707090
10 9 2795650
11 4 5158010
11 6 4802710
11 10 4707090
12 9 2626020
12 14 3352130
12 13 4028410
12 15 4160880
13 12 4028410
13 15 4274930
13 17 4787190
13 16 4014590
14 17 4110910
14 12 3352130
15 10 4330510
15 13 4274930
15 12 4160880
15 8 3354250
16 23 5236660
16 20 3928260
16 6 4165790
16 13 4014590
17 14 4110910
17 13 4787190
17 19 4881990
17 25 5772720
18 22 4171150
18 25 6761740
18 19 5871010
19 17 4881990
19 18 5871010
19 22 2632200
20 16 3928260
20 25 5041660
20 23 5278200
21 24 3541090
21 23 5192490
21 7 4712560
22 18 4171150
22 19 2632200
23 21 5192490
23 24 4935200
23 16 5236660
23 20 5278200
24 21 3541090
24 23 4935200
25 20 5041660
25 18 6761740
25 17 5772720
