0 4 2881020
0 2 2596690
1 2 5090480
1 5 5497230
1 3 4771630
2 1 5090480
2 0 2596690
2 4 4727250
3 4 4408400
3 1 4771630
3 5 4530820
4 0 2881020
4 3 4408400
4 2 4727250
4 11 4948400
5 1 5497230
5 3 4530820
5 7 5232360
5 6 5547430
6 8 4181830
6 7 5523370
6 5 5547430
6 11 5361830
6 16 4893080
7 6 5523370
7 21 4974030
7 5 5232360
8 6 4181830
8 10 3348970
8 15 3486140
9 12 3373660
9 10 3201870
10 15 4309890
10 8 3348970
10 11 4528970
10 9 3201870
11 4 4948400
11 6 5361830
11 10 4528970
12 9 3373660
12 14 3885390
12 13 4401310
12 15 4481680
13 12 4401310
13 15 4366690
13 17 5196710
13 16 4117020
14 17 4680790
14 12 3885390
15 10 4309890
15 13 4366690
15 12 4481680
15 8 3486140
16 23 4647020
16 20 4163200
16 6 4893080
16 13 4117020
17 14 4680790
17 13 5196710
17 19 5328370
17 25 6350220
18 22 4610110
18 25 7424120
18 19 6402270
19 17 5328370
19 18 6402270
19 22 2757480
20 16 4163200
20 25 5486010
20 23 4862500
21 24 4188970
21 23 5043040
21 7 4974030
22 18 4610110
22 19 2757480
23 21 5043040
23 24 4492250
23 16 4647020
23 20 4862500
24 21 4188970
24 23 4492250
25 20 5486010
25 18 7424120
25 17 6350220
