0 4 2450520
0 2 2656560
1 2 5109670
1 5 4883070
1 3 4476430
2 1 5109670
2 0 2656560
2 4 4554220
3 4 3920980
3 1 4476430
3 5 3900420
4 0 2450520
4 3 3920980
4 2 4554220
4 11 4348800
5 1 4883070
5 3 3900420
5 7 4368430
5 6 4448350
6 8 3526310
6 7 4509720
6 5 4448350
6 11 4469530
6 16 4033740
7 6 4509720
7 21 3855440
7 5 4368430
8 6 3526310
8 10 3277250
8 15 3693620
9 12 2967200
9 10 2960220
10 15 4507890
10 8 3277250
10 11 4220470
10 9 2960220
11 4 4348800
11 6 4469530
11 10 4220470
12 9 2967200
12 14 3399210
12 13 4323990
12 15 4514870
13 12 4323990
13 15 4733380
13 17 5076430
13 16 4010170
14 17 4151650
14 12 3399210
15 10 4507890
15 13 4733380
15 12 4514870
15 8 3693620
16 23 3731230
16 20 4428810
16 6 4033740
16 13 4010170
17 14 4151650
17 13 5076430
17 19 4649510
17 25 6246690
18 22 3516560
18 25 6541400
18 19 4944220
19 17 4649510
19 18 4944220
19 22 2261000
20 16 4428810
20 25 6131400
20 23 4682200
21 24 2870550
21 23 3632850
21 7 3855440
22 18 3516560
22 19 2261000
23 21 3632850
23 24 3222320
23 16 3731230
23 20 4682200
24 21 2870550
24 23 3222320
25 20 6131400
25 18 6541400
25 17 6246690
