0 4 2067720
0 2 2560700
1 2 3912030
1 5 3102080
1 3 2538440
2 1 3912030
2 0 2560700
2 4 4151000
3 4 2777410
3 1 2538440
3 5 2460440
4 0 2067720
4 3 2777410
4 2 4151000
4 11 3634800
5 1 3102080
5 3 2460440
5 7 3790850
5 6 3105280
6 8 2264600
6 7 3872050
6 5 3105280
6 11 3399030
6 16 2839280
7 6 3872050
7 21 3389160
7 5 3790850
8 6 2264600
8 10 2209820
8 15 2267530
9 12 2814890
9 10 2316470
10 15 3134630
10 8 2209820
10 11 3344250
10 9 2316470
11 4 3634800
11 6 3399030
11 10 3344250
12 9 2814890
12 14 2717510
12 13 3595150
12 15 3633050
13 12 3595150
13 15 3154440
13 17 2956560
13 16 2804310
14 17 2078920
14 12 2717510
15 10 3134630
15 13 3154440
15 12 3633050
15 8 2267530
16 23 3054820
16 20 2519660
16 6 2839280
16 13 2804310
17 14 2078920
17 13 2956560
17 19 2394340
17 25 2956900
18 22 2032540
18 25 3378600
18 19 2816040
19 17 2394340
19 18 2816040
19 22 1208600
20 16 2519660
20 25 2832230
20 23 3082400
21 24 2104440
21 23 2919130
21 7 3389160
22 18 2032540
22 19 1208600
23 21 2919130
23 24 2802870
23 16 3054820
23 20 3082400
24 21 2104440
24 23 2802870
25 20 2832230
25 18 3378600
25 17 2956900
