0 4 2235660
0 2 2992520
1 2 4758100
1 5 3683260
1 3 3457560
2 1 4758100
2 0 2992520
2 4 4398820
3 4 3098280
3 1 3457560
3 5 2780300
4 0 2235660
4 3 3098280
4 2 4398820
4 11 3735600
5 1 3683260
5 3 2780300
5 7 3492100
5 6 3538710
6 8 3268390
6 7 4024810
6 5 3538710
6 11 3950330
6 16 3827640
7 6 4024810
7 21 3662550
7 5 3492100
8 6 3268390
8 10 2920860
8 15 3531860
9 12 3479720
9 10 2422430
10 15 3987360
10 8 2920860
10 11 3602800
10 9 2422430
11 4 3735600
11 6 3950330
11 10 3602800
12 9 3479720
12 14 4216930
12 13 5340020
12 15 5044650
13 12 5340020
13 15 4893730
13 17 5412600
13 16 4386480
14 17 4289510
14 12 4216930
15 10 3987360
15 13 4893730
15 12 5044650
15 8 3531860
16 23 4680810
16 20 3791700
16 6 3827640
16 13 4386480
17 14 4289510
17 13 5412600
17 19 4809520
17 25 5564260
18 22 4692530
18 25 6939480
18 19 6184740
19 17 4809520
19 18 6184740
19 22 2490730
20 16 3791700
20 25 4745980
20 23 4888650
21 24 3636130
21 23 4562330
21 7 3662550
22 18 4692530
22 19 2490730
23 21 4562330
23 24 4851560
23 16 4680810
23 20 4888650
24 21 3636130
24 23 4851560
25 20 4745980
25 18 6939480
25 17 5564260
