0 4 2488370
0 2 2815740
1 2 4615060
1 5 3933400
1 3 3414670
2 1 4615060
2 0 2815740
2 4 4927370
3 4 3726980
3 1 3414670
3 5 3372690
4 0 2488370
4 3 3726980
4 2 4927370
4 11 4655070
5 1 3933400
5 3 3372690
5 7 3664650
5 6 3458260
6 8 1986250
6 7 3231490
6 5 3458260
6 11 3867620
6 16 3136780
7 6 3231490
7 21 3452260
7 5 3664650
8 6 1986250
8 10 2498230
8 15 2199620
9 12 2488120
9 10 2749650
10 15 3750450
10 8 2498230
10 11 4379600
10 9 2749650
11 4 4655070
11 6 3867620
11 10 4379600
12 9 2488120
12 14 2804880
12 13 3522100
12 15 3488920
13 12 3522100
13 15 3485020
13 17 4008450
13 16 3383330
14 17 3291230
14 12 2804880
15 10 3750450
15 13 3485020
15 12 3488920
15 8 2199620
16 23 3745930
16 20 3632700
16 6 3136780
16 13 3383330
17 14 3291230
17 13 4008450
17 19 4153900
17 25 4766980
18 22 3925660
18 25 5929020
18 19 5315940
19 17 4153900
19 18 5315940
19 22 2418820
20 16 3632700
20 25 4526100
20 23 4130170
21 24 2928840
21 23 3855020
21 7 3452260
22 18 3925660
22 19 2418820
23 21 3855020
23 24 3317220
23 16 3745930
23 20 4130170
24 21 2928840
24 23 3317220
25 20 4526100
25 18 5929020
25 17 4766980
