0 4 1671530
0 2 1673840
1 2 2772900
1 5 2670510
1 3 2165530
2 1 2772900
2 0 1673840
2 4 3071410
3 4 2464040
3 1 2165530
3 5 2363960
4 0 1671530
4 3 2464040
4 2 3071410
4 11 3010620
5 1 2670510
5 3 2363960
5 7 3599790
5 6 3329110
6 8 2759230
6 7 4059960
6 5 3329110
6 11 3370710
6 16 3053480
7 6 4059960
7 21 3463710
7 5 3599790
8 6 2759230
8 10 2362950
8 15 3004660
9 12 2401620
9 10 1925860
10 15 3638430
10 8 2362950
10 11 2974430
10 9 1925860
11 4 3010620
11 6 3370710
11 10 2974430
12 9 2401620
12 14 2611230
12 13 3496830
12 15 4114190
13 12 3496830
13 15 3662780
13 17 2946080
13 16 2681550
14 17 2060480
14 12 2611230
15 10 3638430
15 13 3662780
15 12 4114190
15 8 3004660
16 23 3673970
16 20 2617780
16 6 3053480
16 13 2681550
17 14 2060480
17 13 2946080
17 19 2537240
17 25 3082830
18 22 2004310
18 25 3366350
18 19 2820760
19 17 2537240
19 18 2820760
19 22 1411290
20 16 2617780
20 25 3118400
20 23 3974070
21 24 2443950
21 23 3813520
21 7 3463710
22 18 2004310
22 19 1411290
23 21 3813520
23 24 3660690
23 16 3673970
23 20 3974070
24 21 2443950
24 23 3660690
25 20 3118400
25 18 3366350
25 17 3082830
