0 4 1200860
0 2 1518180
1 2 2774740
1 5 2600440
1 3 2286000
2 1 2774740
2 0 1518180
2 4 2593360
3 4 2104620
3 1 2286000
3 5 2247640
4 0 1200860
4 3 2104620
4 2 2593360
4 11 2479970
5 1 2600440
5 3 2247640
5 7 2758540
5 6 2465150
6 8 1760400
6 7 2661610
6 5 2465150
6 11 2526060
6 16 2320290
7 6 2661610
7 21 2701860
7 5 2758540
8 6 1760400
8 10 1786940
8 15 1768930
9 12 1877780
9 10 1814000
10 15 2403290
10 8 1786940
10 11 2552600
10 9 1814000
11 4 2479970
11 6 2526060
11 10 2552600
12 9 1877780
12 14 1759810
12 13 2462470
12 15 2467070
13 12 2462470
13 15 2380680
13 17 2443490
13 16 2324220
14 17 1740830
14 12 1759810
15 10 2403290
15 13 2380680
15 12 2467070
15 8 1768930
16 23 2797700
16 20 2389480
16 6 2320290
16 13 2324220
17 14 1740830
17 13 2443490
17 19 2124160
17 25 2541970
18 22 1370940
18 25 2543270
18 19 2125460
19 17 2124160
19 18 2125460
19 22 982900
20 16 2389480
20 25 2539820
20 23 2914820
21 24 2033180
21 23 2885880
21 7 2701860
22 18 1370940
22 19 982900
23 21 2885880
23 24 2470340
23 16 2797700
23 20 2914820
24 21 2033180
24 23 2470340
25 20 2539820
25 18 2543270
25 17 2541970
