0 4 2533880
0 2 2941360
1 2 5308210
1 5 4390310
1 3 4255720
2 1 5308210
2 0 2941360
2 4 5065380
3 4 4012890
3 1 4255720
3 5 3502470
4 0 2533880
4 3 4012890
4 2 5065380
4 11 4767940
5 1 4390310
5 3 3502470
5 7 4316670
5 6 4046690
6 8 3183510
6 7 4726300
6 5 4046690
6 11 4667150
6 16 3814430
7 6 4726300
7 21 3738240
7 5 4316670
8 6 3183510
8 10 2890160
8 15 2990960
9 12 2394530
9 10 2602870
10 15 3970420
10 8 2890160
10 11 4373800
10 9 2602870
11 4 4767940
11 6 4667150
11 10 4373800
12 9 2394530
12 14 2392740
12 13 3325050
12 15 3762080
13 12 3325050
13 15 3634190
13 17 3280730
13 16 3184850
14 17 2348420
14 12 2392740
15 10 3970420
15 13 3634190
15 12 3762080
15 8 2990960
16 23 4074260
16 20 3364200
16 6 3814430
16 13 3184850
17 14 2348420
17 13 3280730
17 19 2889970
17 25 4214400
18 22 2675100
18 25 4944680
18 19 3620250
19 17 2889970
19 18 3620250
19 22 1470490
20 16 3364200
20 25 4310180
20 23 4265920
21 24 2492630
21 23 3728090
21 7 3738240
22 18 2675100
22 19 1470490
23 21 3728090
23 24 3740520
23 16 4074260
23 20 4265920
24 21 2492630
24 23 3740520
25 20 4310180
25 18 4944680
25 17 4214400
