0 4 1673330
0 2 1883960
1 2 3194440
1 5 3116660
1 3 2551340
2 1 3194440
2 0 1883960
2 4 3026270
3 4 2383170
3 1 2551340
3 5 2516020
4 0 1673330
4 3 2383170
4 2 3026270
4 11 2841180
5 1 3116660
5 3 2516020
5 7 3290910
5 6 3123750
6 8 2181170
6 7 3333320
6 5 3123750
6 11 3016440
6 16 3232310
7 6 3333320
7 21 2839420
7 5 3290910
8 6 2181170
8 10 1855600
8 15 2142640
9 12 2054380
9 10 1731720
10 15 2802060
10 8 1855600
10 11 2690870
10 9 1731720
11 4 2841180
11 6 3016440
11 10 2690870
12 9 2054380
12 14 2197750
12 13 3200810
12 15 3124720
13 12 3200810
13 15 3165190
13 17 2715400
13 16 3269870
14 17 1712340
14 12 2197750
15 10 2802060
15 13 3165190
15 12 3124720
15 8 2142640
16 23 3738300
16 20 2541740
16 6 3232310
16 13 3269870
17 14 1712340
17 13 2715400
17 19 1938210
17 25 2307500
18 22 1632210
18 25 2831510
18 19 2462220
19 17 1938210
19 18 2462220
19 22 856890
20 16 2541740
20 25 2105250
20 23 2981580
21 24 1905000
21 23 3178250
21 7 2839420
22 18 1632210
22 19 856890
23 21 3178250
23 24 2904890
23 16 3738300
23 20 2981580
24 21 1905000
24 23 2904890
25 20 2105250
25 18 2831510
25 17 2307500
