0 4 2763560
0 2 3099020
1 2 5442900
1 5 4725660
1 3 4332300
2 1 5442900
2 0 3099020
2 4 5376100
3 4 4265500
3 1 4332300
3 5 3883720
4 0 2763560
4 3 4265500
4 2 5376100
4 11 5021000
5 1 4725660
5 3 3883720
5 7 4344620
5 6 4511000
6 8 3705140
6 7 4578540
6 5 4511000
6 11 4873140
6 16 4416270
7 6 4578540
7 21 4054570
7 5 4344620
8 6 3705140
8 10 4016280
8 15 4074540
9 12 3228410
9 10 3732330
10 15 5425460
10 8 4016280
10 11 5184280
10 9 3732330
11 4 5021000
11 6 4873140
11 10 5184280
12 9 3228410
12 14 3604380
12 13 4401750
12 15 4921540
13 12 4401750
13 15 4963930
13 17 5005880
13 16 4265880
14 17 4208510
14 12 3604380
15 10 5425460
15 13 4963930
15 12 4921540
15 8 4074540
16 23 4475800
16 20 4117100
16 6 4416270
16 13 4265880
17 14 4208510
17 13 5005880
17 19 4990170
17 25 5570530
18 22 3715110
18 25 6198120
18 19 5617760
19 17 4990170
19 18 5617760
19 22 2510070
20 16 4117100
20 25 4860010
20 23 4505280
21 24 3470500
21 23 4280480
21 7 4054570
22 18 3715110
22 19 2510070
23 21 4280480
23 24 4054000
23 16 4475800
23 20 4505280
24 21 3470500
24 23 4054000
25 20 4860010
25 18 6198120
25 17 5570530
