0 4 842440
0 2 221900
1 2 3547550
1 5 6392690
1 3 921430
2 1 3547550
2 0 221900
2 4 5664750
3 4 1309430
3 1 921430
3 5 267640
4 0 842440
4 3 1309430
4 2 5664750
4 11 8055680
5 1 6392690
5 3 267640
5 7 2309520
5 6 4685460
6 8 1037430
6 7 1795210
6 5 4685460
6 11 1180110
6 16 4597990
7 6 1795210
7 21 4943990
7 5 2309520
8 6 1037430
8 10 413890
8 15 935810
9 12 765090
9 10 445230
10 15 8076660
10 8 413890
10 11 8028910
10 9 445230
11 4 8055680
11 6 1180110
11 10 8028910
12 9 765090
12 14 2652230
12 13 1352770
12 15 2588190
13 12 1352770
13 15 6593810
13 17 6100180
13 16 2855130
14 17 2792650
14 12 2652230
15 10 8076660
15 13 6593810
15 12 2588190
15 8 935810
16 23 4711810
16 20 2801150
16 6 4597990
16 13 2855130
17 14 2792650
17 13 6100180
17 19 1113270
17 25 7012410
18 22 430530
18 25 9494300
18 19 492720
19 17 1113270
19 18 492720
19 22 461890
20 16 2801150
20 25 6860100
20 23 4428150
21 24 2321020
21 23 2731010
21 7 4943990
22 18 430530
22 19 461890
23 21 2731010
23 24 3125600
23 16 4711810
23 20 4428150
24 21 2321020
24 23 3125600
25 20 6860100
25 18 9494300
25 17 7012410
