0 4 120680
0 2 23550
1 2 883990
1 5 932460
1 3 156660
2 1 883990
2 0 23550
2 4 742450
3 4 127270
3 1 156660
3 5 89650
4 0 120680
4 3 127270
4 2 742450
4 11 1005620
5 1 932460
5 3 89650
5 7 384600
5 6 676140
6 8 180210
6 7 214470
6 5 676140
6 11 65690
6 16 615350
7 6 214470
7 21 407160
7 5 384600
8 6 180210
8 10 44810
8 15 189000
9 12 118260
9 10 46990
10 15 961780
10 8 44810
10 11 1002300
10 9 46990
11 4 1005620
11 6 65690
11 10 1002300
12 9 118260
12 14 200000
12 13 138820
12 15 317640
13 12 138820
13 15 896820
13 17 833820
13 16 303260
14 17 195000
14 12 200000
15 10 961780
15 13 896820
15 12 317640
15 8 189000
16 23 608560
16 20 230380
16 6 615350
16 13 303260
17 14 195000
17 13 833820
17 19 94580
17 25 824150
18 22 41110
18 25 1221010
18 19 37890
19 17 94580
19 18 37890
19 22 25200
20 16 230380
20 25 578450
20 23 355810
21 24 313040
21 23 133890
21 7 407160
22 18 41110
22 19 25200
23 21 133890
23 24 345160
23 16 608560
23 20 355810
24 21 313040
24 23 345160
25 20 578450
25 18 1221010
25 17 824150
