0 4 593730
0 2 136510
1 2 3491910
1 5 3810420
1 3 459520
2 1 3491910
2 0 136510
2 4 3111680
3 4 483250
3 1 459520
3 5 28790
4 0 593730
4 3 483250
4 2 3111680
4 11 4489950
5 1 3810420
5 3 28790
5 7 1263930
5 6 2804520
6 8 1095680
6 7 1386230
6 5 2804520
6 11 373430
6 16 2648090
7 6 1386230
7 21 2466410
7 5 1263930
8 6 1095680
8 10 307210
8 15 1198960
9 12 456560
9 10 323920
10 15 3900280
10 8 307210
10 11 4417240
10 9 323920
11 4 4489950
11 6 373430
11 10 4417240
12 9 456560
12 14 1823010
12 13 982320
12 15 1974680
13 12 982320
13 15 3324560
13 17 3016950
13 16 1786000
14 17 1681360
14 12 1823010
15 10 3900280
15 13 3324560
15 12 1974680
15 8 1198960
16 23 3290630
16 20 1020210
16 6 2648090
16 13 1786000
17 14 1681360
17 13 3016950
17 19 598380
17 25 3647490
18 22 292110
18 25 5677960
18 19 379060
19 17 598380
19 18 379060
19 22 306640
20 16 1020210
20 25 3679060
20 23 2738020
21 24 1190400
21 23 1370610
21 7 2466410
22 18 292110
22 19 306640
23 21 1370610
23 24 1525040
23 16 3290630
23 20 2738020
24 21 1190400
24 23 1525040
25 20 3679060
25 18 5677960
25 17 3647490
