0 4 506800
0 2 125490
1 2 3565900
1 5 4127740
1 3 559270
2 1 3565900
2 0 125490
2 4 2784780
3 4 559460
3 1 559270
3 5 145020
4 0 506800
4 3 559460
4 2 2784780
4 11 3981770
5 1 4127740
5 3 145020
5 7 1476590
5 6 3040650
6 8 1099610
6 7 1347070
6 5 3040650
6 11 373920
6 16 2973480
7 6 1347070
7 21 2283280
7 5 1476590
8 6 1099610
8 10 311300
8 15 1179780
9 12 356480
9 10 247610
10 15 3520180
10 8 311300
10 11 3888310
10 9 247610
11 4 3981770
11 6 373920
11 10 3888310
12 9 356480
12 14 1597110
12 13 694910
12 15 1881440
13 12 694910
13 15 3131290
13 17 2737130
13 16 1569550
14 17 1547850
14 12 1597110
15 10 3520180
15 13 3131290
15 12 1881440
15 8 1179780
16 23 3075800
16 20 1479260
16 6 2973480
16 13 1569550
17 14 1547850
17 13 2737130
17 19 460890
17 25 3486140
18 22 246850
18 25 5344700
18 19 348880
19 17 460890
19 18 348880
19 22 214940
20 16 1479260
20 25 3693820
20 23 2393410
21 24 1033370
21 23 1336090
21 7 2283280
22 18 246850
22 19 214940
23 21 1336090
23 24 1380890
23 16 3075800
23 20 2393410
24 21 1033370
24 23 1380890
25 20 3693820
25 18 5344700
25 17 3486140
