0 4 217990
0 2 21810
1 2 916030
1 5 1565420
1 3 158920
2 1 916030
2 0 21810
2 4 1115150
3 4 178320
3 1 158920
3 5 70330
4 0 217990
4 3 178320
4 2 1115150
4 11 1471870
5 1 1565420
5 3 70330
5 7 808970
5 6 924790
6 8 440720
6 7 540610
6 5 924790
6 11 143550
6 16 957620
7 6 540610
7 21 923420
7 5 808970
8 6 440720
8 10 39530
8 15 398420
9 12 139260
9 10 79650
10 15 1395540
10 8 39530
10 11 1486020
10 9 79650
11 4 1471870
11 6 143550
11 10 1486020
12 9 139260
12 14 567600
12 13 80760
12 15 772530
13 12 80760
13 15 1135680
13 17 989900
13 16 320520
14 17 531620
14 12 567600
15 10 1395540
15 13 1135680
15 12 772530
15 8 398420
16 23 708460
16 20 509980
16 6 957620
16 13 320520
17 14 531620
17 13 989900
17 19 159120
17 25 1218250
18 22 44500
18 25 1556710
18 19 100200
19 17 159120
19 18 100200
19 22 132190
20 16 509980
20 25 1304680
20 23 794320
21 24 482580
21 23 419210
21 7 923420
22 18 44500
22 19 132190
23 21 419210
23 24 530160
23 16 708460
23 20 794320
24 21 482580
24 23 530160
25 20 1304680
25 18 1556710
25 17 1218250
