0 4 288750
0 2 108360
1 2 1884040
1 5 2270520
1 3 332920
2 1 1884040
2 0 108360
2 4 2413330
3 4 479770
3 1 332920
3 5 329720
4 0 288750
4 3 479770
4 2 2413330
4 11 3469820
5 1 2270520
5 3 329720
5 7 1352360
5 6 1396080
6 8 463840
6 7 923120
6 5 1396080
6 11 377750
6 16 1276710
7 6 923120
7 21 2210890
7 5 1352360
8 6 463840
8 10 257540
8 15 534010
9 12 103540
9 10 82930
10 15 3118820
10 8 257540
10 11 3210440
10 9 82930
11 4 3469820
11 6 377750
11 10 3210440
12 9 103540
12 14 1001780
12 13 427810
12 15 1085190
13 12 427810
13 15 2449040
13 17 2046790
13 16 960200
14 17 747950
14 12 1001780
15 10 3118820
15 13 2449040
15 12 1085190
15 8 534010
16 23 1200310
16 20 812110
16 6 1276710
16 13 960200
17 14 747950
17 13 2046790
17 19 518490
17 25 2226230
18 22 160200
18 25 2812630
18 19 101250
19 17 518490
19 18 101250
19 22 222160
20 16 812110
20 25 2922820
20 23 2280390
21 24 1127330
21 23 1086040
21 7 2210890
22 18 160200
22 19 222160
23 21 1086040
23 24 985880
23 16 1200310
23 20 2280390
24 21 1127330
24 23 985880
25 20 2922820
25 18 2812630
25 17 2226230
