0 4 834840
0 2 199430
1 2 3831890
1 5 6376610
1 3 1050520
2 1 3831890
2 0 199430
2 4 5663900
3 4 1471070
3 1 1050520
3 5 206780
4 0 834840
4 3 1471070
4 2 5663900
4 11 8291790
5 1 6376610
5 3 206780
5 7 2544430
5 6 4410840
6 8 1234220
6 7 1977820
6 5 4410840
6 11 1167430
6 16 4279160
7 6 1977820
7 21 5356550
7 5 2544430
8 6 1234220
8 10 534350
8 15 1118560
9 12 911170
9 10 330550
10 15 8657260
10 8 534350
10 11 8389920
10 9 330550
11 4 8291790
11 6 1167430
11 10 8389920
12 9 911170
12 14 2585790
12 13 1434340
12 15 2438690
13 12 1434340
13 15 7595250
13 17 7063090
13 16 2984870
14 17 2913400
14 12 2585790
15 10 8657260
15 13 7595250
15 12 2438690
15 8 1118560
16 23 4660160
16 20 2695130
16 6 4279160
16 13 2984870
17 14 2913400
17 13 7063090
17 19 1160790
17 25 7813050
18 22 507880
18 25 10170810
18 19 507120
19 17 1160790
19 18 507120
19 22 578090
20 16 2695130
20 25 7286200
20 23 5099290
21 24 2373750
21 23 3176280
21 7 5356550
22 18 507880
22 19 578090
23 21 3176280
23 24 3429330
23 16 4660160
23 20 5099290
24 21 2373750
24 23 3429330
25 20 7286200
25 18 10170810
25 17 7813050
