0 4 189320
0 2 25360
1 2 746970
1 5 1357610
1 3 138980
2 1 746970
2 0 25360
2 4 781430
3 4 171160
3 1 138980
3 5 33530
4 0 189320
4 3 171160
4 2 781430
4 11 1186170
5 1 1357610
5 3 33530
5 7 611170
5 6 882420
6 8 391760
6 7 431490
6 5 882420
6 11 122700
6 16 913360
7 6 431490
7 21 1052410
7 5 611170
8 6 391760
8 10 34070
8 15 341830
9 12 88450
9 10 56090
10 15 1131160
10 8 34070
10 11 1157190
10 9 56090
11 4 1186170
11 6 122700
11 10 1157190
12 9 88450
12 14 433910
12 13 133940
12 15 644230
13 12 133940
13 15 986030
13 17 767920
13 16 329870
14 17 351460
14 12 433910
15 10 1131160
15 13 986030
15 12 644230
15 8 341830
16 23 915840
16 20 293500
16 6 913360
16 13 329870
17 14 351460
17 13 767920
17 19 137050
17 25 849800
18 22 61180
18 25 1237750
18 19 85750
19 17 137050
19 18 85750
19 22 118830
20 16 293500
20 25 1280300
20 23 1008800
21 24 373180
21 23 618400
21 7 1052410
22 18 61180
22 19 118830
23 21 618400
23 24 492370
23 16 915840
23 20 1008800
24 21 373180
24 23 492370
25 20 1280300
25 18 1237750
25 17 849800
