0 4 303510
0 2 157870
1 2 2850710
1 5 3076820
1 3 349090
2 1 2850710
2 0 157870
2 4 3220980
3 4 575610
3 1 349090
3 5 260180
4 0 303510
4 3 575610
4 2 3220980
4 11 4296940
5 1 3076820
5 3 260180
5 7 2149370
5 6 1461520
6 8 1032980
6 7 1468960
6 5 1461520
6 11 419790
6 16 1331040
7 6 1468960
7 21 2871080
7 5 2149370
8 6 1032980
8 10 297620
8 15 992250
9 12 55540
9 10 182780
10 15 4167030
10 8 297620
10 11 4177220
10 9 182780
11 4 4296940
11 6 419790
11 10 4177220
12 9 55540
12 14 1175990
12 13 361780
12 15 1626950
13 12 361780
13 15 3486240
13 17 2916980
13 16 999100
14 17 770230
14 12 1175990
15 10 4167030
15 13 3486240
15 12 1626950
15 8 992250
16 23 1290860
16 20 1012590
16 6 1331040
16 13 999100
17 14 770230
17 13 2916980
17 19 494110
17 25 3120640
18 22 124060
18 25 3667550
18 19 226440
19 17 494110
19 18 226440
19 22 151040
20 16 1012590
20 25 3833610
20 23 3008730
21 24 1435620
21 23 1635860
21 7 2871080
22 18 124060
22 19 151040
23 21 1635860
23 24 1217910
23 16 1290860
23 20 3008730
24 21 1435620
24 23 1217910
25 20 3833610
25 18 3667550
25 17 3120640
