0 4 212280
0 2 124530
1 2 741550
1 5 1665250
1 3 181340
2 1 741550
2 0 124530
2 4 1147320
3 4 361230
3 1 181340
3 5 221490
4 0 212280
4 3 361230
4 2 1147320
4 11 1726280
5 1 1665250
5 3 221490
5 7 615390
5 6 1333080
6 8 210350
6 7 316900
6 5 1333080
6 11 193400
6 16 1265360
7 6 316900
7 21 1223840
7 5 615390
8 6 210350
8 10 14260
8 15 244750
9 12 81380
9 10 183820
10 15 1520630
10 8 14260
10 11 1623040
10 9 183820
11 4 1726280
11 6 193400
11 10 1623040
12 9 81380
12 14 772750
12 13 54080
12 15 638890
13 12 54080
13 15 1209080
13 17 1094970
13 16 445220
14 17 747470
14 12 772750
15 10 1520630
15 13 1209080
15 12 638890
15 8 244750
16 23 932240
16 20 707480
16 6 1265360
16 13 445220
17 14 747470
17 13 1094970
17 19 323150
17 25 1235320
18 22 52500
18 25 2572910
18 19 52920
19 17 323150
19 18 52920
19 22 160100
20 16 707480
20 25 1690110
20 23 1114930
21 24 501120
21 23 733030
21 7 1223840
22 18 52500
22 19 160100
23 21 733030
23 24 435510
23 16 932240
23 20 1114930
24 21 501120
24 23 435510
25 20 1690110
25 18 2572910
25 17 1235320
