0 4 630200
0 2 86080
1 2 3311150
1 5 5221210
1 3 683130
2 1 3311150
2 0 86080
2 4 3788290
3 4 891250
3 1 683130
3 5 223320
4 0 630200
4 3 891250
4 2 3788290
4 11 5635220
5 1 5221210
5 3 223320
5 7 1743780
5 6 3872520
6 8 596960
6 7 1225730
6 5 3872520
6 11 617100
6 16 3869940
7 6 1225730
7 21 3754940
7 5 1743780
8 6 596960
8 10 139900
8 15 740280
9 12 565600
9 10 369040
10 15 5187380
10 8 139900
10 11 5243820
10 9 369040
11 4 5635220
11 6 617100
11 10 5243820
12 9 565600
12 14 2298850
12 13 1020530
12 15 1478200
13 12 1020530
13 15 4695230
13 17 4133480
13 16 2317960
14 17 2435780
14 12 2298850
15 10 5187380
15 13 4695230
15 12 1478200
15 8 740280
16 23 3413940
16 20 2374070
16 6 3869940
16 13 2317960
17 14 2435780
17 13 4133480
17 19 775830
17 25 5048440
18 22 523400
18 25 7143600
18 19 327320
19 17 775830
19 18 327320
19 22 372640
20 16 2374070
20 25 5546970
20 23 3330930
21 24 1907360
21 23 2077640
21 7 3754940
22 18 523400
22 19 372640
23 21 2077640
23 24 1895610
23 16 3413940
23 20 3330930
24 21 1907360
24 23 1895610
25 20 5546970
25 18 7143600
25 17 5048440
