0 4 196450
0 2 221270
1 2 1740510
1 5 2491910
1 3 329080
2 1 1740510
2 0 221270
2 4 1531960
3 4 536160
3 1 329080
3 5 107370
4 0 196450
4 3 536160
4 2 1531960
4 11 2513040
5 1 2491910
5 3 107370
5 7 1288730
5 6 1425780
6 8 472390
6 7 524480
6 5 1425780
6 11 101070
6 16 1296950
7 6 524480
7 21 1313750
7 5 1288730
8 6 472390
8 10 106880
8 15 439630
9 12 146720
9 10 177340
10 15 2315270
10 8 106880
10 11 2432750
10 9 177340
11 4 2513040
11 6 101070
11 10 2432750
12 9 146720
12 14 932580
12 13 313910
12 15 872370
13 12 313910
13 15 1865930
13 17 1763020
13 16 695620
14 17 929690
14 12 932580
15 10 2315270
15 13 1865930
15 12 872370
15 8 439630
16 23 1274400
16 20 704420
16 6 1296950
16 13 695620
17 14 929690
17 13 1763020
17 19 341860
17 25 2251160
18 22 145260
18 25 3134590
18 19 33950
19 17 341860
19 18 33950
19 22 136070
20 16 704420
20 25 1899500
20 23 1413730
21 24 651900
21 23 754780
21 7 1313750
22 18 145260
22 19 136070
23 21 754780
23 24 736690
23 16 1274400
23 20 1413730
24 21 651900
24 23 736690
25 20 1899500
25 18 3134590
25 17 2251160
