0 4 142760
0 2 29500
1 2 578070
1 5 1190220
1 3 62950
2 1 578070
2 0 29500
2 4 722640
3 4 112160
3 1 62950
3 5 47240
4 0 142760
4 3 112160
4 2 722640
4 11 1036250
5 1 1190220
5 3 47240
5 7 443460
5 6 834550
6 8 282080
6 7 471470
6 5 834550
6 11 180110
6 16 823260
7 6 471470
7 21 870820
7 5 443460
8 6 282080
8 10 45320
8 15 263660
9 12 74860
9 10 14420
10 15 901580
10 8 45320
10 11 856660
10 9 14420
11 4 1036250
11 6 180110
11 10 856660
12 9 74860
12 14 367690
12 13 306610
12 15 349670
13 12 306610
13 15 877750
13 17 834600
13 16 473720
14 17 427210
14 12 367690
15 10 901580
15 13 877750
15 12 349670
15 8 263660
16 23 862070
16 20 461570
16 6 823260
16 13 473720
17 14 427210
17 13 834600
17 19 158990
17 25 997860
18 22 121800
18 25 1834720
18 19 32160
19 17 158990
19 18 32160
19 22 64850
20 16 461570
20 25 1117250
20 23 646900
21 24 498790
21 23 417950
21 7 870820
22 18 121800
22 19 64850
23 21 417950
23 24 484730
23 16 862070
23 20 646900
24 21 498790
24 23 484730
25 20 1117250
25 18 1834720
25 17 997860
