0 4 185030
0 2 47680
1 2 1366660
1 5 1871400
1 3 179090
2 1 1366660
2 0 47680
2 4 1339660
3 4 287490
3 1 179090
3 5 156180
4 0 185030
4 3 287490
4 2 1339660
4 11 2035030
5 1 1871400
5 3 156180
5 7 797430
5 6 1374210
6 8 472160
6 7 630960
6 5 1374210
6 11 260390
6 16 1222280
7 6 630960
7 21 1742200
7 5 797430
8 6 472160
8 10 105160
8 15 489180
9 12 253910
9 10 133670
10 15 1973120
10 8 105160
10 11 1998440
10 9 133670
11 4 2035030
11 6 260390
11 10 1998440
12 9 253910
12 14 823980
12 13 766510
12 15 711570
13 12 766510
13 15 1858700
13 17 1674380
13 16 1318180
14 17 776810
14 12 823980
15 10 1973120
15 13 1858700
15 12 711570
15 8 489180
16 23 1565540
16 20 976640
16 6 1222280
16 13 1318180
17 14 776810
17 13 1674380
17 19 393660
17 25 1827320
18 22 142220
18 25 3325860
18 19 263220
19 17 393660
19 18 263220
19 22 178410
20 16 976640
20 25 2435640
20 23 1644840
21 24 872040
21 23 946970
21 7 1742200
22 18 142220
22 19 178410
23 21 946970
23 24 975290
23 16 1565540
23 20 1644840
24 21 872040
24 23 975290
25 20 2435640
25 18 3325860
25 17 1827320
