0 4 176230
0 2 71220
1 2 1202020
1 5 1647820
1 3 399520
2 1 1202020
2 0 71220
2 4 2031230
3 4 400070
3 1 399520
3 5 228980
4 0 176230
4 3 400070
4 2 2031230
4 11 2868920
5 1 1647820
5 3 228980
5 7 601230
5 6 1468390
6 8 564430
6 7 704450
6 5 1468390
6 11 299940
6 16 1348330
7 6 704450
7 21 1773910
7 5 601230
8 6 564430
8 10 300740
8 15 568140
9 12 127780
9 10 96220
10 15 2447680
10 8 300740
10 11 2583540
10 9 96220
11 4 2868920
11 6 299940
11 10 2583540
12 9 127780
12 14 900440
12 13 60780
12 15 1088890
13 12 60780
13 15 1816730
13 17 1495340
13 16 579730
14 17 794680
14 12 900440
15 10 2447680
15 13 1816730
15 12 1088890
15 8 568140
16 23 841770
16 20 926070
16 6 1348330
16 13 579730
17 14 794680
17 13 1495340
17 19 382000
17 25 1734360
18 22 64900
18 25 2874920
18 19 130750
19 17 382000
19 18 130750
19 22 193290
20 16 926070
20 25 2812610
20 23 1965740
21 24 823300
21 23 1133580
21 7 1773910
22 18 64900
22 19 193290
23 21 1133580
23 24 793970
23 16 841770
23 20 1965740
24 21 823300
24 23 793970
25 20 2812610
25 18 2874920
25 17 1734360
