0 4 177140
0 2 49140
1 2 769750
1 5 1340320
1 3 27820
2 1 769750
2 0 49140
2 4 1164850
3 4 73220
3 1 27820
3 5 69170
4 0 177140
4 3 73220
4 2 1164850
4 11 1561480
5 1 1340320
5 3 69170
5 7 620590
5 6 914070
6 8 538710
6 7 665500
6 5 914070
6 11 219790
6 16 908100
7 6 665500
7 21 913520
7 5 620590
8 6 538710
8 10 77280
8 15 511210
9 12 124470
9 10 56180
10 15 1451690
10 8 77280
10 11 1546110
10 9 56180
11 4 1561480
11 6 219790
11 10 1546110
12 9 124470
12 14 390800
12 13 151250
12 15 748800
13 12 151250
13 15 1345990
13 17 1261060
13 16 461110
14 17 474800
14 12 390800
15 10 1451690
15 13 1345990
15 12 748800
15 8 511210
16 23 591000
16 20 696800
16 6 908100
16 13 461110
17 14 474800
17 13 1261060
17 19 102800
17 25 1457400
18 22 76650
18 25 2020150
18 19 73610
19 17 102800
19 18 73610
19 22 59130
20 16 696800
20 25 1453340
20 23 763610
21 24 633190
21 23 245620
21 7 913520
22 18 76650
22 19 59130
23 21 245620
23 24 607470
23 16 591000
23 20 763610
24 21 633190
24 23 607470
25 20 1453340
25 18 2020150
25 17 1457400
