0 4 126100
0 2 74800
1 2 628690
1 5 995700
1 3 254390
2 1 628690
2 0 74800
2 4 411280
3 4 282750
3 1 254390
3 5 32280
4 0 126100
4 3 282750
4 2 411280
4 11 909900
5 1 995700
5 3 32280
5 7 547710
5 6 659280
6 8 205870
6 7 309590
6 5 659280
6 11 136790
6 16 603910
7 6 309590
7 21 591710
7 5 547710
8 6 205870
8 10 1
8 15 225450
9 12 28110
9 10 50900
10 15 841430
10 8 1
10 11 817200
10 9 50900
11 4 909900
11 6 136790
11 10 817200
12 9 28110
12 14 178460
12 13 317650
12 15 445810
13 12 317650
13 15 693590
13 17 684470
13 16 587840
14 17 189010
14 12 178460
15 10 841430
15 13 693590
15 12 445810
15 8 225450
16 23 758770
16 20 394500
16 6 603910
16 13 587840
17 14 189010
17 13 684470
17 19 154220
17 25 546850
18 22 46300
18 25 965310
18 19 24620
19 17 154220
19 18 24620
19 22 80430
20 16 394500
20 25 649790
20 23 346690
21 24 340600
21 23 152320
21 7 591710
22 18 46300
22 19 80430
23 21 152320
23 24 381690
23 16 758770
23 20 346690
24 21 340600
24 23 381690
25 20 649790
25 18 965310
25 17 546850
