0 4 506200
0 2 285940
1 2 2467370
1 5 3644720
1 3 589100
2 1 2467370
2 0 285940
2 4 2698910
3 4 751190
3 1 589100
3 5 172430
4 0 506200
4 3 751190
4 2 2698910
4 11 4240650
5 1 3644720
5 3 172430
5 7 1707080
5 6 2478590
6 8 1144480
6 7 1592240
6 5 2478590
6 11 731290
6 16 2367910
7 6 1592240
7 21 3893400
7 5 1707080
8 6 1144480
8 10 164330
8 15 1047800
9 12 371160
9 10 211070
10 15 4206540
10 8 164330
10 11 4281080
10 9 211070
11 4 4240650
11 6 731290
11 10 4281080
12 9 371160
12 14 1488990
12 13 768600
12 15 1576270
13 12 768600
13 15 3677270
13 17 3571650
13 16 1712800
14 17 1501590
14 12 1488990
15 10 4206540
15 13 3677270
15 12 1576270
15 8 1047800
16 23 2422910
16 20 1547650
16 6 2367910
16 13 1712800
17 14 1501590
17 13 3571650
17 19 690080
17 25 3651200
18 22 303820
18 25 6634410
18 19 570960
19 17 690080
19 18 570960
19 22 289350
20 16 1547650
20 25 5069310
20 23 3814510
21 24 1626040
21 23 2285120
21 7 3893400
22 18 303820
22 19 289350
23 21 2285120
23 24 2076340
23 16 2422910
23 20 3814510
24 21 1626040
24 23 2076340
25 20 5069310
25 18 6634410
25 17 3651200
