0 4 79760
0 2 25320
1 2 719450
1 5 1033660
1 3 196600
2 1 719450
2 0 25320
2 4 654580
3 4 216430
3 1 196600
3 5 66800
4 0 79760
4 3 216430
4 2 654580
4 11 1002820
5 1 1033660
5 3 66800
5 7 535050
5 6 760840
6 8 242690
6 7 251700
6 5 760840
6 11 116990
6 16 683530
7 6 251700
7 21 802420
7 5 535050
8 6 242690
8 10 101440
8 15 224090
9 12 93040
9 10 78710
10 15 953450
10 8 101440
10 11 1011270
10 9 78710
11 4 1002820
11 6 116990
11 10 1011270
12 9 93040
12 14 214860
12 13 311670
12 15 340440
13 12 311670
13 15 906540
13 17 759840
13 16 488890
14 17 311230
14 12 214860
15 10 953450
15 13 906540
15 12 340440
15 8 224090
16 23 613160
16 20 520700
16 6 683530
16 13 488890
17 14 311230
17 13 759840
17 19 189690
17 25 841460
18 22 128790
18 25 1411330
18 19 66010
19 17 189690
19 18 66010
19 22 94370
20 16 520700
20 25 1124800
20 23 715820
21 24 369240
21 23 436980
21 7 802420
22 18 128790
22 19 94370
23 21 436980
23 24 514280
23 16 613160
23 20 715820
24 21 369240
24 23 514280
25 20 1124800
25 18 1411330
25 17 841460
