0 4 103430
0 2 31980
1 2 727320
1 5 1063230
1 3 120390
2 1 727320
2 0 31980
2 4 1029100
3 4 212160
3 1 120390
3 5 152890
4 0 103430
4 3 212160
4 2 1029100
4 11 1371570
5 1 1063230
5 3 152890
5 7 604510
5 6 573740
6 8 177760
6 7 308670
6 5 573740
6 11 143650
6 16 580080
7 6 308670
7 21 986440
7 5 604510
8 6 177760
8 10 88360
8 15 77400
9 12 49710
9 10 49270
10 15 1228670
10 8 88360
10 11 1331620
10 9 49270
11 4 1371570
11 6 143650
11 10 1331620
12 9 49710
12 14 210410
12 13 53390
12 15 393230
13 12 53390
13 15 987300
13 17 982310
13 16 498350
14 17 284190
14 12 210410
15 10 1228670
15 13 987300
15 12 393230
15 8 77400
16 23 537290
16 20 487640
16 6 580080
16 13 498350
17 14 284190
17 13 982310
17 19 124050
17 25 871700
18 22 67410
18 25 1144040
18 19 32110
19 17 124050
19 18 32110
19 22 70150
20 16 487640
20 25 1102960
20 23 702500
21 24 558770
21 23 306900
21 7 986440
22 18 67410
22 19 70150
23 21 306900
23 24 587830
23 16 537290
23 20 702500
24 21 558770
24 23 587830
25 20 1102960
25 18 1144040
25 17 871700
