0 4 361590
0 2 58220
1 2 2093010
1 5 3132860
1 3 174250
2 1 2093010
2 0 58220
2 4 1945920
3 4 468100
3 1 174250
3 5 293870
4 0 361590
4 3 468100
4 2 1945920
4 11 2881190
5 1 3132860
5 3 293870
5 7 1291050
5 6 2405250
6 8 973650
6 7 1156460
6 5 2405250
6 11 217220
6 16 2524040
7 6 1156460
7 21 2769470
7 5 1291050
8 6 973650
8 10 128760
8 15 977980
9 12 389740
9 10 82710
10 15 2873160
10 8 128760
10 11 2921250
10 9 82710
11 4 2881190
11 6 217220
11 10 2921250
12 9 389740
12 14 1061420
12 13 894660
12 15 1327870
13 12 894660
13 15 2690820
13 17 2345600
13 16 1564510
14 17 1075610
14 12 1061420
15 10 2873160
15 13 2690820
15 12 1327870
15 8 977980
16 23 2337030
16 20 1745500
16 6 2524040
16 13 1564510
17 14 1075610
17 13 2345600
17 19 405550
17 25 2795820
18 22 202040
18 25 5449300
18 19 337500
19 17 405550
19 18 337500
19 22 261550
20 16 1745500
20 25 4270840
20 23 2693160
21 24 1256910
21 23 1577340
21 7 2769470
22 18 202040
22 19 261550
23 21 1577340
23 24 1396290
23 16 2337030
23 20 2693160
24 21 1256910
24 23 1396290
25 20 4270840
25 18 5449300
25 17 2795820
