0 4 75730
0 2 49890
1 2 936740
1 5 1165270
1 3 184640
2 1 936740
2 0 49890
2 4 686600
3 4 198510
3 1 184640
3 5 13640
4 0 75730
4 3 198510
4 2 686600
4 11 1009010
5 1 1165270
5 3 13640
5 7 398290
5 6 943230
6 8 314250
6 7 273490
6 5 943230
6 11 1920
6 16 942110
7 6 273490
7 21 750580
7 5 398290
8 6 314250
8 10 29000
8 15 297720
9 12 80100
9 10 26820
10 15 978830
10 8 29000
10 11 991350
10 9 26820
11 4 1009010
11 6 1920
11 10 991350
12 9 80100
12 14 346420
12 13 316380
12 15 556570
13 12 316380
13 15 755070
13 17 825050
13 16 535920
14 17 411940
14 12 346420
15 10 978830
15 13 755070
15 12 556570
15 8 297720
16 23 897450
16 20 468090
16 6 942110
16 13 535920
17 14 411940
17 13 825050
17 19 117940
17 25 846750
18 22 52770
18 25 1160450
18 19 148210
19 17 117940
19 18 148210
19 22 39230
20 16 468090
20 25 1278420
20 23 905810
21 24 214610
21 23 644550
21 7 750580
22 18 52770
22 19 39230
23 21 644550
23 24 417910
23 16 897450
23 20 905810
24 21 214610
24 23 417910
25 20 1278420
25 18 1160450
25 17 846750
