0 4 134950
0 2 43160
1 2 368320
1 5 540000
1 3 44720
2 1 368320
2 0 43160
2 4 557110
3 4 85330
3 1 44720
3 5 17480
4 0 134950
4 3 85330
4 2 557110
4 11 788670
5 1 540000
5 3 17480
5 7 277180
5 6 371450
6 8 61030
6 7 150200
6 5 371450
6 11 31410
6 16 449970
7 6 150200
7 21 495670
7 5 277180
8 6 61030
8 10 63880
8 15 95760
9 12 105060
9 10 78010
10 15 742640
10 8 63880
10 11 766740
10 9 78010
11 4 788670
11 6 31410
11 10 766740
12 9 105060
12 14 269030
12 13 141160
12 15 126620
13 12 141160
13 15 665680
13 17 598140
13 16 315260
14 17 293550
14 12 269030
15 10 742640
15 13 665680
15 12 126620
15 8 95760
16 23 337930
16 20 420000
16 6 449970
16 13 315260
17 14 293550
17 13 598140
17 19 89380
17 25 692720
18 22 90290
18 25 1060070
18 19 38150
19 17 89380
19 18 38150
19 22 51050
20 16 420000
20 25 692330
20 23 364720
21 24 256430
21 23 209860
21 7 495670
22 18 90290
22 19 51050
23 21 209860
23 24 304980
23 16 337930
23 20 364720
24 21 256430
24 23 304980
25 20 692330
25 18 1060070
25 17 692720
