0 4 596490
0 2 71920
1 2 2269360
1 5 2893640
1 3 454190
2 1 2269360
2 0 71920
2 4 2832470
3 4 603250
3 1 454190
3 5 250580
4 0 596490
4 3 603250
4 2 2832470
4 11 4444020
5 1 2893640
5 3 250580
5 7 1141500
5 6 2437970
6 8 1113660
6 7 1186600
6 5 2437970
6 11 347930
6 16 2308890
7 6 1186600
7 21 2178380
7 5 1141500
8 6 1113660
8 10 236730
8 15 1055060
9 12 287180
9 10 259430
10 15 4069010
10 8 236730
10 11 4432380
10 9 259430
11 4 4444020
11 6 347930
11 10 4432380
12 9 287180
12 14 1118760
12 13 565390
12 15 2192100
13 12 565390
13 15 3028120
13 17 2956920
13 16 1315730
14 17 1029320
14 12 1118760
15 10 4069010
15 13 3028120
15 12 2192100
15 8 1055060
16 23 2180450
16 20 1419540
16 6 2308890
16 13 1315730
17 14 1029320
17 13 2956920
17 19 213830
17 25 3256420
18 22 206080
18 25 5065860
18 19 284360
19 17 213830
19 18 284360
19 22 109870
20 16 1419540
20 25 2970090
20 23 1848970
21 24 1139690
21 23 1089280
21 7 2178380
22 18 206080
22 19 109870
23 21 1089280
23 24 1491170
23 16 2180450
23 20 1848970
24 21 1139690
24 23 1491170
25 20 2970090
25 18 5065860
25 17 3256420
