0 4 135260
0 2 16930
1 2 797800
1 5 1480040
1 3 142390
2 1 797800
2 0 16930
2 4 954130
3 4 277110
3 1 142390
3 5 55210
4 0 135260
4 3 277110
4 2 954130
4 11 1411210
5 1 1480040
5 3 55210
5 7 513910
5 6 1089810
6 8 218470
6 7 300160
6 5 1089810
6 11 115330
6 16 1068420
7 6 300160
7 21 1186550
7 5 513910
8 6 218470
8 10 66930
8 15 213850
9 12 127310
9 10 69350
10 15 1228150
10 8 66930
10 11 1280030
10 9 69350
11 4 1411210
11 6 115330
11 10 1280030
12 9 127310
12 14 606700
12 13 175770
12 15 241010
13 12 175770
13 15 1220640
13 17 1126510
13 16 353310
14 17 653540
14 12 606700
15 10 1228150
15 13 1220640
15 12 241010
15 8 213850
16 23 932880
16 20 460910
16 6 1068420
16 13 353310
17 14 653540
17 13 1126510
17 19 241890
17 25 1345060
18 22 159180
18 25 1713530
18 19 80190
19 17 241890
19 18 80190
19 22 100320
20 16 460910
20 25 1275510
20 23 862810
21 24 490270
21 23 692870
21 7 1186550
22 18 159180
22 19 100320
23 21 692870
23 24 512900
23 16 932880
23 20 862810
24 21 490270
24 23 512900
25 20 1275510
25 18 1713530
25 17 1345060
