0 4 608820
0 2 268860
1 2 3601910
1 5 4836920
1 3 456310
2 1 3601910
2 0 268860
2 4 3247940
3 4 614170
3 1 456310
3 5 267270
4 0 608820
4 3 614170
4 2 3247940
4 11 4772020
5 1 4836920
5 3 267270
5 7 1830400
5 6 3433770
6 8 1003920
6 7 1548360
6 5 3433770
6 11 463070
6 16 3369910
7 6 1548360
7 21 2993320
7 5 1830400
8 6 1003920
8 10 196610
8 15 783710
9 12 451900
9 10 251960
10 15 4783820
10 8 196610
10 11 4725000
10 9 251960
11 4 4772020
11 6 463070
11 10 4725000
12 9 451900
12 14 1898610
12 13 530250
12 15 1780360
13 12 530250
13 15 3923660
13 17 3745070
13 16 1624270
14 17 1962500
14 12 1898610
15 10 4783820
15 13 3923660
15 12 1780360
15 8 783710
16 23 3043680
16 20 1781660
16 6 3369910
16 13 1624270
17 14 1962500
17 13 3745070
17 19 790660
17 25 4114910
18 22 190730
18 25 6496850
18 19 382360
19 17 790660
19 18 382360
19 22 362000
20 16 1781660
20 25 4003050
20 23 2427000
21 24 1643100
21 23 1347210
21 7 2993320
22 18 190730
22 19 362000
23 21 1347210
23 24 2228860
23 16 3043680
23 20 2427000
24 21 1643100
24 23 2228860
25 20 4003050
25 18 6496850
25 17 4114910
