0 4 56210
0 2 44100
1 2 523380
1 5 801330
1 3 335770
2 1 523380
2 0 44100
2 4 958960
3 4 366560
3 1 335770
3 5 115620
4 0 56210
4 3 366560
4 2 958960
4 11 1447070
5 1 801330
5 3 115620
5 7 359610
5 6 589530
6 8 132050
6 7 247060
6 5 589530
6 11 169820
6 16 586830
7 6 247060
7 21 617870
7 5 359610
8 6 132050
8 10 8610
8 15 95730
9 12 154320
9 10 65830
10 15 1440840
10 8 8610
10 11 1410510
10 9 65830
11 4 1447070
11 6 169820
11 10 1410510
12 9 154320
12 14 378860
12 13 245480
12 15 516240
13 12 245480
13 15 1060690
13 17 1045780
13 16 473890
14 17 407940
14 12 378860
15 10 1440840
15 13 1060690
15 12 516240
15 8 95730
16 23 642560
16 20 389820
16 6 586830
16 13 473890
17 14 407940
17 13 1045780
17 19 160770
17 25 1168740
18 22 67180
18 25 1508160
18 19 61630
19 17 160770
19 18 61630
19 22 131580
20 16 389820
20 25 859710
20 23 460210
21 24 367120
21 23 285990
21 7 617870
22 18 67180
22 19 131580
23 21 285990
23 24 547520
23 16 642560
23 20 460210
24 21 367120
24 23 547520
25 20 859710
25 18 1508160
25 17 1168740
