0 4 818090
0 2 131850
1 2 3089790
1 5 4544790
1 3 1229740
2 1 3089790
2 0 131850
2 4 4593090
3 4 1599200
3 1 1229740
3 5 428530
4 0 818090
4 3 1599200
4 2 4593090
4 11 7602600
5 1 4544790
5 3 428530
5 7 2500980
5 6 2897660
6 8 1255760
6 7 1599770
6 5 2897660
6 11 533920
6 16 2629270
7 6 1599770
7 21 4443110
7 5 2500980
8 6 1255760
8 10 486840
8 15 1012830
9 12 604930
9 10 474110
10 15 7052590
10 8 486840
10 11 7235490
10 9 474110
11 4 7602600
11 6 533920
11 10 7235490
12 9 604930
12 14 2106270
12 13 1259670
12 15 2581900
13 12 1259670
13 15 5882180
13 17 5398110
13 16 2458640
14 17 2177070
14 12 2106270
15 10 7052590
15 13 5882180
15 12 2581900
15 8 1012830
16 23 3511310
16 20 1930960
16 6 2629270
16 13 2458640
17 14 2177070
17 13 5398110
17 19 1159570
17 25 5289030
18 22 295440
18 25 8137420
18 19 591430
19 17 1159570
19 18 591430
19 22 579050
20 16 1930960
20 25 5786980
20 23 4019670
21 24 2503530
21 23 2216370
21 7 4443110
22 18 295440
22 19 579050
23 21 2216370
23 24 2642400
23 16 3511310
23 20 4019670
24 21 2503530
24 23 2642400
25 20 5786980
25 18 8137420
25 17 5289030
