0 4 141970
0 2 45780
1 2 648730
1 5 1201960
1 3 221540
2 1 648730
2 0 45780
2 4 929770
3 4 311980
3 1 221540
3 5 94180
4 0 141970
4 3 311980
4 2 929770
4 11 1410330
5 1 1201960
5 3 94180
5 7 531500
5 6 756280
6 8 132980
6 7 252600
6 5 756280
6 11 90080
6 16 738980
7 6 252600
7 21 864620
7 5 531500
8 6 132980
8 10 38300
8 15 159570
9 12 104440
9 10 33350
10 15 1270620
10 8 38300
10 11 1391880
10 9 33350
11 4 1410330
11 6 90080
11 10 1391880
12 9 104440
12 14 255370
12 13 434360
12 15 483490
13 12 434360
13 15 955680
13 17 896000
13 16 714390
14 17 303630
14 12 255370
15 10 1270620
15 13 955680
15 12 483490
15 8 159570
16 23 1035320
16 20 414010
16 6 738980
16 13 714390
17 14 303630
17 13 896000
17 19 163520
17 25 825450
18 22 118630
18 25 1371110
18 19 20290
19 17 163520
19 18 20290
19 22 65190
20 16 414010
20 25 1102280
20 23 709180
21 24 498220
21 23 381870
21 7 864620
22 18 118630
22 19 65190
23 21 381870
23 24 605310
23 16 1035320
23 20 709180
24 21 498220
24 23 605310
25 20 1102280
25 18 1371110
25 17 825450
