0 4 160030
0 2 54890
1 2 1295410
1 5 1956300
1 3 183400
2 1 1295410
2 0 54890
2 4 854450
3 4 276810
3 1 183400
3 5 116550
4 0 160030
4 3 276810
4 2 854450
4 11 1311850
5 1 1956300
5 3 116550
5 7 909580
5 6 1165000
6 8 340830
6 7 436600
6 5 1165000
6 11 214610
6 16 1044640
7 6 436600
7 21 1291420
7 5 909580
8 6 340830
8 10 83830
8 15 319570
9 12 105790
9 10 67000
10 15 1293040
10 8 83830
10 11 1190690
10 9 67000
11 4 1311850
11 6 214610
11 10 1190690
12 9 105790
12 14 504950
12 13 257790
12 15 392770
13 12 257790
13 15 1312820
13 17 1215580
13 16 590150
14 17 610550
14 12 504950
15 10 1293040
15 13 1312820
15 12 392770
15 8 319570
16 23 972700
16 20 743650
16 6 1044640
16 13 590150
17 14 610550
17 13 1215580
17 19 281880
17 25 1271630
18 22 227290
18 25 2460910
18 19 169790
19 17 281880
19 18 169790
19 22 180760
20 16 743650
20 25 1866610
20 23 1073960
21 24 676960
21 23 703770
21 7 1291420
22 18 227290
22 19 180760
23 21 703770
23 24 858810
23 16 972700
23 20 1073960
24 21 676960
24 23 858810
25 20 1866610
25 18 2460910
25 17 1271630
