0 4 278910
0 2 59300
1 2 873120
1 5 1948160
1 3 883730
2 1 873120
2 0 59300
2 4 1313050
3 4 956830
3 1 883730
3 5 56860
4 0 278910
4 3 956830
4 2 1313050
4 11 2635910
5 1 1948160
5 3 56860
5 7 936890
5 6 1246920
6 8 454710
6 7 560690
6 5 1246920
6 11 244190
6 16 1176700
7 6 560690
7 21 1159140
7 5 936890
8 6 454710
8 10 132660
8 15 356740
9 12 177680
9 10 87000
10 15 2438940
10 8 132660
10 11 2514480
10 9 87000
11 4 2635910
11 6 244190
11 10 2514480
12 9 177680
12 14 500270
12 13 474460
12 15 1227620
13 12 474460
13 15 1574260
13 17 1475880
13 16 948300
14 17 507240
14 12 500270
15 10 2438940
15 13 1574260
15 12 1227620
15 8 356740
16 23 1379100
16 20 859960
16 6 1176700
16 13 948300
17 14 507240
17 13 1475880
17 19 333200
17 25 1372970
18 22 43240
18 25 2421570
18 19 147270
19 17 333200
19 18 147270
19 22 162420
20 16 859960
20 25 1937860
20 23 1096220
21 24 728650
21 23 526860
21 7 1159140
22 18 43240
22 19 162420
23 21 526860
23 24 781950
23 16 1379100
23 20 1096220
24 21 728650
24 23 781950
25 20 1937860
25 18 2421570
25 17 1372970
