0 4 532390
0 2 251780
1 2 3403770
1 5 4374950
1 3 637900
2 1 3403770
2 0 251780
2 4 3030410
3 4 693910
3 1 637900
3 5 268970
4 0 532390
4 3 693910
4 2 3030410
4 11 4564320
5 1 4374950
5 3 268970
5 7 1637110
5 6 3116500
6 8 868940
6 7 1357770
6 5 3116500
6 11 470180
6 16 2967250
7 6 1357770
7 21 3082520
7 5 1637110
8 6 868940
8 10 139360
8 15 743550
9 12 457840
9 10 222260
10 15 4488250
10 8 139360
10 11 4404100
10 9 222260
11 4 4564320
11 6 470180
11 10 4404100
12 9 457840
12 14 1798600
12 13 491530
12 15 1848050
13 12 491530
13 15 3523060
13 17 3326390
13 16 1442510
14 17 1846850
14 12 1798600
15 10 4488250
15 13 3523060
15 12 1848050
15 8 743550
16 23 2729660
16 20 1556590
16 6 2967250
16 13 1442510
17 14 1846850
17 13 3326390
17 19 886350
17 25 3571990
18 22 237320
18 25 5793360
18 19 317480
19 17 886350
19 18 317480
19 22 391820
20 16 1556590
20 25 3779090
20 23 2456320
21 24 1665440
21 23 1480260
21 7 3082520
22 18 237320
22 19 391820
23 21 1480260
23 24 2024890
23 16 2729660
23 20 2456320
24 21 1665440
24 23 2024890
25 20 3779090
25 18 5793360
25 17 3571990
