0 4 139520
0 2 68610
1 2 712170
1 5 1267500
1 3 69230
2 1 712170
2 0 68610
2 4 753090
3 4 107100
3 1 69230
3 5 26400
4 0 139520
4 3 107100
4 2 753090
4 11 1005570
5 1 1267500
5 3 26400
5 7 355140
5 6 1029410
6 8 295150
6 7 323150
6 5 1029410
6 11 75450
6 16 992790
7 6 323150
7 21 862160
7 5 355140
8 6 295150
8 10 98570
8 15 361170
9 12 60890
9 10 46190
10 15 824040
10 8 98570
10 11 917790
10 9 46190
11 4 1005570
11 6 75450
11 10 917790
12 9 60890
12 14 106820
12 13 260240
12 15 311670
13 12 260240
13 15 973770
13 17 1031730
13 16 582420
14 17 242280
14 12 106820
15 10 824040
15 13 973770
15 12 311670
15 8 361170
16 23 1077710
16 20 443660
16 6 992790
16 13 582420
17 14 242280
17 13 1031730
17 19 70500
17 25 874950
18 22 145070
18 25 1257530
18 19 110320
19 17 70500
19 18 110320
19 22 17400
20 16 443660
20 25 1268520
20 23 971340
21 24 240730
21 23 679000
21 7 862160
22 18 145070
22 19 17400
23 21 679000
23 24 546140
23 16 1077710
23 20 971340
24 21 240730
24 23 546140
25 20 1268520
25 18 1257530
25 17 874950
