0 4 118250
0 2 12600
1 2 868660
1 5 1398540
1 3 404610
2 1 868660
2 0 12600
2 4 947170
3 4 475640
3 1 404610
3 5 76620
4 0 118250
4 3 475640
4 2 947170
4 11 1569490
5 1 1398540
5 3 76620
5 7 593740
5 6 975520
6 8 202390
6 7 391310
6 5 975520
6 11 181130
6 16 898420
7 6 391310
7 21 837320
7 5 593740
8 6 202390
8 10 18760
8 15 119070
9 12 158400
9 10 60440
10 15 1544210
10 8 18760
10 11 1527730
10 9 60440
11 4 1569490
11 6 181130
11 10 1527730
12 9 158400
12 14 524390
12 13 452120
12 15 631650
13 12 452120
13 15 1033760
13 17 968060
13 16 621240
14 17 629720
14 12 524390
15 10 1544210
15 13 1033760
15 12 631650
15 8 119070
16 23 973370
16 20 563620
16 6 898420
16 13 621240
17 14 629720
17 13 968060
17 19 155390
17 25 1299310
18 22 133270
18 25 1584820
18 19 74100
19 17 155390
19 18 74100
19 22 70610
20 16 563620
20 25 1148500
20 23 638000
21 24 557150
21 23 331810
21 7 837320
22 18 133270
22 19 70610
23 21 331810
23 24 467350
23 16 973370
23 20 638000
24 21 557150
24 23 467350
25 20 1148500
25 18 1584820
25 17 1299310
