0 4 53380
0 2 47210
1 2 482160
1 5 741330
1 3 49080
2 1 482160
2 0 47210
2 4 800240
3 4 156920
3 1 49080
3 5 56680
4 0 53380
4 3 156920
4 2 800240
4 11 1051220
5 1 741330
5 3 56680
5 7 354760
5 6 571900
6 8 101860
6 7 189240
6 5 571900
6 11 80210
6 16 563220
7 6 189240
7 21 535050
7 5 354760
8 6 101860
8 10 57360
8 15 108390
9 12 108780
9 10 64000
10 15 1020300
10 8 57360
10 11 1051750
10 9 64000
11 4 1051220
11 6 80210
11 10 1051750
12 9 108780
12 14 309440
12 13 165290
12 15 294580
13 12 165290
13 15 816890
13 17 726070
13 16 284160
14 17 320900
14 12 309440
15 10 1020300
15 13 816890
15 12 294580
15 8 108390
16 23 530580
16 20 343420
16 6 563220
16 13 284160
17 14 320900
17 13 726070
17 19 46500
17 25 867470
18 22 60950
18 25 1316990
18 19 49490
19 17 46500
19 18 49490
19 22 30030
20 16 343420
20 25 722530
20 23 359420
21 24 322790
21 23 235220
21 7 535050
22 18 60950
22 19 30030
23 21 235220
23 24 227350
23 16 530580
23 20 359420
24 21 322790
24 23 227350
25 20 722530
25 18 1316990
25 17 867470
