0 4 55160
0 2 59840
1 2 944870
1 5 1195110
1 3 34780
2 1 944870
2 0 59840
2 4 647160
3 4 58950
3 1 34780
3 5 18200
4 0 55160
4 3 58950
4 2 647160
4 11 793970
5 1 1195110
5 3 18200
5 7 419640
5 6 935340
6 8 347350
6 7 314630
6 5 935340
6 11 9940
6 16 885220
7 6 314630
7 21 885360
7 5 419640
8 6 347350
8 10 47000
8 15 361580
9 12 78750
9 10 36480
10 15 717850
10 8 47000
10 11 763260
10 9 36480
11 4 793970
11 6 9940
11 10 763260
12 9 78750
12 14 186160
12 13 358180
12 15 338110
13 12 358180
13 15 801930
13 17 783800
13 16 555780
14 17 245350
14 12 186160
15 10 717850
15 13 801930
15 12 338110
15 8 361580
16 23 1039660
16 20 306070
16 6 885220
16 13 555780
17 14 245350
17 13 783800
17 19 90700
17 25 746610
18 22 75690
18 25 1038370
18 19 103430
19 17 90700
19 18 103430
19 22 48230
20 16 306070
20 25 1193450
20 23 1006150
21 24 298900
21 23 767120
21 7 885360
22 18 75690
22 19 48230
23 21 767120
23 24 380800
23 16 1039660
23 20 1006150
24 21 298900
24 23 380800
25 20 1193450
25 18 1038370
25 17 746610
