0 4 310780
0 2 44080
1 2 1652720
1 5 2500380
1 3 426710
2 1 1652720
2 0 44080
2 4 2745700
3 4 520870
3 1 426710
3 5 292370
4 0 310780
4 3 520870
4 2 2745700
4 11 3684430
5 1 2500380
5 3 292370
5 7 1155470
5 6 1804290
6 8 568370
6 7 722900
6 5 1804290
6 11 317050
6 16 1709980
7 6 722900
7 21 2303580
7 5 1155470
8 6 568370
8 10 208550
8 15 569470
9 12 225840
9 10 242150
10 15 3365960
10 8 208550
10 11 3589680
10 9 242150
11 4 3684430
11 6 317050
11 10 3589680
12 9 225840
12 14 1907460
12 13 557250
12 15 1463180
13 12 557250
13 15 2613460
13 17 2530240
13 16 1346190
14 17 2126340
14 12 1907460
15 10 3365960
15 13 2613460
15 12 1463180
15 8 569470
16 23 2075950
16 20 847430
16 6 1709980
16 13 1346190
17 14 2126340
17 13 2530240
17 19 467640
17 25 3520170
18 22 201720
18 25 5382350
18 19 363390
19 17 467640
19 18 363390
19 22 290750
20 16 847430
20 25 2790530
20 23 2014080
21 24 1236110
21 23 1087120
21 7 2303580
22 18 201720
22 19 290750
23 21 1087120
23 24 1418210
23 16 2075950
23 20 2014080
24 21 1236110
24 23 1418210
25 20 2790530
25 18 5382350
25 17 3520170
