0 4 149490
0 2 54320
1 2 524200
1 5 692700
1 3 49900
2 1 524200
2 0 54320
2 4 506630
3 4 61550
3 1 49900
3 5 40020
4 0 149490
4 3 61550
4 2 506630
4 11 758180
5 1 692700
5 3 40020
5 7 243290
5 6 536240
6 8 227720
6 7 316080
6 5 536240
6 11 134440
6 16 438080
7 6 316080
7 21 642260
7 5 243290
8 6 227720
8 10 37350
8 15 149130
9 12 90810
9 10 44760
10 15 554170
10 8 37350
10 11 673260
10 9 44760
11 4 758180
11 6 134440
11 10 673260
12 9 90810
12 14 165630
12 13 193920
12 15 181660
13 12 193920
13 15 520190
13 17 527970
13 16 320140
14 17 247400
14 12 165630
15 10 554170
15 13 520190
15 12 181660
15 8 149130
16 23 637660
16 20 160990
16 6 438080
16 13 320140
17 14 247400
17 13 527970
17 19 87700
17 25 531050
18 22 59980
18 25 813840
18 19 11480
19 17 87700
19 18 11480
19 22 34480
20 16 160990
20 25 577010
20 23 432870
21 24 284620
21 23 370700
21 7 642260
22 18 59980
22 19 34480
23 21 370700
23 24 248160
23 16 637660
23 20 432870
24 21 284620
24 23 248160
25 20 577010
25 18 813840
25 17 531050
