0 4 445850
0 2 48260
1 2 2397450
1 5 4179570
1 3 599420
2 1 2397450
2 0 48260
2 4 3140790
3 4 862440
3 1 599420
3 5 261970
4 0 445850
4 3 862440
4 2 3140790
4 11 4501650
5 1 4179570
5 3 261970
5 7 2024480
5 6 2733370
6 8 805090
6 7 784330
6 5 2733370
6 11 292140
6 16 2478810
7 6 784330
7 21 2987120
7 5 2024480
8 6 805090
8 10 319350
8 15 793100
9 12 384020
9 10 126530
10 15 4252470
10 8 319350
10 11 4561500
10 9 126530
11 4 4501650
11 6 292140
11 10 4561500
12 9 384020
12 14 1762620
12 13 675300
12 15 1739560
13 12 675300
13 15 3454340
13 17 3017020
13 16 2057970
14 17 1898260
14 12 1762620
15 10 4252470
15 13 3454340
15 12 1739560
15 8 793100
16 23 3392070
16 20 1186250
16 6 2478810
16 13 2057970
17 14 1898260
17 13 3017020
17 19 430150
17 25 3938820
18 22 489670
18 25 6070710
18 19 380100
19 17 430150
19 18 380100
19 22 177820
20 16 1186250
20 25 4069260
20 23 3465030
21 24 1396710
21 23 1930930
21 7 2987120
22 18 489670
22 19 177820
23 21 1930930
23 24 2460650
23 16 3392070
23 20 3465030
24 21 1396710
24 23 2460650
25 20 4069260
25 18 6070710
25 17 3938820
