0 4 61020
0 2 27140
1 2 635400
1 5 987930
1 3 267680
2 1 635400
2 0 27140
2 4 535210
3 4 307710
3 1 267680
3 5 67430
4 0 61020
4 3 307710
4 2 535210
4 11 899500
5 1 987930
5 3 67430
5 7 571250
5 6 570820
6 8 86910
6 7 136490
6 5 570820
6 11 76960
6 16 546260
7 6 136490
7 21 727940
7 5 571250
8 6 86910
8 10 34940
8 15 100510
9 12 36270
9 10 4280
10 15 902980
10 8 34940
10 11 893340
10 9 4280
11 4 899500
11 6 76960
11 10 893340
12 9 36270
12 14 189790
12 13 132000
12 15 460190
13 12 132000
13 15 607770
13 17 632070
13 16 341640
14 17 270760
14 12 189790
15 10 902980
15 13 607770
15 12 460190
15 8 100510
16 23 569070
16 20 323710
16 6 546260
16 13 341640
17 14 270760
17 13 632070
17 19 119780
17 25 644320
18 22 19600
18 25 1050390
18 19 45340
19 17 119780
19 18 45340
19 22 79860
20 16 323710
20 25 747240
20 23 473950
21 24 336710
21 23 476140
21 7 727940
22 18 19600
22 19 79860
23 21 476140
23 24 395500
23 16 569070
23 20 473950
24 21 336710
24 23 395500
25 20 747240
25 18 1050390
25 17 644320
