0 4 173910
0 2 49290
1 2 1207780
1 5 1278220
1 3 284610
2 1 1207780
2 0 49290
2 4 481800
3 4 274150
3 1 284610
3 5 50570
4 0 173910
4 3 274150
4 2 481800
4 11 985010
5 1 1278220
5 3 50570
5 7 570800
5 6 878630
6 8 285220
6 7 356860
6 5 878630
6 11 75470
6 16 856630
7 6 356860
7 21 1009390
7 5 570800
8 6 285220
8 10 155360
8 15 392450
9 12 155980
9 10 117570
10 15 1015910
10 8 155360
10 11 1005070
10 9 117570
11 4 985010
11 6 75470
11 10 1005070
12 9 155980
12 14 188020
12 13 112090
12 15 478730
13 12 112090
13 15 1151000
13 17 968570
13 16 430290
14 17 246340
14 12 188020
15 10 1015910
15 13 1151000
15 12 478730
15 8 392450
16 23 929150
16 20 453370
16 6 856630
16 13 430290
17 14 246340
17 13 968570
17 19 142620
17 25 956500
18 22 43310
18 25 1732600
18 19 82780
19 17 142620
19 18 82780
19 22 67630
20 16 453370
20 25 1222440
20 23 835330
21 24 380090
21 23 539830
21 7 1009390
22 18 43310
22 19 67630
23 21 539830
23 24 711190
23 16 929150
23 20 835330
24 21 380090
24 23 711190
25 20 1222440
25 18 1732600
25 17 956500
