0 4 846160
0 2 135360
1 2 4377630
1 5 6750210
1 3 1198180
2 1 4377630
2 0 135360
2 4 4509890
3 4 1357380
3 1 1198180
3 5 400960
4 0 846160
4 3 1357380
4 2 4509890
4 11 6920340
5 1 6750210
5 3 400960
5 7 3175850
5 6 4256760
6 8 1433630
6 7 1621460
6 5 4256760
6 11 427430
6 16 4140670
7 6 1621460
7 21 4449300
7 5 3175850
8 6 1433630
8 10 518960
8 15 1207680
9 12 555400
9 10 436430
10 15 6749300
10 8 518960
10 11 7020100
10 9 436430
11 4 6920340
11 6 427430
11 10 7020100
12 9 555400
12 14 2169000
12 13 992480
12 15 2873560
13 12 992480
13 15 5427250
13 17 5008140
13 16 2313020
14 17 2359930
14 12 2169000
15 10 6749300
15 13 5427250
15 12 2873560
15 8 1207680
16 23 3813300
16 20 2656420
16 6 4140670
16 13 2313020
17 14 2359930
17 13 5008140
17 19 739030
17 25 5848100
18 22 415490
18 25 9770490
18 19 382700
19 17 739030
19 18 382700
19 22 460790
20 16 2656420
20 25 6484410
20 23 3875320
21 24 1749000
21 23 2710710
21 7 4449300
22 18 415490
22 19 460790
23 21 2710710
23 24 2526910
23 16 3813300
23 20 3875320
24 21 1749000
24 23 2526910
25 20 6484410
25 18 9770490
25 17 5848100
