0 4 532330
0 2 50320
1 2 2228050
1 5 2404180
1 3 809920
2 1 2228050
2 0 50320
2 4 2833140
3 4 982420
3 1 809920
3 5 305710
4 0 532330
4 3 982420
4 2 2833140
4 11 4933690
5 1 2404180
5 3 305710
5 7 1014350
5 6 2063770
6 8 1315970
6 7 1539040
6 5 2063770
6 11 516680
6 16 1919850
7 6 1539040
7 21 2115240
7 5 1014350
8 6 1315970
8 10 355070
8 15 1255050
9 12 264860
9 10 203030
10 15 4429330
10 8 355070
10 11 4709800
10 9 203030
11 4 4933690
11 6 516680
11 10 4709800
12 9 264860
12 14 1007170
12 13 1018270
12 15 2377340
13 12 1018270
13 15 3417210
13 17 3312020
13 16 1968650
14 17 1064020
14 12 1007170
15 10 4429330
15 13 3417210
15 12 2377340
15 8 1255050
16 23 2596390
16 20 1348700
16 6 1919850
16 13 1968650
17 14 1064020
17 13 3312020
17 19 223460
17 25 3327570
18 22 256130
18 25 5312580
18 19 269340
19 17 223460
19 18 269340
19 22 64260
20 16 1348700
20 25 3233830
20 23 2332250
21 24 1340150
21 23 855060
21 7 2115240
22 18 256130
22 19 64260
23 21 855060
23 24 1819190
23 16 2596390
23 20 2332250
24 21 1340150
24 23 1819190
25 20 3233830
25 18 5312580
25 17 3327570
