0 4 1721930
0 2 1887200
1 2 3105380
1 5 2743760
1 3 2499020
2 1 3105380
2 0 1887200
2 4 3316550
3 4 2710190
3 1 2499020
3 5 2513840
4 0 1721930
4 3 2710190
4 2 3316550
4 11 3158290
5 1 2743760
5 3 2513840
5 7 3751620
5 6 3009140
6 8 2759030
6 7 4002180
6 5 3009140
6 11 3212500
6 16 2716020
7 6 4002180
7 21 3487250
7 5 3751620
8 6 2759030
8 10 2652780
8 15 3014710
9 12 2683790
9 10 2176790
10 15 3409130
10 8 2652780
10 11 3106250
10 9 2176790
11 4 3158290
11 6 3212500
11 10 3106250
12 9 2683790
12 14 2747800
12 13 3675350
12 15 3916130
13 12 3675350
13 15 3530280
13 17 3026040
13 16 2730920
14 17 2098490
14 12 2747800
15 10 3409130
15 13 3530280
15 12 3916130
15 8 3014710
16 23 2724680
16 20 2180640
16 6 2716020
16 13 2730920
17 14 2098490
17 13 3026040
17 19 2228030
17 25 3000080
18 22 1543230
18 25 2962050
18 19 2190000
19 17 2228030
19 18 2190000
19 22 1046710
20 16 2180640
20 25 2713260
20 23 2732980
21 24 1961020
21 23 2753430
21 7 3487250
22 18 1543230
22 19 1046710
23 21 2753430
23 24 2484610
23 16 2724680
23 20 2732980
24 21 1961020
24 23 2484610
25 20 2713260
25 18 2962050
25 17 3000080
