0 4 1516360
0 2 1905770
1 2 2868020
1 5 2213550
1 3 1929650
2 1 2868020
2 0 1905770
2 4 3128130
3 4 2189760
3 1 1929650
3 5 1924700
4 0 1516360
4 3 2189760
4 2 3128130
4 11 2691950
5 1 2213550
5 3 1924700
5 7 2188120
5 6 2240790
6 8 1748640
6 7 2220310
6 5 2240790
6 11 2459080
6 16 1914990
7 6 2220310
7 21 1735800
7 5 2188120
8 6 1748640
8 10 1789910
8 15 1858250
9 12 1615400
9 10 1595610
10 15 2423860
10 8 1789910
10 11 2500350
10 9 1595610
11 4 2691950
11 6 2459080
11 10 2500350
12 9 1615400
12 14 1804420
12 13 2193400
12 15 2443650
13 12 2193400
13 15 2241950
13 17 2176180
13 16 1774350
14 17 1787200
14 12 1804420
15 10 2423860
15 13 2241950
15 12 2443650
15 8 1858250
16 23 2005210
16 20 1526280
16 6 1914990
16 13 1774350
17 14 1787200
17 13 2176180
17 19 1785530
17 25 2391690
18 22 909760
18 25 1949580
18 19 1343420
19 17 1785530
19 18 1343420
19 22 776740
20 16 1526280
20 25 1959140
20 23 1974490
21 24 1456810
21 23 1878690
21 7 1735800
22 18 909760
22 19 776740
23 21 1878690
23 24 2031540
23 16 2005210
23 20 1974490
24 21 1456810
24 23 2031540
25 20 1959140
25 18 1949580
25 17 2391690
