0 4 1445260
0 2 2042180
1 2 3864350
1 5 3471760
1 3 3300210
2 1 3864350
2 0 2042180
2 4 3092800
3 4 2528660
3 1 3300210
3 5 2732990
4 0 1445260
4 3 2528660
4 2 3092800
4 11 2781140
5 1 3471760
5 3 2732990
5 7 3002610
5 6 2933880
6 8 1968790
6 7 3031950
6 5 2933880
6 11 3014810
6 16 2884480
7 6 3031950
7 21 2663350
7 5 3002610
8 6 1968790
8 10 1790860
8 15 1737160
9 12 1761620
9 10 1809860
10 15 2553660
10 8 1790860
10 11 2836880
10 9 1809860
11 4 2781140
11 6 3014810
11 10 2836880
12 9 1761620
12 14 2131200
12 13 2671830
12 15 2505420
13 12 2671830
13 15 2666370
13 17 2950540
13 16 2819260
14 17 2409910
14 12 2131200
15 10 2553660
15 13 2666370
15 12 2505420
15 8 1737160
16 23 3501360
16 20 2813760
16 6 2884480
16 13 2819260
17 14 2409910
17 13 2950540
17 19 2661350
17 25 3183760
18 22 1781150
18 25 3230830
18 19 2708420
19 17 2661350
19 18 2708420
19 22 1327130
20 16 2813760
20 25 3060500
20 23 3509380
21 24 2210580
21 23 3211500
21 7 2663350
22 18 1781150
22 19 1327130
23 21 3211500
23 24 3196060
23 16 3501360
23 20 3509380
24 21 2210580
24 23 3196060
25 20 3060500
25 18 3230830
25 17 3183760
