0 4 1683140
0 2 2268850
1 2 3822190
1 5 3256170
1 3 2618880
2 1 3822190
2 0 2268850
2 4 3705250
3 4 2501940
3 1 2618880
3 5 2521630
4 0 1683140
4 3 2501940
4 2 3705250
4 11 3129820
5 1 3256170
5 3 2521630
5 7 3364690
5 6 3067280
6 8 2148740
6 7 3273050
6 5 3067280
6 11 3057870
6 16 3092580
7 6 3273050
7 21 2925270
7 5 3364690
8 6 2148740
8 10 2295980
8 15 2307370
9 12 2096810
9 10 2190690
10 15 3281510
10 8 2295980
10 11 3205110
10 9 2190690
11 4 3129820
11 6 3057870
11 10 3205110
12 9 2096810
12 14 2477750
12 13 3048330
12 15 3187630
13 12 3048330
13 15 3153600
13 17 3049570
13 16 3111910
14 17 2478990
14 12 2477750
15 10 3281510
15 13 3153600
15 12 3187630
15 8 2307370
16 23 3527250
16 20 3246070
16 6 3092580
16 13 3111910
17 14 2478990
17 13 3049570
17 19 2666130
17 25 3463350
18 22 1873750
18 25 3630590
18 19 2833370
19 17 2666130
19 18 2833370
19 22 1287800
20 16 3246070
20 25 3562240
20 23 3563800
21 24 2037290
21 23 3062530
21 7 2925270
22 18 1873750
22 19 1287800
23 21 3062530
23 24 2819740
23 16 3527250
23 20 3563800
24 21 2037290
24 23 2819740
25 20 3562240
25 18 3630590
25 17 3463350
