0 4 1573730
0 2 1879510
1 2 3035550
1 5 2508870
1 3 2341670
2 1 3035550
2 0 1879510
2 4 3001600
3 4 2307720
3 1 2341670
3 5 2086820
4 0 1573730
4 3 2307720
4 2 3001600
4 11 2747870
5 1 2508870
5 3 2086820
5 7 2518490
5 6 2229280
6 8 1836860
6 7 2493750
6 5 2229280
6 11 2502230
6 16 2062220
7 6 2493750
7 21 2455620
7 5 2518490
8 6 1836860
8 10 2076540
8 15 2030130
9 12 1638970
9 10 1819640
10 15 2637490
10 8 2076540
10 11 2741910
10 9 1819640
11 4 2747870
11 6 2502230
11 10 2741910
12 9 1638970
12 14 2097550
12 13 2391710
12 15 2456820
13 12 2391710
13 15 2525970
13 17 2863510
13 16 2190380
14 17 2569350
14 12 2097550
15 10 2637490
15 13 2525970
15 12 2456820
15 8 2030130
16 23 2720400
16 20 2635230
16 6 2062220
16 13 2190380
17 14 2569350
17 13 2863510
17 19 2875670
17 25 3769850
18 22 2187020
18 25 4152000
18 19 3257820
19 17 2875670
19 18 3257820
19 22 1414380
20 16 2635230
20 25 3812050
20 23 3435730
21 24 2151180
21 23 2824590
21 7 2455620
22 18 2187020
22 19 1414380
23 21 2824590
23 24 2847490
23 16 2720400
23 20 3435730
24 21 2151180
24 23 2847490
25 20 3812050
25 18 4152000
25 17 3769850
