0 4 1278920
0 2 1647570
1 2 2803900
1 5 2365730
1 3 2148810
2 1 2803900
2 0 1647570
2 4 2634710
3 4 1979620
3 1 2148810
3 5 1910100
4 0 1278920
4 3 1979620
4 2 2634710
4 11 2202870
5 1 2365730
5 3 1910100
5 7 1967350
5 6 2138360
6 8 1643030
6 7 1978690
6 5 2138360
6 11 2144690
6 16 2113210
7 6 1978690
7 21 1722190
7 5 1967350
8 6 1643030
8 10 1661930
8 15 1616060
9 12 1216260
9 10 1342130
10 15 2141630
10 8 1661930
10 11 2163590
10 9 1342130
11 4 2202870
11 6 2144690
11 10 2163590
12 9 1216260
12 14 1706120
12 13 1977320
12 15 2015760
13 12 1977320
13 15 2057320
13 17 2324550
13 16 2047800
14 17 2053350
14 12 1706120
15 10 2141630
15 13 2057320
15 12 2015760
15 8 1616060
16 23 2506060
16 20 2353510
16 6 2113210
16 13 2047800
17 14 2053350
17 13 2324550
17 19 2414750
17 25 2835490
18 22 1894960
18 25 3401090
18 19 2980350
19 17 2414750
19 18 2980350
19 22 1113890
20 16 2353510
20 25 2835530
20 23 2782850
21 24 1384750
21 23 2286050
21 7 1722190
22 18 1894960
22 19 1113890
23 21 2286050
23 24 2034100
23 16 2506060
23 20 2782850
24 21 1384750
24 23 2034100
25 20 2835530
25 18 3401090
25 17 2835490
