0 4 1031230
0 2 1023030
1 2 1783000
1 5 1739110
1 3 1520440
2 1 1783000
2 0 1023030
2 4 1734740
3 4 1472180
3 1 1520440
3 5 1420090
4 0 1031230
4 3 1472180
4 2 1734740
4 11 1741740
5 1 1739110
5 3 1420090
5 7 1915520
5 6 1815670
6 8 1405900
6 7 2092430
6 5 1815670
6 11 1866560
6 16 1932380
7 6 2092430
7 21 1897080
7 5 1915520
8 6 1405900
8 10 1131440
8 15 1232950
9 12 1058820
9 10 968830
10 15 1545170
10 8 1131440
10 11 1592100
10 9 968830
11 4 1741740
11 6 1866560
11 10 1592100
12 9 1058820
12 14 1382180
12 13 1675750
12 15 1635160
13 12 1675750
13 15 1687270
13 17 1788420
13 16 1800020
14 17 1494850
14 12 1382180
15 10 1545170
15 13 1687270
15 12 1635160
15 8 1232950
16 23 2390580
16 20 1600170
16 6 1932380
16 13 1800020
17 14 1494850
17 13 1788420
17 19 1499250
17 25 1804290
18 22 1224900
18 25 1952140
18 19 1647100
19 17 1499250
19 18 1647100
19 22 727320
20 16 1600170
20 25 1543880
20 23 2118570
21 24 1486410
21 23 2255430
21 7 1897080
22 18 1224900
22 19 727320
23 21 2255430
23 24 2139960
23 16 2390580
23 20 2118570
24 21 1486410
24 23 2139960
25 20 1543880
25 18 1952140
25 17 1804290
