0 4 749860
0 2 841680
1 2 1622710
1 5 1583300
1 3 1401770
2 1 1622710
2 0 841680
2 4 1534500
3 4 1313560
3 1 1401770
3 5 1365970
4 0 749860
4 3 1313560
4 2 1534500
4 11 1501380
5 1 1583300
5 3 1365970
5 7 1415300
5 6 1451760
6 8 1045730
6 7 1319560
6 5 1451760
6 11 1458050
6 16 1173330
7 6 1319560
7 21 1218560
7 5 1415300
8 6 1045730
8 10 1068610
8 15 1112530
9 12 1129530
9 10 918240
10 15 1445700
10 8 1068610
10 11 1480930
10 9 918240
11 4 1501380
11 6 1458050
11 10 1480930
12 9 1129530
12 14 1256550
12 13 1556650
12 15 1656990
13 12 1556650
13 15 1389280
13 17 1317710
13 16 1139790
14 17 1017610
14 12 1256550
15 10 1445700
15 13 1389280
15 12 1656990
15 8 1112530
16 23 1551730
16 20 1269570
16 6 1173330
16 13 1139790
17 14 1017610
17 13 1317710
17 19 1185880
17 25 1751600
18 22 912300
18 25 1884350
18 19 1318630
19 17 1185880
19 18 1318630
19 22 618950
20 16 1269570
20 25 1852610
20 23 1830660
21 24 915460
21 23 1633420
21 7 1218560
22 18 912300
22 19 618950
23 21 1633420
23 24 1394860
23 16 1551730
23 20 1830660
24 21 915460
24 23 1394860
25 20 1852610
25 18 1884350
25 17 1751600
