0 4 1301260
0 2 1209610
1 2 2099930
1 5 2116310
1 3 1846100
2 1 2099930
2 0 1209610
2 4 2200470
3 4 1946640
3 1 1846100
3 5 1871370
4 0 1301260
4 3 1946640
4 2 2200470
4 11 2489180
5 1 2116310
5 3 1871370
5 7 2297230
5 6 2319920
6 8 2075900
6 7 2475570
6 5 2319920
6 11 2592250
6 16 2061080
7 6 2475570
7 21 1948840
7 5 2297230
8 6 2075900
8 10 1850290
8 15 2123740
9 12 1443600
9 10 1391030
10 15 2320490
10 8 1850290
10 11 2366640
10 9 1391030
11 4 2489180
11 6 2592250
11 10 2366640
12 9 1443600
12 14 1609780
12 13 1939670
12 15 2373060
13 12 1939670
13 15 2160550
13 17 1825000
13 16 1675530
14 17 1495110
14 12 1609780
15 10 2320490
15 13 2160550
15 12 2373060
15 8 2123740
16 23 1956110
16 20 1638170
16 6 2061080
16 13 1675530
17 14 1495110
17 13 1825000
17 19 1553360
17 25 1983300
18 22 1159980
18 25 2132150
18 19 1702210
19 17 1553360
19 18 1702210
19 22 641650
20 16 1638170
20 25 1848100
20 23 1970380
21 24 1485610
21 23 1866560
21 7 1948840
22 18 1159980
22 19 641650
23 21 1866560
23 24 1907370
23 16 1956110
23 20 1970380
24 21 1485610
24 23 1907370
25 20 1848100
25 18 2132150
25 17 1983300
