0 4 1268740
0 2 2051810
1 2 3322630
1 5 2740180
1 3 2131660
2 1 3322630
2 0 2051810
2 4 3308470
3 4 2117500
3 1 2131660
3 5 2318120
4 0 1268740
4 3 2117500
4 2 3308470
4 11 2650620
5 1 2740180
5 3 2318120
5 7 3164000
5 6 2794390
6 8 2155030
6 7 3031750
6 5 2794390
6 11 2718990
6 16 2270500
7 6 3031750
7 21 2938750
7 5 3164000
8 6 2155030
8 10 2129040
8 15 2111390
9 12 1429900
9 10 1708940
10 15 2592510
10 8 2129040
10 11 2693000
10 9 1708940
11 4 2650620
11 6 2718990
11 10 2693000
12 9 1429900
12 14 1696170
12 13 2035290
12 15 2313470
13 12 2035290
13 15 2296680
13 17 2333380
13 16 1948680
14 17 1994260
14 12 1696170
15 10 2592510
15 13 2296680
15 12 2313470
15 8 2111390
16 23 2216720
16 20 2095640
16 6 2270500
16 13 1948680
17 14 1994260
17 13 2333380
17 19 2255210
17 25 2717920
18 22 1979030
18 25 3027540
18 19 2564830
19 17 2255210
19 18 2564830
19 22 1276360
20 16 2095640
20 25 2550000
20 23 2433500
21 24 2188030
21 23 2515360
21 7 2938750
22 18 1979030
22 19 1276360
23 21 2515360
23 24 2227250
23 16 2216720
23 20 2433500
24 21 2188030
24 23 2227250
25 20 2550000
25 18 3027540
25 17 2717920
