0 4 716910
0 2 1156990
1 2 1876750
1 5 1505730
1 3 1256880
2 1 1876750
2 0 1156990
2 4 1764880
3 4 1145010
3 1 1256880
3 5 1214070
4 0 716910
4 3 1145010
4 2 1764880
4 11 1287820
5 1 1505730
5 3 1214070
5 7 1539280
5 6 1384240
6 8 1091440
6 7 1460600
6 5 1384240
6 11 1278200
6 16 1232410
7 6 1460600
7 21 1369770
7 5 1539280
8 6 1091440
8 10 1036450
8 15 1175740
9 12 1208020
9 10 869600
10 15 1334870
10 8 1036450
10 11 1223210
10 9 869600
11 4 1287820
11 6 1278200
11 10 1223210
12 9 1208020
12 14 1570900
12 13 1695430
12 15 1673290
13 12 1695430
13 15 1496300
13 17 1849580
13 16 1338850
14 17 1725050
14 12 1570900
15 10 1334870
15 13 1496300
15 12 1673290
15 8 1175740
16 23 1414270
16 20 1184380
16 6 1232410
16 13 1338850
17 14 1725050
17 13 1849580
17 19 1538760
17 25 2210980
18 22 1017770
18 25 1999210
18 19 1326990
19 17 1538760
19 18 1326990
19 22 587580
20 16 1184380
20 25 1725370
20 23 1439390
21 24 918590
21 23 1396590
21 7 1369770
22 18 1017770
22 19 587580
23 21 1396590
23 24 1191280
23 16 1414270
23 20 1439390
24 21 918590
24 23 1191280
25 20 1725370
25 18 1999210
25 17 2210980
