0 4 747460
0 2 910380
1 2 1617660
1 5 1384440
1 3 1231890
2 1 1617660
2 0 910380
2 4 1612320
3 4 1226550
3 1 1231890
3 5 1156250
4 0 747460
4 3 1226550
4 2 1612320
4 11 1438680
5 1 1384440
5 3 1156250
5 7 1228030
5 6 1253150
6 8 864210
6 7 1172380
6 5 1253150
6 11 1312730
6 16 984310
7 6 1172380
7 21 929450
7 5 1228030
8 6 864210
8 10 909820
8 15 913350
9 12 993200
9 10 898520
10 15 1292250
10 8 909820
10 11 1358340
10 9 898520
11 4 1438680
11 6 1312730
11 10 1358340
12 9 993200
12 14 1153020
12 13 1390220
12 15 1386930
13 12 1390220
13 15 1299070
13 17 1475250
13 16 1036740
14 17 1238050
14 12 1153020
15 10 1292250
15 13 1299070
15 12 1386930
15 8 913350
16 23 939630
16 20 965340
16 6 984310
16 13 1036740
17 14 1238050
17 13 1475250
17 19 1390330
17 25 1545100
18 22 931300
18 25 1541460
18 19 1386690
19 17 1390330
19 18 1386690
19 22 677130
20 16 965340
20 25 1300810
20 23 1133850
21 24 759460
21 23 909890
21 7 929450
22 18 931300
22 19 677130
23 21 909890
23 24 957710
23 16 939630
23 20 1133850
24 21 759460
24 23 957710
25 20 1300810
25 18 1541460
25 17 1545100
