0 4 2382500
0 2 2404380
1 2 4735220
1 5 4825390
1 3 4195880
2 1 4735220
2 0 2404380
2 4 4336360
3 4 3797020
3 1 4195880
3 5 3909070
4 0 2382500
4 3 3797020
4 2 4336360
4 11 4456210
5 1 4825390
5 3 3909070
5 7 4751670
5 6 4249990
6 8 2912680
6 7 4463080
6 5 4249990
6 11 4279670
6 16 3765110
7 6 4463080
7 21 3934890
7 5 4751670
8 6 2912680
8 10 3218800
8 15 3036830
9 12 2216250
9 10 3102830
10 15 4391670
10 8 3218800
10 11 4585790
10 9 3102830
11 4 4456210
11 6 4279670
11 10 4585790
12 9 2216250
12 14 2700200
12 13 3079480
12 15 3505090
13 12 3079480
13 15 3784090
13 17 3985980
13 16 3463650
14 17 3606700
14 12 2700200
15 10 4391670
15 13 3784090
15 12 3505090
15 8 3036830
16 23 4488570
16 20 2811740
16 6 3765110
16 13 3463650
17 14 3606700
17 13 3985980
17 19 3544630
17 25 4330150
18 22 2048360
18 25 3894610
18 19 3109090
19 17 3544630
19 18 3109090
19 22 1415050
20 16 2811740
20 25 3050740
20 23 3731490
21 24 2393640
21 23 4156670
21 7 3934890
22 18 2048360
22 19 1415050
23 21 4156670
23 24 3645290
23 16 4488570
23 20 3731490
24 21 2393640
24 23 3645290
25 20 3050740
25 18 3894610
25 17 4330150
