0 4 1957300
0 2 2295220
1 2 3806130
1 5 3260210
1 3 2849770
2 1 3806130
2 0 2295220
2 4 3750840
3 4 2794480
3 1 2849770
3 5 2586480
4 0 1957300
4 3 2794480
4 2 3750840
4 11 3509800
5 1 3260210
5 3 2586480
5 7 3199170
5 6 3025070
6 8 2380960
6 7 3227320
6 5 3025070
6 11 3329950
6 16 2767450
7 6 3227320
7 21 2776770
7 5 3199170
8 6 2380960
8 10 2419080
8 15 2473480
9 12 2550000
9 10 2040770
10 15 3183860
10 8 2419080
10 11 3368070
10 9 2040770
11 4 3509800
11 6 3329950
11 10 3368070
12 9 2550000
12 14 3532510
12 13 3948210
12 15 3693090
13 12 3948210
13 15 3493380
13 17 4787080
13 16 3115090
14 17 4371380
14 12 3532510
15 10 3183860
15 13 3493380
15 12 3693090
15 8 2473480
16 23 3554110
16 20 3095890
16 6 2767450
16 13 3115090
17 14 4371380
17 13 4787080
17 19 4866790
17 25 5967710
18 22 3229150
18 25 6088760
18 19 4987840
19 17 4866790
19 18 4987840
19 22 2149230
20 16 3095890
20 25 4909930
20 23 4168320
21 24 1843290
21 23 3389330
21 7 2776770
22 18 3229150
22 19 2149230
23 21 3389330
23 24 3080500
23 16 3554110
23 20 4168320
24 21 1843290
24 23 3080500
25 20 4909930
25 18 6088760
25 17 5967710
