0 4 1189750
0 2 1247020
1 2 2293770
1 5 2103580
1 3 1940950
2 1 2293770
2 0 1247020
2 4 2215270
3 4 1862450
3 1 1940950
3 5 1729530
4 0 1189750
4 3 1862450
4 2 2215270
4 11 2142540
5 1 2103580
5 3 1729530
5 7 1855470
5 6 1901190
6 8 1459110
6 7 1864500
6 5 1901190
6 11 2018650
6 16 1707090
7 6 1864500
7 21 1600310
7 5 1855470
8 6 1459110
8 10 1383650
8 15 1475750
9 12 1245290
9 10 1145200
10 15 1851400
10 8 1383650
10 11 1943190
10 9 1145200
11 4 2142540
11 6 2018650
11 10 1943190
12 9 1245290
12 14 1603150
12 13 1960710
12 15 1951490
13 12 1960710
13 15 1952720
13 17 2192060
13 16 1732950
14 17 1834500
14 12 1603150
15 10 1851400
15 13 1952720
15 12 1951490
15 8 1475750
16 23 1791190
16 20 1526090
16 6 1707090
16 13 1732950
17 14 1834500
17 13 2192060
17 19 2115330
17 25 2325260
18 22 1580440
18 25 2655890
18 19 2445960
19 17 2115330
19 18 2445960
19 22 942960
20 16 1526090
20 25 1888280
20 23 1813320
21 24 1494910
21 23 1730130
21 7 1600310
22 18 1580440
22 19 942960
23 21 1730130
23 24 1843200
23 16 1791190
23 20 1813320
24 21 1494910
24 23 1843200
25 20 1888280
25 18 2655890
25 17 2325260
