0 4 2090480
0 2 2421190
1 2 4157000
1 5 3698100
1 3 3160110
2 1 4157000
2 0 2421190
2 4 4360670
3 4 3363780
3 1 3160110
3 5 3235590
4 0 2090480
4 3 3363780
4 2 4360670
4 11 4149830
5 1 3698100
5 3 3235590
5 7 3281300
5 6 3430300
6 8 2402790
6 7 2938020
6 5 3430300
6 11 3678360
6 16 2795790
7 6 2938020
7 21 2610590
7 5 3281300
8 6 2402790
8 10 2760280
8 15 2871280
9 12 2359880
9 10 2459730
10 15 3913000
10 8 2760280
10 11 4035850
10 9 2459730
11 4 4149830
11 6 3678360
11 10 4035850
12 9 2359880
12 14 2664360
12 13 3437040
12 15 3813150
13 12 3437040
13 15 3647890
13 17 3603420
13 16 2888170
14 17 2830740
14 12 2664360
15 10 3913000
15 13 3647890
15 12 3813150
15 8 2871280
16 23 3197290
16 20 2580630
16 6 2795790
16 13 2888170
17 14 2830740
17 13 3603420
17 19 3375460
17 25 3771810
18 22 2732860
18 25 4284800
18 19 3888450
19 17 3375460
19 18 3888450
19 22 1660270
20 16 2580630
20 25 3132630
20 23 3273360
21 24 2208100
21 23 3161090
21 7 2610590
22 18 2732860
22 19 1660270
23 21 3161090
23 24 2937030
23 16 3197290
23 20 3273360
24 21 2208100
24 23 2937030
25 20 3132630
25 18 4284800
25 17 3771810
