0 4 792910
0 2 911030
1 2 1459080
1 5 1335480
1 3 1138800
2 1 1459080
2 0 911030
2 4 1466240
3 4 1145960
3 1 1138800
3 5 1140480
4 0 792910
4 3 1145960
4 2 1466240
4 11 1379400
5 1 1335480
5 3 1140480
5 7 1232560
5 6 1347300
6 8 1017790
6 7 1242700
6 5 1347300
6 11 1384060
6 16 1214430
7 6 1242700
7 21 1197300
7 5 1232560
8 6 1017790
8 10 1036570
8 15 1044800
9 12 770910
9 10 940730
10 15 1403230
10 8 1036570
10 11 1402840
10 9 940730
11 4 1379400
11 6 1384060
11 10 1402840
12 9 770910
12 14 925950
12 13 1063150
12 15 1233410
13 12 1063150
13 15 1241200
13 17 1297530
13 16 1071180
14 17 1160330
14 12 925950
15 10 1403230
15 13 1241200
15 12 1233410
15 8 1044800
16 23 1140840
16 20 1205270
16 6 1214430
16 13 1071180
17 14 1160330
17 13 1297530
17 19 1277810
17 25 1621310
18 22 1124560
18 25 1871800
18 19 1528300
19 17 1277810
19 18 1528300
19 22 627760
20 16 1205270
20 25 1528810
20 23 1274690
21 24 1082760
21 23 1238450
21 7 1197300
22 18 1124560
22 19 627760
23 21 1238450
23 24 1054570
23 16 1140840
23 20 1274690
24 21 1082760
24 23 1054570
25 20 1528810
25 18 1871800
25 17 1621310
