0 4 1298490
0 2 977400
1 2 1677720
1 5 1794710
1 3 1537610
2 1 1677720
2 0 977400
2 4 1839890
3 4 1699780
3 1 1537610
3 5 1495680
4 0 1298490
4 3 1699780
4 2 1839890
4 11 2100810
5 1 1794710
5 3 1495680
5 7 2811810
5 6 2273370
6 8 2248020
6 7 3332400
6 5 2273370
6 11 2417300
6 16 2280810
7 6 3332400
7 21 3031600
7 5 2811810
8 6 2248020
8 10 2016230
8 15 2317580
9 12 1856990
9 10 1513210
10 15 2631730
10 8 2016230
10 11 2185510
10 9 1513210
11 4 2100810
11 6 2417300
11 10 2185510
12 9 1856990
12 14 2302800
12 13 2749690
12 15 2975510
13 12 2749690
13 15 2707260
13 17 2804030
13 16 2124550
14 17 2357140
14 12 2302800
15 10 2631730
15 13 2707260
15 12 2975510
15 8 2317580
16 23 2501080
16 20 1934520
16 6 2280810
16 13 2124550
17 14 2357140
17 13 2804030
17 19 2585400
17 25 3176210
18 22 1531370
18 25 3033280
18 19 2442470
19 17 2585400
19 18 2442470
19 22 1133080
20 16 1934520
20 25 2663590
20 23 2667940
21 24 1964110
21 23 2713430
21 7 3031600
22 18 1531370
22 19 1133080
23 21 2713430
23 24 2485180
23 16 2501080
23 20 2667940
24 21 1964110
24 23 2485180
25 20 2663590
25 18 3033280
25 17 3176210
