0 4 676650
0 2 768910
1 2 1386380
1 5 1215520
1 3 1141160
2 1 1386380
2 0 768910
2 4 1286420
3 4 1041200
3 1 1141160
3 5 962600
4 0 676650
4 3 1041200
4 2 1286420
4 11 1170400
5 1 1215520
5 3 962600
5 7 1280200
5 6 1187820
6 8 964420
6 7 1431060
6 5 1187820
6 11 1242660
6 16 1197540
7 6 1431060
7 21 1363590
7 5 1280200
8 6 964420
8 10 855370
8 15 956830
9 12 987720
9 10 765170
10 15 1222040
10 8 855370
10 11 1133610
10 9 765170
11 4 1170400
11 6 1242660
11 10 1133610
12 9 987720
12 14 1195000
12 13 1301220
12 15 1444590
13 12 1301220
13 15 1180130
13 17 1258050
13 16 1046580
14 17 1151830
14 12 1195000
15 10 1222040
15 13 1180130
15 12 1444590
15 8 956830
16 23 1393160
16 20 1151340
16 6 1197540
16 13 1046580
17 14 1151830
17 13 1258050
17 19 1197960
17 25 1575100
18 22 767690
18 25 1567290
18 19 1190150
19 17 1197960
19 18 1190150
19 22 494120
20 16 1151340
20 25 1458570
20 23 1488100
21 24 942490
21 23 1466830
21 7 1363590
22 18 767690
22 19 494120
23 21 1466830
23 24 1205580
23 16 1393160
23 20 1488100
24 21 942490
24 23 1205580
25 20 1458570
25 18 1567290
25 17 1575100
