0 4 689950
0 2 968510
1 2 1594740
1 5 1295570
1 3 1191100
2 1 1594740
2 0 968510
2 4 1484480
3 4 1080840
3 1 1191100
3 5 1060230
4 0 689950
4 3 1080840
4 2 1484480
4 11 1246130
5 1 1295570
5 3 1060230
5 7 1126220
5 6 1176830
6 8 927570
6 7 1138350
6 5 1176830
6 11 1237650
6 16 1228930
7 6 1138350
7 21 1024900
7 5 1126220
8 6 927570
8 10 937090
8 15 975080
9 12 918170
9 10 870840
10 15 1245990
10 8 937090
10 11 1247170
10 9 870840
11 4 1246130
11 6 1237650
11 10 1247170
12 9 918170
12 14 1074420
12 13 1240790
12 15 1293320
13 12 1240790
13 15 1231450
13 17 1338250
13 16 1223910
14 17 1171880
14 12 1074420
15 10 1245990
15 13 1231450
15 12 1293320
15 8 975080
16 23 1278010
16 20 1121040
16 6 1228930
16 13 1223910
17 14 1171880
17 13 1338250
17 19 1205740
17 25 1439010
18 22 881680
18 25 1507310
18 19 1274040
19 17 1205740
19 18 1274040
19 22 521540
20 16 1121040
20 25 1176810
20 23 1130150
21 24 994010
21 23 1124590
21 7 1024900
22 18 881680
22 19 521540
23 21 1124590
23 24 1156540
23 16 1278010
23 20 1130150
24 21 994010
24 23 1156540
25 20 1176810
25 18 1507310
25 17 1439010
