0 4 839590
0 2 908470
1 2 1580250
1 5 1477880
1 3 1279390
2 1 1580250
2 0 908470
2 4 1506100
3 4 1205240
3 1 1279390
3 5 1171750
4 0 839590
4 3 1205240
4 2 1506100
4 11 1488320
5 1 1477880
5 3 1171750
5 7 1404550
5 6 1396310
6 8 1004800
6 7 1430620
6 5 1396310
6 11 1480900
6 16 1254020
7 6 1430620
7 21 1225490
7 5 1404550
8 6 1004800
8 10 942590
8 15 912650
9 12 932470
9 10 991080
10 15 1268020
10 8 942590
10 11 1418690
10 9 991080
11 4 1488320
11 6 1480900
11 10 1418690
12 9 932470
12 14 1029380
12 13 1137130
12 15 1209410
13 12 1137130
13 15 1165800
13 17 1303850
13 16 1089590
14 17 1196100
14 12 1029380
15 10 1268020
15 13 1165800
15 12 1209410
15 8 912650
16 23 1415510
16 20 1088840
16 6 1254020
16 13 1089590
17 14 1196100
17 13 1303850
17 19 1478190
17 25 1443220
18 22 1113630
18 25 1718000
18 19 1752970
19 17 1478190
19 18 1752970
19 22 802860
20 16 1088840
20 25 1232140
20 23 1418690
21 24 1046240
21 23 1378740
21 7 1225490
22 18 1113630
22 19 802860
23 21 1378740
23 24 1412860
23 16 1415510
23 20 1418690
24 21 1046240
24 23 1412860
25 20 1232140
25 18 1718000
25 17 1443220
