0 4 1647010
0 2 2178870
1 2 3935050
1 5 3338030
1 3 2968470
2 1 3935050
2 0 2178870
2 4 3687320
3 4 2720740
3 1 2968470
3 5 2655580
4 0 1647010
4 3 2720740
4 2 3687320
4 11 3185750
5 1 3338030
5 3 2655580
5 7 3574680
5 6 3303010
6 8 2716690
6 7 3852550
6 5 3303010
6 11 3398460
6 16 3404510
7 6 3852550
7 21 3325960
7 5 3574680
8 6 2716690
8 10 2649810
8 15 2821650
9 12 2405030
9 10 2315850
10 15 3618960
10 8 2649810
10 11 3331580
10 9 2315850
11 4 3185750
11 6 3398460
11 10 3331580
12 9 2405030
12 14 3260040
12 13 3532410
12 15 3708140
13 12 3532410
13 15 3615070
13 17 4017820
13 16 3333740
14 17 3745450
14 12 3260040
15 10 3618960
15 13 3615070
15 12 3708140
15 8 2821650
16 23 4164590
16 20 3633750
16 6 3404510
16 13 3333740
17 14 3745450
17 13 4017820
17 19 3975160
17 25 4918320
18 22 3015650
18 25 5236590
18 19 4293430
19 17 3975160
19 18 4293430
19 22 2076240
20 16 3633750
20 25 4639850
20 23 4570200
21 24 2456420
21 23 3814370
21 7 3325960
22 18 3015650
22 19 2076240
23 21 3814370
23 24 3743090
23 16 4164590
23 20 4570200
24 21 2456420
24 23 3743090
25 20 4639850
25 18 5236590
25 17 4918320
