0 4 1001720
0 2 1144460
1 2 2228980
1 5 2144230
1 3 1935410
2 1 2228980
2 0 1144460
2 4 1979480
3 4 1685910
3 1 1935410
3 5 1743900
4 0 1001720
4 3 1685910
4 2 1979480
4 11 1919600
5 1 2144230
5 3 1743900
5 7 2059470
5 6 1848550
6 8 1229460
6 7 1955300
6 5 1848550
6 11 1873420
6 16 1637930
7 6 1955300
7 21 1779060
7 5 2059470
8 6 1229460
8 10 1235010
8 15 1146270
9 12 959290
9 10 1121670
10 15 1666740
10 8 1235010
10 11 1878970
10 9 1121670
11 4 1919600
11 6 1873420
11 10 1878970
12 9 959290
12 14 1250100
12 13 1478730
12 15 1504360
13 12 1478730
13 15 1552370
13 17 1519640
13 16 1529110
14 17 1291010
14 12 1250100
15 10 1666740
15 13 1552370
15 12 1504360
15 8 1146270
16 23 1685100
16 20 1340060
16 6 1637930
16 13 1529110
17 14 1291010
17 13 1519640
17 19 982090
17 25 1879400
18 22 779230
18 25 1787690
18 19 890380
19 17 982090
19 18 890380
19 22 340490
20 16 1340060
20 25 1697450
20 23 1493680
21 24 1555500
21 23 1615310
21 7 1779060
22 18 779230
22 19 340490
23 21 1615310
23 24 1778910
23 16 1685100
23 20 1493680
24 21 1555500
24 23 1778910
25 20 1697450
25 18 1787690
25 17 1879400
