0 4 1755630
0 2 2107940
1 2 3553740
1 5 3295060
1 3 2874990
2 1 3553740
2 0 2107940
2 4 3339930
3 4 2661180
3 1 2874990
3 5 2754810
4 0 1755630
4 3 2661180
4 2 3339930
4 11 3136150
5 1 3295060
5 3 2754810
5 7 2794830
5 6 3046630
6 8 1902270
6 7 2666580
6 5 3046630
6 11 3101530
6 16 2614240
7 6 2666580
7 21 2262000
7 5 2794830
8 6 1902270
8 10 1820260
8 15 1861700
9 12 1843060
9 10 1818840
10 15 2795800
10 8 1820260
10 11 3019520
10 9 1818840
11 4 3136150
11 6 3101530
11 10 3019520
12 9 1843060
12 14 2458800
12 13 2566450
12 15 2820020
13 12 2566450
13 15 2583670
13 17 2723660
13 16 2320100
14 17 2616010
14 12 2458800
15 10 2795800
15 13 2583670
15 12 2820020
15 8 1861700
16 23 2523020
16 20 2216470
16 6 2614240
16 13 2320100
17 14 2616010
17 13 2723660
17 19 2747100
17 25 2821540
18 22 2079410
18 25 3141380
18 19 3066940
19 17 2747100
19 18 3066940
19 22 1389450
20 16 2216470
20 25 2324350
20 23 2429390
21 24 2348150
21 23 2422580
21 7 2262000
22 18 2079410
22 19 1389450
23 21 2422580
23 24 2661510
23 16 2523020
23 20 2429390
24 21 2348150
24 23 2661510
25 20 2324350
25 18 3141380
25 17 2821540
