0 4 804850
0 2 972580
1 2 1855110
1 5 1657770
1 3 1532240
2 1 1855110
2 0 972580
2 4 1658690
3 4 1335820
3 1 1532240
3 5 1306210
4 0 804850
4 3 1335820
4 2 1658690
4 11 1622480
5 1 1657770
5 3 1306210
5 7 2030230
5 6 1771930
6 8 1714280
6 7 2370420
6 5 1771930
6 11 1933060
6 16 1828130
7 6 2370420
7 21 1978870
7 5 2030230
8 6 1714280
8 10 1664630
8 15 1878390
9 12 1437310
9 10 1437700
10 15 2226580
10 8 1664630
10 11 1883410
10 9 1437700
11 4 1622480
11 6 1933060
11 10 1883410
12 9 1437310
12 14 1558790
12 13 1931350
12 15 2226190
13 12 1931350
13 15 2145500
13 17 2127070
13 16 1697400
14 17 1754510
14 12 1558790
15 10 2226580
15 13 2145500
15 12 2226190
15 8 1878390
16 23 2004300
16 20 1542020
16 6 1828130
16 13 1697400
17 14 1754510
17 13 2127070
17 19 2127050
17 25 2322170
18 22 1721130
18 25 2640890
18 19 2445770
19 17 2127050
19 18 2445770
19 22 1125980
20 16 1542020
20 25 1890380
20 23 2002180
21 24 1435040
21 23 1896740
21 7 1978870
22 18 1721130
22 19 1125980
23 21 1896740
23 24 2002760
23 16 2004300
23 20 2002180
24 21 1435040
24 23 2002760
25 20 1890380
25 18 2640890
25 17 2322170
