0 4 1162670
0 2 1418960
1 2 2406720
1 5 1874580
1 3 1780580
2 1 2406720
2 0 1418960
2 4 2428250
3 4 1802110
3 1 1780580
3 5 1526260
4 0 1162670
4 3 1802110
4 2 2428250
4 11 2199250
5 1 1874580
5 3 1526260
5 7 1875890
5 6 1949510
6 8 1726920
6 7 2205140
6 5 1949510
6 11 2252650
6 16 2053700
7 6 2205140
7 21 1735890
7 5 1875890
8 6 1726920
8 10 1730960
8 15 1534830
9 12 1486590
9 10 1592900
10 15 2090710
10 8 1730960
10 11 2256690
10 9 1592900
11 4 2199250
11 6 2252650
11 10 2256690
12 9 1486590
12 14 1582590
12 13 2014130
12 15 1984400
13 12 2014130
13 15 1924310
13 17 2051650
13 16 1891340
14 17 1620110
14 12 1582590
15 10 2090710
15 13 1924310
15 12 1984400
15 8 1534830
16 23 2446000
16 20 1754720
16 6 2053700
16 13 1891340
17 14 1620110
17 13 2051650
17 19 1787620
17 25 2160440
18 22 1359760
18 25 2240100
18 19 1867280
19 17 1787620
19 18 1867280
19 22 918460
20 16 1754720
20 25 1926210
20 23 2372080
21 24 1103230
21 23 2201810
21 7 1735890
22 18 1359760
22 19 918460
23 21 2201810
23 24 1964780
23 16 2446000
23 20 2372080
24 21 1103230
24 23 1964780
25 20 1926210
25 18 2240100
25 17 2160440
