0 4 845050
0 2 1058500
1 2 1736170
1 5 1526180
1 3 1316260
2 1 1736170
2 0 1058500
2 4 1715870
3 4 1295960
3 1 1316260
3 5 1299420
4 0 845050
4 3 1295960
4 2 1715870
4 11 1599350
5 1 1526180
5 3 1299420
5 7 1733680
5 6 1494700
6 8 1060570
6 7 1719040
6 5 1494700
6 11 1588170
6 16 1351710
7 6 1719040
7 21 1410760
7 5 1733680
8 6 1060570
8 10 1040450
8 15 1109800
9 12 1037780
9 10 968110
10 15 1509170
10 8 1040450
10 11 1568050
10 9 968110
11 4 1599350
11 6 1588170
11 10 1568050
12 9 1037780
12 14 1263480
12 13 1558590
12 15 1578840
13 12 1558590
13 15 1558270
13 17 1715870
13 16 1380690
14 17 1420760
14 12 1263480
15 10 1509170
15 13 1558270
15 12 1578840
15 8 1109800
16 23 1484840
16 20 1362640
16 6 1351710
16 13 1380690
17 14 1420760
17 13 1715870
17 19 1629350
17 25 1973830
18 22 1377230
18 25 2297470
18 19 1952990
19 17 1629350
19 18 1952990
19 22 789220
20 16 1362640
20 25 1777930
20 23 1624120
21 24 836580
21 23 1304910
21 7 1410760
22 18 1377230
22 19 789220
23 21 1304910
23 24 1277990
23 16 1484840
23 20 1624120
24 21 836580
24 23 1277990
25 20 1777930
25 18 2297470
25 17 1973830
