0 4 1401410
0 2 1941120
1 2 2910740
1 5 2353230
1 3 1916720
2 1 2910740
2 0 1941120
2 4 3002430
3 4 2008410
3 1 1916720
3 5 1990610
4 0 1401410
4 3 2008410
4 2 3002430
4 11 2521770
5 1 2353230
5 3 1990610
5 7 2902950
5 6 2649720
6 8 2120620
6 7 3125550
6 5 2649720
6 11 2726570
6 16 2325880
7 6 3125550
7 21 2898730
7 5 2902950
8 6 2120620
8 10 1849750
8 15 1886830
9 12 1374310
9 10 1588830
10 15 2367660
10 8 1849750
10 11 2455700
10 9 1588830
11 4 2521770
11 6 2726570
11 10 2455700
12 9 1374310
12 14 1763570
12 13 2088820
12 15 2153140
13 12 2088820
13 15 2340420
13 17 2373440
13 16 2027770
14 17 2048190
14 12 1763570
15 10 2367660
15 13 2340420
15 12 2153140
15 8 1886830
16 23 2764190
16 20 2201320
16 6 2325880
16 13 2027770
17 14 2048190
17 13 2373440
17 19 2238540
17 25 2619910
18 22 2177980
18 25 3364430
18 19 2983060
19 17 2238540
19 18 2983060
19 22 1201220
20 16 2201320
20 25 2696120
20 23 3186070
21 24 2100640
21 23 3083810
21 7 2898730
22 18 2177980
22 19 1201220
23 21 3083810
23 24 2765770
23 16 2764190
23 20 3186070
24 21 2100640
24 23 2765770
25 20 2696120
25 18 3364430
25 17 2619910
