0 4 2125290
0 2 2354290
1 2 4348500
1 5 4159830
1 3 3681340
2 1 4348500
2 0 2354290
2 4 4104980
3 4 3437820
3 1 3681340
3 5 3478150
4 0 2125290
4 3 3437820
4 2 4104980
4 11 3882060
5 1 4159830
5 3 3478150
5 7 3511110
5 6 3684590
6 8 2601510
6 7 3239060
6 5 3684590
6 11 3650340
6 16 2861020
7 6 3239060
7 21 2799840
7 5 3511110
8 6 2601510
8 10 2944620
8 15 2856340
9 12 2397650
9 10 2678430
10 15 4010480
10 8 2944620
10 11 3993450
10 9 2678430
11 4 3882060
11 6 3650340
11 10 3993450
12 9 2397650
12 14 2704400
12 13 3332320
12 15 3729700
13 12 3332320
13 15 3524820
13 17 3405010
13 16 2718470
14 17 2777090
14 12 2704400
15 10 4010480
15 13 3524820
15 12 3729700
15 8 2856340
16 23 3160650
16 20 2897100
16 6 2861020
16 13 2718470
17 14 2777090
17 13 3405010
17 19 3054150
17 25 4220220
18 22 2322090
18 25 4453190
18 19 3287120
19 17 3054150
19 18 3287120
19 22 1460690
20 16 2897100
20 25 4121280
20 23 3748250
21 24 2338650
21 23 3272950
21 7 2799840
22 18 2322090
22 19 1460690
23 21 3272950
23 24 3077500
23 16 3160650
23 20 3748250
24 21 2338650
24 23 3077500
25 20 4121280
25 18 4453190
25 17 4220220
