0 4 545380
0 2 566100
1 2 908990
1 5 925880
1 3 747190
2 1 908990
2 0 566100
2 4 953720
3 4 791920
3 1 747190
3 5 829530
4 0 545380
4 3 791920
4 2 953720
4 11 956320
5 1 925880
5 3 829530
5 7 1117230
5 6 1057880
6 8 801540
6 7 1166890
6 5 1057880
6 11 1043590
6 16 996360
7 6 1166890
7 21 1166510
7 5 1117230
8 6 801540
8 10 703160
8 15 741420
9 12 599120
9 10 615120
10 15 949040
10 8 703160
10 11 945210
10 9 615120
11 4 956320
11 6 1043590
11 10 945210
12 9 599120
12 14 812460
12 13 911330
12 15 933040
13 12 911330
13 15 965590
13 17 1194790
13 16 914530
14 17 1095920
14 12 812460
15 10 949040
15 13 965590
15 12 933040
15 8 741420
16 23 1053210
16 20 986770
16 6 996360
16 13 914530
17 14 1095920
17 13 1194790
17 19 1185310
17 25 1341370
18 22 863350
18 25 1399600
18 19 1243540
19 17 1185310
19 18 1243540
19 22 544730
20 16 986770
20 25 1162700
20 23 1154800
21 24 1168390
21 23 1164010
21 7 1166510
22 18 863350
22 19 544730
23 21 1164010
23 24 1225620
23 16 1053210
23 20 1154800
24 21 1168390
24 23 1225620
25 20 1162700
25 18 1399600
25 17 1341370
