0 4 692480
0 2 867950
1 2 1402250
1 5 1227570
1 3 953040
2 1 1402250
2 0 867950
2 4 1481470
3 4 1032260
3 1 953040
3 5 1033050
4 0 692480
4 3 1032260
4 2 1481470
4 11 1282890
5 1 1227570
5 3 1033050
5 7 1273490
5 6 1150680
6 8 718930
6 7 1116590
6 5 1150680
6 11 1126780
6 16 783570
7 6 1116590
7 21 1072710
7 5 1273490
8 6 718930
8 10 815960
8 15 750030
9 12 792650
9 10 841010
10 15 1121910
10 8 815960
10 11 1223810
10 9 841010
11 4 1282890
11 6 1126780
11 10 1223810
12 9 792650
12 14 919370
12 13 1029290
12 15 1073550
13 12 1029290
13 15 1011720
13 17 1239290
13 16 770410
14 17 1129370
14 12 919370
15 10 1121910
15 13 1011720
15 12 1073550
15 8 750030
16 23 927200
16 20 921730
16 6 783570
16 13 770410
17 14 1129370
17 13 1239290
17 19 1184850
17 25 1710930
18 22 869800
18 25 1771280
18 19 1245200
19 17 1184850
19 18 1245200
19 22 483180
20 16 921730
20 25 1590420
20 23 1275570
21 24 864080
21 23 1093530
21 7 1072710
22 18 869800
22 19 483180
23 21 1093530
23 24 1051590
23 16 927200
23 20 1275570
24 21 864080
24 23 1051590
25 20 1590420
25 18 1771280
25 17 1710930
