0 4 1085740
0 2 1707580
1 2 2755530
1 5 2128190
1 3 1983100
2 1 2755530
2 0 1707580
2 4 2533920
3 4 1761490
3 1 1983100
3 5 1755990
4 0 1085740
4 3 1761490
4 2 2533920
4 11 2112810
5 1 2128190
5 3 1755990
5 7 1782890
5 6 1764160
6 8 1183000
6 7 1645970
6 5 1764160
6 11 1970390
6 16 1915120
7 6 1645970
7 21 1663840
7 5 1782890
8 6 1183000
8 10 1462560
8 15 1414500
9 12 1802300
9 10 1588920
10 15 2138300
10 8 1462560
10 11 2249950
10 9 1588920
11 4 2112810
11 6 1970390
11 10 2249950
12 9 1802300
12 14 1900670
12 13 2594360
12 15 2351680
13 12 2594360
13 15 2332920
13 17 2288280
13 16 2389300
14 17 1594590
14 12 1900670
15 10 2138300
15 13 2332920
15 12 2351680
15 8 1414500
16 23 2575320
16 20 1981450
16 6 1915120
16 13 2389300
17 14 1594590
17 13 2288280
17 19 1667360
17 25 2069230
18 22 1215150
18 25 2030410
18 19 1628540
19 17 1667360
19 18 1628540
19 22 920370
20 16 1981450
20 25 1948700
20 23 2353770
21 24 1467260
21 23 2305310
21 7 1663840
22 18 1215150
22 19 920370
23 21 2305310
23 24 2109590
23 16 2575320
23 20 2353770
24 21 1467260
24 23 2109590
25 20 1948700
25 18 2030410
25 17 2069230
