0 4 1294930
0 2 1654830
1 2 2598060
1 5 2182440
1 3 1964770
2 1 2598060
2 0 1654830
2 4 2507300
3 4 1874010
3 1 1964770
3 5 1818290
4 0 1294930
4 3 1874010
4 2 2507300
4 11 2157530
5 1 2182440
5 3 1818290
5 7 2177880
5 6 2033060
6 8 1575040
6 7 2174980
6 5 2033060
6 11 2098910
6 16 2004490
7 6 2174980
7 21 2072210
7 5 2177880
8 6 1575040
8 10 1564150
8 15 1664690
9 12 1385160
9 10 1414510
10 15 2108920
10 8 1564150
10 11 2088020
10 9 1414510
11 4 2157530
11 6 2098910
11 10 2088020
12 9 1385160
12 14 1563150
12 13 1973470
12 15 2079570
13 12 1973470
13 15 2103360
13 17 2075600
13 16 1988040
14 17 1665280
14 12 1563150
15 10 2108920
15 13 2103360
15 12 2079570
15 8 1664690
16 23 2415470
16 20 2111460
16 6 2004490
16 13 1988040
17 14 1665280
17 13 2075600
17 19 1685890
17 25 2736120
18 22 1300130
18 25 2865900
18 19 1815670
19 17 1685890
19 18 1815670
19 22 702300
20 16 2111460
20 25 2781200
20 23 2548110
21 24 1589580
21 23 2338370
21 7 2072210
22 18 1300130
22 19 702300
23 21 2338370
23 24 2103330
23 16 2415470
23 20 2548110
24 21 1589580
24 23 2103330
25 20 2781200
25 18 2865900
25 17 2736120
