0 4 1582980
0 2 2015420
1 2 3267030
1 5 2789510
1 3 2303420
2 1 3267030
2 0 2015420
2 4 3224720
3 4 2261110
3 1 2303420
3 5 2216030
4 0 1582980
4 3 2261110
4 2 3224720
4 11 2808230
5 1 2789510
5 3 2216030
5 7 2506130
5 6 2613410
6 8 1869900
6 7 2417420
6 5 2613410
6 11 2674440
6 16 2477200
7 6 2417420
7 21 2193030
7 5 2506130
8 6 1869900
8 10 2007160
8 15 2140610
9 12 1651260
9 10 1883320
10 15 2932670
10 8 2007160
10 11 2811700
10 9 1883320
11 4 2808230
11 6 2674440
11 10 2811700
12 9 1651260
12 14 1997110
12 13 2510470
12 15 2700610
13 12 2510470
13 15 2875980
13 17 2837450
13 16 2557770
14 17 2324090
14 12 1997110
15 10 2932670
15 13 2875980
15 12 2700610
15 8 2140610
16 23 3137920
16 20 2754000
16 6 2477200
16 13 2557770
17 14 2324090
17 13 2837450
17 19 2656230
17 25 3104540
18 22 1886210
18 25 3264690
18 19 2816380
19 17 2656230
19 18 2816380
19 22 1393230
20 16 2754000
20 25 3149160
20 23 3462220
21 24 2147660
21 23 2961030
21 7 2193030
22 18 1886210
22 19 1393230
23 21 2961030
23 24 3032770
23 16 3137920
23 20 3462220
24 21 2147660
24 23 3032770
25 20 3149160
25 18 3264690
25 17 3104540
