0 4 831280
0 2 928790
1 2 1401070
1 5 1162360
1 3 984040
2 1 1401070
2 0 928790
2 4 1539010
3 4 1121980
3 1 984040
3 5 980780
4 0 831280
4 3 1121980
4 2 1539010
4 11 1477940
5 1 1162360
5 3 980780
5 7 1389150
5 6 1446790
6 8 1457400
6 7 1676840
6 5 1446790
6 11 1624430
6 16 1542130
7 6 1676840
7 21 1360140
7 5 1389150
8 6 1457400
8 10 1379260
8 15 1561270
9 12 1174780
9 10 1100880
10 15 1760210
10 8 1379260
10 11 1546290
10 9 1100880
11 4 1477940
11 6 1624430
11 10 1546290
12 9 1174780
12 14 1209890
12 13 1824160
12 15 1834110
13 12 1824160
13 15 1932270
13 17 1827300
13 16 1636050
14 17 1213030
14 12 1209890
15 10 1760210
15 13 1932270
15 12 1834110
15 8 1561270
16 23 1767920
16 20 1328000
16 6 1542130
16 13 1636050
17 14 1213030
17 13 1827300
17 19 1288940
17 25 1901920
18 22 885140
18 25 1855150
18 19 1242170
19 17 1288940
19 18 1242170
19 22 488570
20 16 1328000
20 25 1688890
20 23 1746140
21 24 1298010
21 23 1643570
21 7 1360140
22 18 885140
22 19 488570
23 21 1643570
23 24 1840500
23 16 1767920
23 20 1746140
24 21 1298010
24 23 1840500
25 20 1688890
25 18 1855150
25 17 1901920
