0 4 1401730
0 2 1608390
1 2 2410890
1 5 2120490
1 3 1828720
2 1 2410890
2 0 1608390
2 4 2484320
3 4 1902150
3 1 1828720
3 5 1818410
4 0 1401730
4 3 1902150
4 2 2484320
4 11 2345380
5 1 2120490
5 3 1818410
5 7 2291990
5 6 2229030
6 8 1495400
6 7 2410840
6 5 2229030
6 11 2380490
6 16 2307440
7 6 2410840
7 21 2483640
7 5 2291990
8 6 1495400
8 10 1261940
8 15 1344880
9 12 1561850
9 10 1320380
10 15 1963900
10 8 1261940
10 11 2147030
10 9 1320380
11 4 2345380
11 6 2380490
11 10 2147030
12 9 1561850
12 14 2121290
12 13 2349310
12 15 2205370
13 12 2349310
13 15 2190780
13 17 2862340
13 16 2300860
14 17 2634320
14 12 2121290
15 10 1963900
15 13 2190780
15 12 2205370
15 8 1344880
16 23 2777400
16 20 1914170
16 6 2307440
16 13 2300860
17 14 2634320
17 13 2862340
17 19 2843890
17 25 2974550
18 22 2229180
18 25 3132620
18 19 3001960
19 17 2843890
19 18 3001960
19 22 1525040
20 16 1914170
20 25 2060240
20 23 2424570
21 24 1943650
21 23 2890640
21 7 2483640
22 18 2229180
22 19 1525040
23 21 2890640
23 24 2340810
23 16 2777400
23 20 2424570
24 21 1943650
24 23 2340810
25 20 2060240
25 18 3132620
25 17 2974550
