0 4 791840
0 2 1274090
1 2 2056300
1 5 1512430
1 3 1453800
2 1 2056300
2 0 1274090
2 4 1888950
3 4 1286450
3 1 1453800
3 5 1224830
4 0 791840
4 3 1286450
4 2 1888950
4 11 1419360
5 1 1512430
5 3 1224830
5 7 1467500
5 6 1261070
6 8 973370
6 7 1445110
6 5 1261070
6 11 1335350
6 16 1208640
7 6 1445110
7 21 1590110
7 5 1467500
8 6 973370
8 10 1059660
8 15 988640
9 12 835630
9 10 935170
10 15 1340240
10 8 1059660
10 11 1421640
10 9 935170
11 4 1419360
11 6 1335350
11 10 1421640
12 9 835630
12 14 1152540
12 13 1168300
12 15 1240700
13 12 1168300
13 15 1196820
13 17 1456620
13 16 1151510
14 17 1440860
14 12 1152540
15 10 1340240
15 13 1196820
15 12 1240700
15 8 988640
16 23 1404120
16 20 1245680
16 6 1208640
16 13 1151510
17 14 1440860
17 13 1456620
17 19 1470150
17 25 1810220
18 22 1111390
18 25 1787850
18 19 1447780
19 17 1470150
19 18 1447780
19 22 815090
20 16 1245680
20 25 1572190
20 23 1471200
21 24 1373630
21 23 1579160
21 7 1590110
22 18 1111390
22 19 815090
23 21 1579160
23 24 1424110
23 16 1404120
23 20 1471200
24 21 1373630
24 23 1424110
25 20 1572190
25 18 1787850
25 17 1810220
