0 4 1439690
0 2 1719380
1 2 2875500
1 5 2530140
1 3 2240460
2 1 2875500
2 0 1719380
2 4 2852970
3 4 2217930
3 1 2240460
3 5 2152260
4 0 1439690
4 3 2217930
4 2 2852970
4 11 2699980
5 1 2530140
5 3 2152260
5 7 2460630
5 6 2431100
6 8 1631680
6 7 2449790
6 5 2431100
6 11 2623470
6 16 2222360
7 6 2449790
7 21 2087600
7 5 2460630
8 6 1631680
8 10 1662880
8 15 1586540
9 12 1530400
9 10 1609010
10 15 2406320
10 8 1662880
10 11 2654670
10 9 1609010
11 4 2699980
11 6 2623470
11 10 2654670
12 9 1530400
12 14 2062550
12 13 2488820
12 15 2327710
13 12 2488820
13 15 2491090
13 17 3000920
13 16 2338330
14 17 2574650
14 12 2062550
15 10 2406320
15 13 2491090
15 12 2327710
15 8 1586540
16 23 2293950
16 20 2078620
16 6 2222360
16 13 2338330
17 14 2574650
17 13 3000920
17 19 2815890
17 25 3466550
18 22 2287690
18 25 3832940
18 19 3182280
19 17 2815890
19 18 3182280
19 22 1387550
20 16 2078620
20 25 2858120
20 23 2348110
21 24 1850500
21 23 2129660
21 7 2087600
22 18 2287690
22 19 1387550
23 21 2129660
23 24 2284280
23 16 2293950
23 20 2348110
24 21 1850500
24 23 2284280
25 20 2858120
25 18 3832940
25 17 3466550
