0 4 1288740
0 2 1238650
1 2 1928380
1 5 1939440
1 3 1532890
2 1 1928380
2 0 1238650
2 4 2129970
3 4 1734480
3 1 1532890
3 5 1695450
4 0 1288740
4 3 1734480
4 2 2129970
4 11 2293570
5 1 1939440
5 3 1695450
5 7 2352990
5 6 2260710
6 8 1760110
6 7 2511700
6 5 2260710
6 11 2413250
6 16 2328870
7 6 2511700
7 21 2470320
7 5 2352990
8 6 1760110
8 10 1634660
8 15 1621170
9 12 1593270
9 10 1350910
10 15 2155030
10 8 1634660
10 11 2287800
10 9 1350910
11 4 2293570
11 6 2413250
11 10 2287800
12 9 1593270
12 14 2590260
12 13 2700480
12 15 2397390
13 12 2700480
13 15 2444630
13 17 3249600
13 16 2493020
14 17 3139380
14 12 2590260
15 10 2155030
15 13 2444630
15 12 2397390
15 8 1621170
16 23 3260180
16 20 2725150
16 6 2328870
16 13 2493020
17 14 3139380
17 13 3249600
17 19 3174380
17 25 4040010
18 22 2372820
18 25 4253160
18 19 3387530
19 17 3174380
19 18 3387530
19 22 1582570
20 16 2725150
20 25 3770260
20 23 3747010
21 24 2625350
21 23 3309350
21 7 2470320
22 18 2372820
22 19 1582570
23 21 3309350
23 24 3598040
23 16 3260180
23 20 3747010
24 21 2625350
24 23 3598040
25 20 3770260
25 18 4253160
25 17 4040010
