0 4 1836570
0 2 1810180
1 2 3519850
1 5 3501550
1 3 3148030
2 1 3519850
2 0 1810180
2 4 3299150
3 4 2927330
3 1 3148030
3 5 2882640
4 0 1836570
4 3 2927330
4 2 3299150
4 11 3365750
5 1 3501550
5 3 2882640
5 7 2911670
5 6 3032200
6 8 2066600
6 7 2707710
6 5 3032200
6 11 3117100
6 16 2780210
7 6 2707710
7 21 2564240
7 5 2911670
8 6 2066600
8 10 2182600
8 15 2240220
9 12 2135400
9 10 2026290
10 15 3117860
10 8 2182600
10 11 3233100
10 9 2026290
11 4 3365750
11 6 3117100
11 10 3233100
12 9 2135400
12 14 2416800
12 13 3367400
12 15 3226970
13 12 3367400
13 15 3315910
13 17 3374470
13 16 3094260
14 17 2423870
14 12 2416800
15 10 3117860
15 13 3315910
15 12 3226970
15 8 2240220
16 23 3583090
16 20 2913610
16 6 2780210
16 13 3094260
17 14 2423870
17 13 3374470
17 19 2950230
17 25 3396180
18 22 1984880
18 25 3487880
18 19 3041930
19 17 2950230
19 18 3041930
19 22 1550810
20 16 2913610
20 25 3297400
20 23 3764520
21 24 2097510
21 23 3487650
21 7 2564240
22 18 1984880
22 19 1550810
23 21 3487650
23 24 3043860
23 16 3583090
23 20 3764520
24 21 2097510
24 23 3043860
25 20 3297400
25 18 3487880
25 17 3396180
