0 4 1634680
0 2 1574400
1 2 2914990
1 5 2923640
1 3 2692790
2 1 2914990
2 0 1574400
2 4 2743000
3 4 2520800
3 1 2692790
3 5 2469170
4 0 1634680
4 3 2520800
4 2 2743000
4 11 2957520
5 1 2923640
5 3 2469170
5 7 2619960
5 6 2442820
6 8 1746340
6 7 2362760
6 5 2442820
6 11 2648690
6 16 1874470
7 6 2362760
7 21 2068050
7 5 2619960
8 6 1746340
8 10 2001050
8 15 2010060
9 12 1914800
9 10 1891500
10 15 2704050
10 8 2001050
10 11 2903400
10 9 1891500
11 4 2957520
11 6 2648690
11 10 2903400
12 9 1914800
12 14 1952030
12 13 2407440
12 15 2727350
13 12 2407440
13 15 2393150
13 17 2237990
13 16 1818280
14 17 1782580
14 12 1952030
15 10 2704050
15 13 2393150
15 12 2727350
15 8 2010060
16 23 1872910
16 20 1351340
16 6 1874470
16 13 1818280
17 14 1782580
17 13 2237990
17 19 1883200
17 25 2057300
18 22 1365780
18 25 1925460
18 19 1751360
19 17 1883200
19 18 1751360
19 22 978080
20 16 1351340
20 25 1425610
20 23 1660930
21 24 1583660
21 23 1889350
21 7 2068050
22 18 1365780
22 19 978080
23 21 1889350
23 24 1876810
23 16 1872910
23 20 1660930
24 21 1583660
24 23 1876810
25 20 1425610
25 18 1925460
25 17 2057300
