0 4 1730350
0 2 1970790
1 2 3463060
1 5 3226860
1 3 2844560
2 1 3463060
2 0 1970790
2 4 3205560
3 4 2587060
3 1 2844560
3 5 2591300
4 0 1730350
4 3 2587060
4 2 3205560
4 11 2975970
5 1 3226860
5 3 2591300
5 7 2839120
5 6 2929630
6 8 1915180
6 7 2795150
6 5 2929630
6 11 2936240
6 16 3008000
7 6 2795150
7 21 2576830
7 5 2839120
8 6 1915180
8 10 1909060
8 15 1858720
9 12 2092790
9 10 1846570
10 15 2823080
10 8 1909060
10 11 2930120
10 9 1846570
11 4 2975970
11 6 2936240
11 10 2930120
12 9 2092790
12 14 2510820
12 13 3039930
12 15 3069300
13 12 3039930
13 15 2743370
13 17 3140620
13 16 2922170
14 17 2611510
14 12 2510820
15 10 2823080
15 13 2743370
15 12 3069300
15 8 1858720
16 23 3728650
16 20 2753180
16 6 3008000
16 13 2922170
17 14 2611510
17 13 3140620
17 19 2967530
17 25 3369840
18 22 2220640
18 25 3591960
18 19 3189650
19 17 2967530
19 18 3189650
19 22 1398810
20 16 2753180
20 25 2774230
20 23 3351490
21 24 2561960
21 23 3387990
21 7 2576830
22 18 2220640
22 19 1398810
23 21 3387990
23 24 3500930
23 16 3728650
23 20 3351490
24 21 2561960
24 23 3500930
25 20 2774230
25 18 3591960
25 17 3369840
