0 4 1075140
0 2 1227610
1 2 2238300
1 5 2112920
1 3 1863470
2 1 2238300
2 0 1227610
2 4 1977870
3 4 1603040
3 1 1863470
3 5 1630130
4 0 1075140
4 3 1603040
4 2 1977870
4 11 1950420
5 1 2112920
5 3 1630130
5 7 2020420
5 6 1841690
6 8 1343980
6 7 1982530
6 5 1841690
6 11 1939620
6 16 1719630
7 6 1982530
7 21 1921750
7 5 2020420
8 6 1343980
8 10 1326940
8 15 1372440
9 12 1198180
9 10 1224030
10 15 1815220
10 8 1326940
10 11 1922580
10 9 1224030
11 4 1950420
11 6 1939620
11 10 1922580
12 9 1198180
12 14 1544410
12 13 1770980
12 15 1789370
13 12 1770980
13 15 1842330
13 17 2225610
13 16 1729700
14 17 1999040
14 12 1544410
15 10 1815220
15 13 1842330
15 12 1789370
15 8 1372440
16 23 1958550
16 20 1961690
16 6 1719630
16 13 1729700
17 14 1999040
17 13 2225610
17 19 2159770
17 25 2637880
18 22 1473630
18 25 2590190
18 19 2112080
19 17 2159770
19 18 2112080
19 22 1053810
20 16 1961690
20 25 2468200
20 23 2284780
21 24 1435210
21 23 1981940
21 7 1921750
22 18 1473630
22 19 1053810
23 21 1981940
23 24 1734910
23 16 1958550
23 20 2284780
24 21 1435210
24 23 1734910
25 20 2468200
25 18 2590190
25 17 2637880
