0 4 599260
0 2 629220
1 2 1227740
1 5 1076150
1 3 1026110
2 1 1227740
2 0 629220
2 4 1184440
3 4 982810
3 1 1026110
3 5 861180
4 0 599260
4 3 982810
4 2 1184440
4 11 1200240
5 1 1076150
5 3 861180
5 7 1250420
5 6 1106780
6 8 921830
6 7 1445980
6 5 1106780
6 11 1274170
6 16 1185970
7 6 1445980
7 21 1282160
7 5 1250420
8 6 921830
8 10 762840
8 15 786270
9 12 651250
9 10 676400
10 15 1007790
10 8 762840
10 11 1115180
10 9 676400
11 4 1200240
11 6 1274170
11 10 1115180
12 9 651250
12 14 809330
12 13 1000610
12 15 982640
13 12 1000610
13 15 1049190
13 17 1124820
13 16 1068380
14 17 933540
14 12 809330
15 10 1007790
15 13 1049190
15 12 982640
15 8 786270
16 23 1334880
16 20 1112700
16 6 1185970
16 13 1068380
17 14 933540
17 13 1124820
17 19 1028180
17 25 1409570
18 22 717770
18 25 1421920
18 19 1040530
19 17 1028180
19 18 1040530
19 22 551120
20 16 1112700
20 25 1396230
20 23 1377980
21 24 956120
21 23 1287430
21 7 1282160
22 18 717770
22 19 551120
23 21 1287430
23 24 1268850
23 16 1334880
23 20 1377980
24 21 956120
24 23 1268850
25 20 1396230
25 18 1421920
25 17 1409570
