0 4 2042330
0 2 2089780
1 2 4205350
1 5 3953600
1 3 3787530
2 1 4205350
2 0 2089780
2 4 3818750
3 4 3400930
3 1 3787530
3 5 3196630
4 0 2042330
4 3 3400930
4 2 3818750
4 11 3873960
5 1 3953600
5 3 3196630
5 7 3592120
5 6 3247050
6 8 2096180
6 7 3476470
6 5 3247050
6 11 3554010
6 16 2669200
7 6 3476470
7 21 3035940
7 5 3592120
8 6 2096180
8 10 2297500
8 15 2229120
9 12 1864960
9 10 2238780
10 15 3465660
10 8 2297500
10 11 3755330
10 9 2238780
11 4 3873960
11 6 3554010
11 10 3755330
12 9 1864960
12 14 2595970
12 13 2704950
12 15 3091840
13 12 2704950
13 15 3010390
13 17 3448150
13 16 2415250
14 17 3339170
14 12 2595970
15 10 3465660
15 13 3010390
15 12 3091840
15 8 2229120
16 23 2397390
16 20 2346400
16 6 2669200
16 13 2415250
17 14 3339170
17 13 3448150
17 19 3774800
17 25 3839190
18 22 2642150
18 25 4166890
18 19 4102500
19 17 3774800
19 18 4102500
19 22 1816450
20 16 2346400
20 25 2945690
20 23 2536790
21 24 1865560
21 23 2419060
21 7 3035940
22 18 2642150
22 19 1816450
23 21 2419060
23 24 2034280
23 16 2397390
23 20 2536790
24 21 1865560
24 23 2034280
25 20 2945690
25 18 4166890
25 17 3839190
