0 4 1142390
0 2 1595320
1 2 2514410
1 5 2132880
1 3 1887460
2 1 2514410
2 0 1595320
2 4 2294790
3 4 1667840
3 1 1887460
3 5 1739240
4 0 1142390
4 3 1667840
4 2 2294790
4 11 1892330
5 1 2132880
5 3 1739240
5 7 1836630
5 6 1825420
6 8 1277770
6 7 1677390
6 5 1825420
6 11 1804490
6 16 1739370
7 6 1677390
7 21 1526000
7 5 1836630
8 6 1277770
8 10 1372770
8 15 1511390
9 12 1324590
9 10 1210400
10 15 1994800
10 8 1372770
10 11 1899490
10 9 1210400
11 4 1892330
11 6 1804490
11 10 1899490
12 9 1324590
12 14 1836540
12 13 2169580
12 15 2108990
13 12 2169580
13 15 2194010
13 17 2530890
13 16 2033580
14 17 2197850
14 12 1836540
15 10 1994800
15 13 2194010
15 12 2108990
15 8 1511390
16 23 2582320
16 20 1987690
16 6 1739370
16 13 2033580
17 14 2197850
17 13 2530890
17 19 2372250
17 25 3011660
18 22 2076090
18 25 3603860
18 19 2964450
19 17 2372250
19 18 2964450
19 22 1048960
20 16 1987690
20 25 2689480
20 23 2757450
21 24 1374050
21 23 2357740
21 7 1526000
22 18 2076090
22 19 1048960
23 21 2357740
23 24 2368390
23 16 2582320
23 20 2757450
24 21 1374050
24 23 2368390
25 20 2689480
25 18 3603860
25 17 3011660
