0 4 1580890
0 2 2056800
1 2 3427210
1 5 2908420
1 3 2650440
2 1 3427210
2 0 2056800
2 4 3248450
3 4 2471680
3 1 2650440
3 5 2428800
4 0 1580890
4 3 2471680
4 2 3248450
4 11 2870760
5 1 2908420
5 3 2428800
5 7 2987200
5 6 2774980
6 8 2317470
6 7 3075400
6 5 2774980
6 11 2916080
6 16 2526450
7 6 3075400
7 21 2691860
7 5 2987200
8 6 2317470
8 10 2242900
8 15 2250410
9 12 1870800
9 10 2003050
10 15 2721550
10 8 2242900
10 11 2841510
10 9 2003050
11 4 2870760
11 6 2916080
11 10 2841510
12 9 1870800
12 14 2195900
12 13 2509960
12 15 2589300
13 12 2509960
13 15 2649720
13 17 3114820
13 16 2380050
14 17 2800760
14 12 2195900
15 10 2721550
15 13 2649720
15 12 2589300
15 8 2250410
16 23 2990740
16 20 2481940
16 6 2526450
16 13 2380050
17 14 2800760
17 13 3114820
17 19 2761390
17 25 4200140
18 22 1891720
18 25 4086960
18 19 2648210
19 17 2761390
19 18 2648210
19 22 1107030
20 16 2481940
20 25 3757590
20 23 3282960
21 24 2015820
21 23 2943930
21 7 2691860
22 18 1891720
22 19 1107030
23 21 2943930
23 24 2863650
23 16 2990740
23 20 3282960
24 21 2015820
24 23 2863650
25 20 3757590
25 18 4086960
25 17 4200140
