0 4 840410
0 2 1410380
1 2 2228010
1 5 1701760
1 3 1540400
2 1 2228010
2 0 1410380
2 4 2027230
3 4 1339620
3 1 1540400
3 5 1383340
4 0 840410
4 3 1339620
4 2 2027230
4 11 1519390
5 1 1701760
5 3 1383340
5 7 1392720
5 6 1515970
6 8 1145130
6 7 1363990
6 5 1515970
6 11 1534380
6 16 1293670
7 6 1363990
7 21 1152250
7 5 1392720
8 6 1145130
8 10 1141530
8 15 1058510
9 12 696830
9 10 998830
10 15 1397020
10 8 1141530
10 11 1530780
10 9 998830
11 4 1519390
11 6 1534380
11 10 1530780
12 9 696830
12 14 802930
12 13 1166920
12 15 1095020
13 12 1166920
13 15 1385900
13 17 1702370
13 16 1278950
14 17 1338380
14 12 802930
15 10 1397020
15 13 1385900
15 12 1095020
15 8 1058510
16 23 1781970
16 20 1555270
16 6 1293670
16 13 1278950
17 14 1338380
17 13 1702370
17 19 1830090
17 25 2076850
18 22 1158020
18 25 2085530
18 19 1838770
19 17 1830090
19 18 1838770
19 22 1032490
20 16 1555270
20 25 2108600
20 23 2237140
21 24 1223450
21 23 1763800
21 7 1152250
22 18 1158020
22 19 1032490
23 21 1763800
23 24 1923490
23 16 1781970
23 20 2237140
24 21 1223450
24 23 1923490
25 20 2108600
25 18 2085530
25 17 2076850
