0 4 809730
0 2 1093880
1 2 1841250
1 5 1512950
1 3 1388060
2 1 1841250
2 0 1093880
2 4 1769730
3 4 1316540
3 1 1388060
3 5 1272390
4 0 809730
4 3 1316540
4 2 1769730
4 11 1561610
5 1 1512950
5 3 1272390
5 7 1433910
5 6 1380340
6 8 1016280
6 7 1416970
6 5 1380340
6 11 1500520
6 16 1468640
7 6 1416970
7 21 1269740
7 5 1433910
8 6 1016280
8 10 1012240
8 15 1100150
9 12 1094700
9 10 909970
10 15 1443230
10 8 1012240
10 11 1496480
10 9 909970
11 4 1561610
11 6 1500520
11 10 1496480
12 9 1094700
12 14 1163760
12 13 1705220
12 15 1627960
13 12 1705220
13 15 1608400
13 17 1530300
13 16 1629770
14 17 988840
14 12 1163760
15 10 1443230
15 13 1608400
15 12 1627960
15 8 1100150
16 23 1737570
16 20 1218770
16 6 1468640
16 13 1629770
17 14 988840
17 13 1530300
17 19 1102310
17 25 1335420
18 22 873340
18 25 1417620
18 19 1184510
19 17 1102310
19 18 1184510
19 22 518510
20 16 1218770
20 25 1079780
20 23 1382460
21 24 1075400
21 23 1485100
21 7 1269740
22 18 873340
22 19 518510
23 21 1485100
23 24 1491560
23 16 1737570
23 20 1382460
24 21 1075400
24 23 1491560
25 20 1079780
25 18 1417620
25 17 1335420
