0 4 1309860
0 2 2272840
1 2 3767240
1 5 2744710
1 3 2579640
2 1 3767240
2 0 2272840
2 4 3421360
3 4 2233760
3 1 2579640
3 5 2174210
4 0 1309860
4 3 2233760
4 2 3421360
4 11 2534080
5 1 2744710
5 3 2174210
5 7 2494630
5 6 2485490
6 8 1797190
6 7 2640840
6 5 2485490
6 11 2620740
6 16 2641820
7 6 2640840
7 21 2493450
7 5 2494630
8 6 1797190
8 10 1808200
8 15 1992700
9 12 2064630
9 10 1869550
10 15 2838220
10 8 1808200
10 11 2631750
10 9 1869550
11 4 2534080
11 6 2620740
11 10 2631750
12 9 2064630
12 14 2512130
12 13 2990980
12 15 3033300
13 12 2990980
13 15 2980400
13 17 3224800
13 16 2795010
14 17 2745950
14 12 2512130
15 10 2838220
15 13 2980400
15 12 3033300
15 8 1992700
16 23 3253530
16 20 2669360
16 6 2641820
16 13 2795010
17 14 2745950
17 13 3224800
17 19 3008860
17 25 3614380
18 22 2122040
18 25 3827990
18 19 3222470
19 17 3008860
19 18 3222470
19 22 1405770
20 16 2669360
20 25 3202010
20 23 3270950
21 24 2113230
21 23 3096020
21 7 2493450
22 18 2122040
22 19 1405770
23 21 3096020
23 24 2872330
23 16 3253530
23 20 3270950
24 21 2113230
24 23 2872330
25 20 3202010
25 18 3827990
25 17 3614380
