0 4 1760120
0 2 2463570
1 2 3814040
1 5 3050890
1 3 2710330
2 1 3814040
2 0 2463570
2 4 3774210
3 4 2670500
3 1 2710330
3 5 2610800
4 0 1760120
4 3 2670500
4 2 3774210
4 11 3226820
5 1 3050890
5 3 2610800
5 7 3013250
5 6 2975010
6 8 2168030
6 7 3036900
6 5 2975010
6 11 3190770
6 16 2975120
7 6 3036900
7 21 2661110
7 5 3013250
8 6 2168030
8 10 2197140
8 15 2167360
9 12 1878190
9 10 2104270
10 15 3027100
10 8 2197140
10 11 3219880
10 9 2104270
11 4 3226820
11 6 3190770
11 10 3219880
12 9 1878190
12 14 2196850
12 13 2496270
12 15 2801020
13 12 2496270
13 15 2692570
13 17 2505520
13 16 2669700
14 17 2206100
14 12 2196850
15 10 3027100
15 13 2692570
15 12 2801020
15 8 2167360
16 23 3315550
16 20 2412200
16 6 2975120
16 13 2669700
17 14 2206100
17 13 2505520
17 19 2399480
17 25 2806100
18 22 2257140
18 25 3393150
18 19 2986530
19 17 2399480
19 18 2986530
19 22 1446350
20 16 2412200
20 25 2430900
20 23 2776170
21 24 2039850
21 23 2963300
21 7 2661110
22 18 2257140
22 19 1446350
23 21 2963300
23 24 2756070
23 16 3315550
23 20 2776170
24 21 2039850
24 23 2756070
25 20 2430900
25 18 3393150
25 17 2806100
