0 4 1266590
0 2 1793440
1 2 3188080
1 5 2496060
1 3 2422450
2 1 3188080
2 0 1793440
2 4 2793770
3 4 2028140
3 1 2422450
3 5 1862970
4 0 1266590
4 3 2028140
4 2 2793770
4 11 2282270
5 1 2496060
5 3 1862970
5 7 1925120
5 6 2064780
6 8 1596730
6 7 2053320
6 5 2064780
6 11 2245300
6 16 2087700
7 6 2053320
7 21 1863820
7 5 1925120
8 6 1596730
8 10 1573950
8 15 1525300
9 12 1458020
9 10 1343890
10 15 2098770
10 8 1573950
10 11 2222520
10 9 1343890
11 4 2282270
11 6 2245300
11 10 2222520
12 9 1458020
12 14 1743120
12 13 2344490
12 15 2212900
13 12 2344490
13 15 2181710
13 17 2271310
13 16 2147860
14 17 1669940
14 12 1743120
15 10 2098770
15 13 2181710
15 12 2212900
15 8 1525300
16 23 2629160
16 20 2017970
16 6 2087700
16 13 2147860
17 14 1669940
17 13 2271310
17 19 2004610
17 25 2330860
18 22 1837480
18 25 2867270
18 19 2541020
19 17 2004610
19 18 2541020
19 22 1076360
20 16 2017970
20 25 2242960
20 23 2664710
21 24 1717530
21 23 2544940
21 7 1863820
22 18 1837480
22 19 1076360
23 21 2544940
23 24 2448490
23 16 2629160
23 20 2664710
24 21 1717530
24 23 2448490
25 20 2242960
25 18 2867270
25 17 2330860
