0 4 1599890
0 2 1575290
1 2 2937970
1 5 2798060
1 3 2474370
2 1 2937970
2 0 1575290
2 4 2947180
3 4 2483580
3 1 2474370
3 5 2319070
4 0 1599890
4 3 2483580
4 2 2947180
4 11 3024850
5 1 2798060
5 3 2319070
5 7 2769830
5 6 2967440
6 8 2463060
6 7 3094510
6 5 2967440
6 11 3185020
6 16 2935840
7 6 3094510
7 21 2558040
7 5 2769830
8 6 2463060
8 10 2324440
8 15 2409330
9 12 2334480
9 10 2108280
10 15 3099770
10 8 2324440
10 11 3046400
10 9 2108280
11 4 3024850
11 6 3185020
11 10 3046400
12 9 2334480
12 14 2954650
12 13 3358450
12 15 3325970
13 12 3358450
13 15 3217140
13 17 3794550
13 16 2914590
14 17 3390750
14 12 2954650
15 10 3099770
15 13 3217140
15 12 3325970
15 8 2409330
16 23 2892750
16 20 2759320
16 6 2935840
16 13 2914590
17 14 3390750
17 13 3794550
17 19 3761330
17 25 3962610
18 22 2796960
18 25 4282130
18 19 4080850
19 17 3761330
19 18 4080850
19 22 1899290
20 16 2759320
20 25 3262410
20 23 3072510
21 24 2452480
21 23 2712560
21 7 2558040
22 18 2796960
22 19 1899290
23 21 2712560
23 24 2945860
23 16 2892750
23 20 3072510
24 21 2452480
24 23 2945860
25 20 3262410
25 18 4282130
25 17 3962610
