0 4 2016660
0 2 2727850
1 2 4032730
1 5 3028110
1 3 2898840
2 1 4032730
2 0 2727850
2 4 3947590
3 4 2813700
3 1 2898840
3 5 2520270
4 0 2016660
4 3 2813700
4 2 3947590
4 11 3250150
5 1 3028110
5 3 2520270
5 7 3367470
5 6 3032910
6 8 2617480
6 7 3750840
6 5 3032910
6 11 3340090
6 16 3211350
7 6 3750840
7 21 3048950
7 5 3367470
8 6 2617480
8 10 2257710
8 15 2394020
9 12 1652120
9 10 1954670
10 15 2833050
10 8 2257710
10 11 2980320
10 9 1954670
11 4 3250150
11 6 3340090
11 10 2980320
12 9 1652120
12 14 1749640
12 13 2269670
12 15 2530500
13 12 2269670
13 15 2708530
13 17 2567160
13 16 2727060
14 17 2047130
14 12 1749640
15 10 2833050
15 13 2708530
15 12 2530500
15 8 2394020
16 23 3400240
16 20 2583310
16 6 3211350
16 13 2727060
17 14 2047130
17 13 2567160
17 19 2547400
17 25 2764510
18 22 2010240
18 25 3232420
18 19 3015310
19 17 2547400
19 18 3015310
19 22 1403110
20 16 2583310
20 25 2501300
20 23 2977130
21 24 2014180
21 23 2903280
21 7 3048950
22 18 2010240
22 19 1403110
23 21 2903280
23 24 2904960
23 16 3400240
23 20 2977130
24 21 2014180
24 23 2904960
25 20 2501300
25 18 3232420
25 17 2764510
