0 4 1143960
0 2 1199810
1 2 2270560
1 5 2252870
1 3 2016770
2 1 2270560
2 0 1199810
2 4 2111350
3 4 1857560
3 1 2016770
3 5 1895720
4 0 1143960
4 3 1857560
4 2 2111350
4 11 2050030
5 1 2252870
5 3 1895720
5 7 2169930
5 6 2160850
6 8 1694760
6 7 2198960
6 5 2160850
6 11 2117220
6 16 2156290
7 6 2198960
7 21 1802990
7 5 2169930
8 6 1694760
8 10 1549020
8 15 1713270
9 12 1550810
9 10 1299080
10 15 2062650
10 8 1549020
10 11 1971480
10 9 1299080
11 4 2050030
11 6 2117220
11 10 1971480
12 9 1550810
12 14 1622350
12 13 2375040
12 15 2314380
13 12 2375040
13 15 2287560
13 17 2165820
13 16 2235460
14 17 1413130
14 12 1622350
15 10 2062650
15 13 2287560
15 12 2314380
15 8 1713270
16 23 2345770
16 20 1964870
16 6 2156290
16 13 2235460
17 14 1413130
17 13 2165820
17 19 1605610
17 25 2121030
18 22 1109750
18 25 2080570
18 19 1565150
19 17 1605610
19 18 1565150
19 22 772400
20 16 1964870
20 25 2032840
20 23 2187940
21 24 1523740
21 23 1983390
21 7 1802990
22 18 1109750
22 19 772400
23 21 1983390
23 24 2109190
23 16 2345770
23 20 2187940
24 21 1523740
24 23 2109190
25 20 2032840
25 18 2080570
25 17 2121030
