0 4 1667340
0 2 1805220
1 2 3431730
1 5 3329410
1 3 3227830
2 1 3431730
2 0 1805220
2 4 2829320
3 4 2625420
3 1 3227830
3 5 2660980
4 0 1667340
4 3 2625420
4 2 2829320
4 11 2763830
5 1 3329410
5 3 2660980
5 7 2966320
5 6 2851740
6 8 2169970
6 7 3055500
6 5 2851740
6 11 2888570
6 16 2367880
7 6 3055500
7 21 2323460
7 5 2966320
8 6 2169970
8 10 2165100
8 15 2150020
9 12 2431910
9 10 2087820
10 15 2916100
10 8 2165100
10 11 2883700
10 9 2087820
11 4 2763830
11 6 2888570
11 10 2883700
12 9 2431910
12 14 3150100
12 13 2835030
12 15 3260190
13 12 2835030
13 15 2475860
13 17 2874590
13 16 1922770
14 17 3189660
14 12 3150100
15 10 2916100
15 13 2475860
15 12 3260190
15 8 2150020
16 23 2112330
16 20 2014090
16 6 2367880
16 13 1922770
17 14 3189660
17 13 2874590
17 19 2875680
17 25 3909050
18 22 2208000
18 25 4229100
18 19 3195730
19 17 2875680
19 18 3195730
19 22 1065150
20 16 2014090
20 25 3176480
20 23 2331580
21 24 1578850
21 23 1953330
21 7 2323460
22 18 2208000
22 19 1065150
23 21 1953330
23 24 2055340
23 16 2112330
23 20 2331580
24 21 1578850
24 23 2055340
25 20 3176480
25 18 4229100
25 17 3909050
