0 4 1752750
0 2 2065230
1 2 3423340
1 5 3273800
1 3 2667430
2 1 3423340
2 0 2065230
2 4 3463300
3 4 2707390
3 1 2667430
3 5 2870330
4 0 1752750
4 3 2707390
4 2 3463300
4 11 3268680
5 1 3273800
5 3 2870330
5 7 3546340
5 6 3473890
6 8 2545190
6 7 3543530
6 5 3473890
6 11 3428810
6 16 2940160
7 6 3543530
7 21 3013710
7 5 3546340
8 6 2545190
8 10 2549950
8 15 2511070
9 12 2331080
9 10 2419430
10 15 3441720
10 8 2549950
10 11 3433570
10 9 2419430
11 4 3268680
11 6 3428810
11 10 3433570
12 9 2331080
12 14 2304920
12 13 2670570
12 15 3353370
13 12 2670570
13 15 2720040
13 17 2316460
13 16 2223240
14 17 1950810
14 12 2304920
15 10 3441720
15 13 2720040
15 12 3353370
15 8 2511070
16 23 2882440
16 20 2368820
16 6 2940160
16 13 2223240
17 14 1950810
17 13 2316460
17 19 2407540
17 25 2882440
18 22 2160410
18 25 3505720
18 19 3030820
19 17 2407540
19 18 3030820
19 22 1348990
20 16 2368820
20 25 2748800
20 23 2842020
21 24 2080790
21 23 2883540
21 7 3013710
22 18 2160410
22 19 1348990
23 21 2883540
23 24 2552890
23 16 2882440
23 20 2842020
24 21 2080790
24 23 2552890
25 20 2748800
25 18 3505720
25 17 2882440
