0 4 1831720
0 2 1577660
1 2 3396430
1 5 3663870
1 3 3213370
2 1 3396430
2 0 1577660
2 4 3202320
3 4 3019260
3 1 3213370
3 5 3032640
4 0 1831720
4 3 3019260
4 2 3202320
4 11 3495960
5 1 3663870
5 3 3032640
5 7 5110930
5 6 3947340
6 8 3356530
6 7 5575130
6 5 3947340
6 11 3973540
6 16 4244980
7 6 5575130
7 21 5175830
7 5 5110930
8 6 3356530
8 10 2865940
8 15 3349610
9 12 3216250
9 10 2450960
10 15 3914030
10 8 2865940
10 11 3482950
10 9 2450960
11 4 3495960
11 6 3973540
11 10 3482950
12 9 3216250
12 14 3690650
12 13 4684310
12 15 4679320
13 12 4684310
13 15 4402690
13 17 4372280
13 16 4243050
14 17 3378620
14 12 3690650
15 10 3914030
15 13 4402690
15 12 4679320
15 8 3349610
16 23 4795880
16 20 3638610
16 6 4244980
16 13 4243050
17 14 3378620
17 13 4372280
17 19 3509200
17 25 4513580
18 22 2486090
18 25 4651350
18 19 3646970
19 17 3509200
19 18 3646970
19 22 1520640
20 16 3638610
20 25 3944540
20 23 4356070
21 24 3251810
21 23 4563140
21 7 5175830
22 18 2486090
22 19 1520640
23 21 4563140
23 24 4202010
23 16 4795880
23 20 4356070
24 21 3251810
24 23 4202010
25 20 3944540
25 18 4651350
25 17 4513580
