0 4 1689390
0 2 1843750
1 2 3121850
1 5 2916710
1 3 2465580
2 1 3121850
2 0 1843750
2 4 3137520
3 4 2481250
3 1 2465580
3 5 2430470
4 0 1689390
4 3 2481250
4 2 3137520
4 11 3000060
5 1 2916710
5 3 2430470
5 7 2764040
5 6 2697620
6 8 1747760
6 7 2580060
6 5 2697620
6 11 2765300
6 16 2311840
7 6 2580060
7 21 2180270
7 5 2764040
8 6 1747760
8 10 2054160
8 15 1805520
9 12 1845070
9 10 1995060
10 15 2877800
10 8 2054160
10 11 3071700
10 9 1995060
11 4 3000060
11 6 2765300
11 10 3071700
12 9 1845070
12 14 2265770
12 13 2565570
12 15 2727810
13 12 2565570
13 15 2466920
13 17 2688860
13 16 2207360
14 17 2389060
14 12 2265770
15 10 2877800
15 13 2466920
15 12 2727810
15 8 1805520
16 23 2408170
16 20 1827050
16 6 2311840
16 13 2207360
17 14 2389060
17 13 2688860
17 19 2694360
17 25 2956400
18 22 2115450
18 25 3517060
18 19 3255020
19 17 2694360
19 18 3255020
19 22 1176110
20 16 1827050
20 25 2191910
20 23 2125180
21 24 1427000
21 23 2210180
21 7 2180270
22 18 2115450
22 19 1176110
23 21 2210180
23 24 1923120
23 16 2408170
23 20 2125180
24 21 1427000
24 23 1923120
25 20 2191910
25 18 3517060
25 17 2956400
