0 4 1331390
0 2 1816140
1 2 3314860
1 5 3075080
1 3 2645310
2 1 3314860
2 0 1816140
2 4 2793110
3 4 2123560
3 1 2645310
3 5 2368530
4 0 1331390
4 3 2123560
4 2 2793110
4 11 2375160
5 1 3075080
5 3 2368530
5 7 3420920
5 6 3059730
6 8 2462490
6 7 3682350
6 5 3059730
6 11 2881560
6 16 2889390
7 6 3682350
7 21 3189360
7 5 3420920
8 6 2462490
8 10 2031260
8 15 2492000
9 12 2351860
9 10 1752590
10 15 2919440
10 8 2031260
10 11 2450330
10 9 1752590
11 4 2375160
11 6 2881560
11 10 2450330
12 9 2351860
12 14 2972000
12 13 3279400
12 15 3518710
13 12 3279400
13 15 3140870
13 17 2989210
13 16 2679590
14 17 2681810
14 12 2972000
15 10 2919440
15 13 3140870
15 12 3518710
15 8 2492000
16 23 3065650
16 20 1809830
16 6 2889390
16 13 2679590
17 14 2681810
17 13 2989210
17 19 2579100
17 25 2867880
18 22 2051540
18 25 3138590
18 19 2849810
19 17 2579100
19 18 2849810
19 22 1283070
20 16 1809830
20 25 1910470
20 23 2417860
21 24 2460330
21 23 3004430
21 7 3189360
22 18 2051540
22 19 1283070
23 21 3004430
23 24 3129580
23 16 3065650
23 20 2417860
24 21 2460330
24 23 3129580
25 20 1910470
25 18 3138590
25 17 2867880
