0 4 1149130
0 2 1404350
1 2 2096860
1 5 1752630
1 3 1447450
2 1 2096860
2 0 1404350
2 4 2191720
3 4 1542310
3 1 1447450
3 5 1453300
4 0 1149130
4 3 1542310
4 2 2191720
4 11 1994840
5 1 1752630
5 3 1453300
5 7 2260300
5 6 1925650
6 8 1784080
6 7 2427470
6 5 1925650
6 11 2073000
6 16 1855570
7 6 2427470
7 21 2351340
7 5 2260300
8 6 1784080
8 10 1765390
8 15 1762100
9 12 1345010
9 10 1337790
10 15 2052150
10 8 1765390
10 11 2054310
10 9 1337790
11 4 1994840
11 6 2073000
11 10 2054310
12 9 1345010
12 14 1633420
12 13 1957190
12 15 2059370
13 12 1957190
13 15 1946680
13 17 2083810
13 16 1731410
14 17 1760040
14 12 1633420
15 10 2052150
15 13 1946680
15 12 2059370
15 8 1762100
16 23 2043030
16 20 1572440
16 6 1855570
16 13 1731410
17 14 1760040
17 13 2083810
17 19 1921270
17 25 2236430
18 22 1204500
18 25 2224820
18 19 1909660
19 17 1921270
19 18 1909660
19 22 814260
20 16 1572440
20 25 1838150
20 23 1997150
21 24 1916390
21 23 2204150
21 7 2351340
22 18 1204500
22 19 814260
23 21 2204150
23 24 2179980
23 16 2043030
23 20 1997150
24 21 1916390
24 23 2179980
25 20 1838150
25 18 2224820
25 17 2236430
