0 4 1415960
0 2 2140320
1 2 3663220
1 5 3106050
1 3 2651130
2 1 3663220
2 0 2140320
2 4 3396020
3 4 2383930
3 1 2651130
3 5 2551120
4 0 1415960
4 3 2383930
4 2 3396020
4 11 2730940
5 1 3106050
5 3 2551120
5 7 2883660
5 6 3167470
6 8 2756250
6 7 3045090
6 5 3167470
6 11 3059560
6 16 3049360
7 6 3045090
7 21 2343330
7 5 2883660
8 6 2756250
8 10 2494380
8 15 3006850
9 12 2308530
9 10 1927840
10 15 3317630
10 8 2494380
10 11 2797690
10 9 1927840
11 4 2730940
11 6 3059560
11 10 2797690
12 9 2308530
12 14 2520840
12 13 3511570
12 15 3698320
13 12 3511570
13 15 3643350
13 17 3399910
13 16 3113210
14 17 2409180
14 12 2520840
15 10 3317630
15 13 3643350
15 12 3698320
15 8 3006850
16 23 3351090
16 20 2729370
16 6 3049360
16 13 3113210
17 14 2409180
17 13 3399910
17 19 2625170
17 25 3264140
18 22 1228050
18 25 2646180
18 19 2007210
19 17 2625170
19 18 2007210
19 22 1127960
20 16 2729370
20 25 2936990
20 23 3310640
21 24 1983420
21 23 2928870
21 7 2343330
22 18 1228050
22 19 1127960
23 21 2928870
23 24 2986910
23 16 3351090
23 20 3310640
24 21 1983420
24 23 2986910
25 20 2936990
25 18 2646180
25 17 3264140
