0 4 1525950
0 2 1847230
1 2 3074980
1 5 2796020
1 3 2259570
2 1 3074980
2 0 1847230
2 4 3084580
3 4 2269170
3 1 2259570
3 5 2311490
4 0 1525950
4 3 2269170
4 2 3084580
4 11 2793390
5 1 2796020
5 3 2311490
5 7 3278590
5 6 3072570
6 8 2543410
6 7 3503220
6 5 3072570
6 11 3060340
6 16 2707870
7 6 3503220
7 21 3121740
7 5 3278590
8 6 2543410
8 10 2315000
8 15 2384160
9 12 1947330
9 10 1954990
10 15 2909540
10 8 2315000
10 11 2831930
10 9 1954990
11 4 2793390
11 6 3060340
11 10 2831930
12 9 1947330
12 14 2337150
12 13 2910340
12 15 2901880
13 12 2910340
13 15 2987160
13 17 3233220
13 16 2557080
14 17 2660030
14 12 2337150
15 10 2909540
15 13 2987160
15 12 2901880
15 8 2384160
16 23 2825700
16 20 2546410
16 6 2707870
16 13 2557080
17 14 2660030
17 13 3233220
17 19 2963020
17 25 3906020
18 22 2360040
18 25 4391050
18 19 3448050
19 17 2963020
19 18 3448050
19 22 1367210
20 16 2546410
20 25 3657750
20 23 3253570
21 24 2622380
21 23 3033550
21 7 3121740
22 18 2360040
22 19 1367210
23 21 3033550
23 24 3121690
23 16 2825700
23 20 3253570
24 21 2622380
24 23 3121690
25 20 3657750
25 18 4391050
25 17 3906020
