0 4 2460230
0 2 3082070
1 2 5150110
1 5 4646190
1 3 3847800
2 1 5150110
2 0 3082070
2 4 5072140
3 4 3769830
3 1 3847800
3 5 3887750
4 0 2460230
4 3 3769830
4 2 5072140
4 11 4426000
5 1 4646190
5 3 3887750
5 7 4441140
5 6 4138930
6 8 2436550
6 7 3893930
6 5 4138930
6 11 3996710
6 16 3297140
7 6 3893930
7 21 3228350
7 5 4441140
8 6 2436550
8 10 2603010
8 15 2615180
9 12 2137830
9 10 2619130
10 15 3936810
10 8 2603010
10 11 4163170
10 9 2619130
11 4 4426000
11 6 3996710
11 10 4163170
12 9 2137830
12 14 2308860
12 13 3005380
12 15 3455510
13 12 3005380
13 15 3498850
13 17 3220360
13 16 3025640
14 17 2523840
14 12 2308860
15 10 3936810
15 13 3498850
15 12 3455510
15 8 2615180
16 23 3538550
16 20 2570680
16 6 3297140
16 13 3025640
17 14 2523840
17 13 3220360
17 19 3025410
17 25 3439670
18 22 2494630
18 25 4153140
18 19 3738880
19 17 3025410
19 18 3738880
19 22 1414570
20 16 2570680
20 25 2813070
20 23 3106670
21 24 2042990
21 23 3167550
21 7 3228350
22 18 2494630
22 19 1414570
23 21 3167550
23 24 2949980
23 16 3538550
23 20 3106670
24 21 2042990
24 23 2949980
25 20 2813070
25 18 4153140
25 17 3439670
