0 4 1658870
0 2 1823330
1 2 3125880
1 5 2811260
1 3 2428120
2 1 3125880
2 0 1823330
2 4 3179300
3 4 2481540
3 1 2428120
3 5 2331380
4 0 1658870
4 3 2481540
4 2 3179300
4 11 2969800
5 1 2811260
5 3 2331380
5 7 2672240
5 6 2479740
6 8 1670730
6 7 2437460
6 5 2479740
6 11 2584860
6 16 2513040
7 6 2437460
7 21 2093260
7 5 2672240
8 6 1670730
8 10 1933970
8 15 1894570
9 12 1794890
9 10 1925320
10 15 2732040
10 8 1933970
10 11 2848100
10 9 1925320
11 4 2969800
11 6 2584860
11 10 2848100
12 9 1794890
12 14 2155950
12 13 2612150
12 15 2601610
13 12 2612150
13 15 2703180
13 17 2804360
13 16 2747420
14 17 2348160
14 12 2155950
15 10 2732040
15 13 2703180
15 12 2601610
15 8 1894570
16 23 3227890
16 20 2535290
16 6 2513040
16 13 2747420
17 14 2348160
17 13 2804360
17 19 2272960
17 25 3153930
18 22 1993270
18 25 3626690
18 19 2745720
19 17 2272960
19 18 2745720
19 22 898470
20 16 2535290
20 25 2851160
20 23 2982060
21 24 1912970
21 23 2615610
21 7 2093260
22 18 1993270
22 19 898470
23 21 2615610
23 24 2972020
23 16 3227890
23 20 2982060
24 21 1912970
24 23 2972020
25 20 2851160
25 18 3626690
25 17 3153930
