0 4 476710
0 2 199080
1 2 2476740
1 5 4562430
1 3 350820
2 1 2476740
2 0 199080
2 4 3094410
3 4 487410
3 1 350820
3 5 251000
4 0 476710
4 3 487410
4 2 3094410
4 11 4405350
5 1 4562430
5 3 251000
5 7 1892420
5 6 3022620
6 8 843630
6 7 891700
6 5 3022620
6 11 411880
6 16 2967390
7 6 891700
7 21 3302980
7 5 1892420
8 6 843630
8 10 428250
8 15 647190
9 12 496590
9 10 257590
10 15 4169200
10 8 428250
10 11 4252230
10 9 257590
11 4 4405350
11 6 411880
11 10 4252230
12 9 496590
12 14 1865740
12 13 948390
12 15 1336880
13 12 948390
13 15 3770090
13 17 3587350
13 16 1800820
14 17 1837670
14 12 1865740
15 10 4169200
15 13 3770090
15 12 1336880
15 8 647190
16 23 2599280
16 20 2114490
16 6 2967390
16 13 1800820
17 14 1837670
17 13 3587350
17 19 605450
17 25 4107820
18 22 393900
18 25 5944580
18 19 213850
19 17 605450
19 18 213850
19 22 363180
20 16 2114490
20 25 4924450
20 23 3096910
21 24 1712550
21 23 1821780
21 7 3302980
22 18 393900
22 19 363180
23 21 1821780
23 24 1749170
23 16 2599280
23 20 3096910
24 21 1712550
24 23 1749170
25 20 4924450
25 18 5944580
25 17 4107820
