0 4 535300
0 2 123620
1 2 2907380
1 5 3635890
1 3 1009910
2 1 2907380
2 0 123620
2 4 2495610
3 4 1091910
3 1 1009910
3 5 160310
4 0 535300
4 3 1091910
4 2 2495610
4 11 4248440
5 1 3635890
5 3 160310
5 7 1917600
5 6 2378710
6 8 897740
6 7 1387720
6 5 2378710
6 11 595550
6 16 2142330
7 6 1387720
7 21 3162740
7 5 1917600
8 6 897740
8 10 207500
8 15 977570
9 12 311310
9 10 168200
10 15 3960900
10 8 207500
10 11 4085610
10 9 168200
11 4 4248440
11 6 595550
11 10 4085610
12 9 311310
12 14 945520
12 13 644710
12 15 2036620
13 12 644710
13 15 3185390
13 17 3360950
13 16 1690360
14 17 1142440
14 12 945520
15 10 3960900
15 13 3185390
15 12 2036620
15 8 977570
16 23 2656210
16 20 1335000
16 6 2142330
16 13 1690360
17 14 1142440
17 13 3360950
17 19 756340
17 25 2846890
18 22 217890
18 25 5656500
18 19 414910
19 17 756340
19 18 414910
19 22 506270
20 16 1335000
20 25 4144120
20 23 2952660
21 24 1500850
21 23 1879340
21 7 3162740
22 18 217890
22 19 506270
23 21 1879340
23 24 1688420
23 16 2656210
23 20 2952660
24 21 1500850
24 23 1688420
25 20 4144120
25 18 5656500
25 17 2846890
