0 4 257650
0 2 92950
1 2 1842320
1 5 3348920
1 3 366080
2 1 1842320
2 0 92950
2 4 2735060
3 4 428120
3 1 366080
3 5 261010
4 0 257650
4 3 428120
4 2 2735060
4 11 3544140
5 1 3348920
5 3 261010
5 7 1007820
5 6 2812220
6 8 448140
6 7 721170
6 5 2812220
6 11 349350
6 16 2713410
7 6 721170
7 21 2090700
7 5 1007820
8 6 448140
8 10 249240
8 15 437770
9 12 222620
9 10 261070
10 15 2846420
10 8 249240
10 11 3179350
10 9 261070
11 4 3544140
11 6 349350
11 10 3179350
12 9 222620
12 14 1291250
12 13 508190
12 15 635550
13 12 508190
13 15 2583650
13 17 2390230
13 16 1142940
14 17 1431140
14 12 1291250
15 10 2846420
15 13 2583650
15 12 635550
15 8 437770
16 23 2331570
16 20 1473040
16 6 2713410
16 13 1142940
17 14 1431140
17 13 2390230
17 19 494510
17 25 2970030
18 22 350830
18 25 4323010
18 19 491060
19 17 494510
19 18 491060
19 22 332630
20 16 1473040
20 25 3516160
20 23 2283440
21 24 1104770
21 23 1049560
21 7 2090700
22 18 350830
22 19 332630
23 21 1049560
23 24 1460080
23 16 2331570
23 20 2283440
24 21 1104770
24 23 1460080
25 20 3516160
25 18 4323010
25 17 2970030
