0 4 103410
0 2 38540
1 2 963280
1 5 1282880
1 3 112970
2 1 963280
2 0 38540
2 4 905630
3 4 141370
3 1 112970
3 5 56900
4 0 103410
4 3 141370
4 2 905630
4 11 1237080
5 1 1282880
5 3 56900
5 7 866980
5 6 455580
6 8 628710
6 7 705990
6 5 455580
6 11 137480
6 16 470840
7 6 705990
7 21 894050
7 5 866980
8 6 628710
8 10 16300
8 15 601540
9 12 111940
9 10 69670
10 15 1094160
10 8 16300
10 11 1199040
10 9 69670
11 4 1237080
11 6 137480
11 10 1199040
12 9 111940
12 14 415920
12 13 173790
12 15 732850
13 12 173790
13 15 908380
13 17 1021190
13 16 358860
14 17 374340
14 12 415920
15 10 1094160
15 13 908380
15 12 732850
15 8 601540
16 23 596430
16 20 295810
16 6 470840
16 13 358860
17 14 374340
17 13 1021190
17 19 192860
17 25 1002310
18 22 73570
18 25 1559880
18 19 116950
19 17 192860
19 18 116950
19 22 128480
20 16 295810
20 25 993270
20 23 720560
21 24 491220
21 23 401800
21 7 894050
22 18 73570
22 19 128480
23 21 401800
23 24 489910
23 16 596430
23 20 720560
24 21 491220
24 23 489910
25 20 993270
25 18 1559880
25 17 1002310
