0 4 89610
0 2 4580
1 2 629650
1 5 670650
1 3 158880
2 1 629650
2 0 4580
2 4 483040
3 4 180420
3 1 158880
3 5 22730
4 0 89610
4 3 180420
4 2 483040
4 11 775980
5 1 670650
5 3 22730
5 7 237580
5 6 590330
6 8 316750
6 7 337440
6 5 590330
6 11 86340
6 16 551070
7 6 337440
7 21 938980
7 5 237580
8 6 316750
8 10 55800
8 15 250660
9 12 73070
9 10 125290
10 15 755050
10 8 55800
10 11 710100
10 9 125290
11 4 775980
11 6 86340
11 10 710100
12 9 73070
12 14 557340
12 13 319300
12 15 445000
13 12 319300
13 15 569690
13 17 432010
13 16 581540
14 17 522490
14 12 557340
15 10 755050
15 13 569690
15 12 445000
15 8 250660
16 23 796010
16 20 350830
16 6 551070
16 13 581540
17 14 522490
17 13 432010
17 19 41550
17 25 872060
18 22 57680
18 25 1556850
18 19 70500
19 17 41550
19 18 70500
19 22 15700
20 16 350830
20 25 1167590
20 23 861740
21 24 344110
21 23 640060
21 7 938980
22 18 57680
22 19 15700
23 21 640060
23 24 453470
23 16 796010
23 20 861740
24 21 344110
24 23 453470
25 20 1167590
25 18 1556850
25 17 872060
