0 4 242470
0 2 71040
1 2 2509560
1 5 3068600
1 3 511030
2 1 2509560
2 0 71040
2 4 2684950
3 4 693040
3 1 511030
3 5 241540
4 0 242470
4 3 693040
4 2 2684950
4 11 3943480
5 1 3068600
5 3 241540
5 7 1717740
5 6 1770240
6 8 834640
6 7 865380
6 5 1770240
6 11 313330
6 16 1563660
7 6 865380
7 21 2575700
7 5 1717740
8 6 834640
8 10 159390
8 15 823980
9 12 262680
9 10 134520
10 15 4057870
10 8 159390
10 11 3992110
10 9 134520
11 4 3943480
11 6 313330
11 10 3992110
12 9 262680
12 14 1278010
12 13 685800
12 15 1435370
13 12 685800
13 15 3736200
13 17 3497260
13 16 1591470
14 17 1137100
14 12 1278010
15 10 4057870
15 13 3736200
15 12 1435370
15 8 823980
16 23 1905520
16 20 1184180
16 6 1563660
16 13 1591470
17 14 1137100
17 13 3497260
17 19 326110
17 25 3814590
18 22 227640
18 25 5617260
18 19 254740
19 17 326110
19 18 254740
19 22 145750
20 16 1184180
20 25 4195350
20 23 3276820
21 24 1104000
21 23 1638990
21 7 2575700
22 18 227640
22 19 145750
23 21 1638990
23 24 1405690
23 16 1905520
23 20 3276820
24 21 1104000
24 23 1405690
25 20 4195350
25 18 5617260
25 17 3814590
