0 4 110300
0 2 78430
1 2 642690
1 5 971460
1 3 137320
2 1 642690
2 0 78430
2 4 845100
3 4 144140
3 1 137320
3 5 84010
4 0 110300
4 3 144140
4 2 845100
4 11 1164380
5 1 971460
5 3 84010
5 7 684990
5 6 418200
6 8 543850
6 7 606380
6 5 418200
6 11 169890
6 16 373290
7 6 606380
7 21 838120
7 5 684990
8 6 543850
8 10 23310
8 15 476640
9 12 107630
9 10 64910
10 15 1036120
10 8 23310
10 11 1114040
10 9 64910
11 4 1164380
11 6 169890
11 10 1114040
12 9 107630
12 14 536240
12 13 214430
12 15 561850
13 12 214430
13 15 936690
13 17 1032610
13 16 369020
14 17 487460
14 12 536240
15 10 1036120
15 13 936690
15 12 561850
15 8 476640
16 23 495360
16 20 291570
16 6 373290
16 13 369020
17 14 487460
17 13 1032610
17 19 266490
17 25 1109040
18 22 99570
18 25 1381310
18 19 46890
19 17 266490
19 18 46890
19 22 172320
20 16 291570
20 25 842460
20 23 589660
21 24 464750
21 23 314160
21 7 838120
22 18 99570
22 19 172320
23 21 314160
23 24 549920
23 16 495360
23 20 589660
24 21 464750
24 23 549920
25 20 842460
25 18 1381310
25 17 1109040
