0 4 103020
0 2 84500
1 2 1126050
1 5 1152880
1 3 268520
2 1 1126050
2 0 84500
2 4 1265990
3 4 356910
3 1 268520
3 5 76270
4 0 103020
4 3 356910
4 2 1265990
4 11 1990100
5 1 1152880
5 3 76270
5 7 444500
5 6 790310
6 8 586110
6 7 833370
6 5 790310
6 11 264300
6 16 835220
7 6 833370
7 21 1363310
7 5 444500
8 6 586110
8 10 41210
8 15 595430
9 12 89490
9 10 72990
10 15 1680210
10 8 41210
10 11 1823700
10 9 72990
11 4 1990100
11 6 264300
11 10 1823700
12 9 89490
12 14 300860
12 13 120440
12 15 860360
13 12 120440
13 15 1346770
13 17 1399020
13 16 561860
14 17 474280
14 12 300860
15 10 1680210
15 13 1346770
15 12 860360
15 8 595430
16 23 918750
16 20 513030
16 6 835220
16 13 561860
17 14 474280
17 13 1399020
17 19 382400
17 25 1150190
18 22 127420
18 25 2870440
18 19 146080
19 17 382400
19 18 146080
19 22 239570
20 16 513030
20 25 1421570
20 23 900960
21 24 587550
21 23 816590
21 7 1363310
22 18 127420
22 19 239570
23 21 816590
23 24 846100
23 16 918750
23 20 900960
24 21 587550
24 23 846100
25 20 1421570
25 18 2870440
25 17 1150190
