0 4 221950
0 2 94450
1 2 2161410
1 5 3109640
1 3 218190
2 1 2161410
2 0 94450
2 4 2267820
3 4 410020
3 1 218190
3 5 207750
4 0 221950
4 3 410020
4 2 2267820
4 11 3105290
5 1 3109640
5 3 207750
5 7 1397690
5 6 2209090
6 8 637650
6 7 890670
6 5 2209090
6 11 362960
6 16 2058210
7 6 890670
7 21 1908830
7 5 1397690
8 6 637650
8 10 225710
8 15 705430
9 12 209090
9 10 155320
10 15 2689540
10 8 225710
10 11 2835130
10 9 155320
11 4 3105290
11 6 362960
11 10 2835130
12 9 209090
12 14 1299100
12 13 356750
12 15 794790
13 12 356750
13 15 2649840
13 17 2473630
13 16 1017240
14 17 1327960
14 12 1299100
15 10 2689540
15 13 2649840
15 12 794790
15 8 705430
16 23 1774630
16 20 1333330
16 6 2058210
16 13 1017240
17 14 1327960
17 13 2473630
17 19 419490
17 25 2908570
18 22 268020
18 25 4325190
18 19 346710
19 17 419490
19 18 346710
19 22 223600
20 16 1333330
20 25 3260310
20 23 2204810
21 24 1025660
21 23 983780
21 7 1908830
22 18 268020
22 19 223600
23 21 983780
23 24 1237770
23 16 1774630
23 20 2204810
24 21 1025660
24 23 1237770
25 20 3260310
25 18 4325190
25 17 2908570
