0 4 570840
0 2 303210
1 2 2589380
1 5 3650930
1 3 508550
2 1 2589380
2 0 303210
2 4 2949500
3 4 683440
3 1 508550
3 5 136230
4 0 570840
4 3 683440
4 2 2949500
4 11 4510290
5 1 3650930
5 3 136230
5 7 2080230
5 6 1875450
6 8 928580
6 7 1217840
6 5 1875450
6 11 506890
6 16 1723040
7 6 1217840
7 21 3143160
7 5 2080230
8 6 928580
8 10 307390
8 15 932420
9 12 378810
9 10 422070
10 15 4114400
10 8 307390
10 11 4352930
10 9 422070
11 4 4510290
11 6 506890
11 10 4352930
12 9 378810
12 14 1104060
12 13 1125600
12 15 1336140
13 12 1125600
13 15 3936970
13 17 3486300
13 16 2097310
14 17 1270340
14 12 1104060
15 10 4114400
15 13 3936970
15 12 1336140
15 8 932420
16 23 2437770
16 20 1407640
16 6 1723040
16 13 2097310
17 14 1270340
17 13 3486300
17 19 526640
17 25 3488910
18 22 272270
18 25 5786610
18 19 363820
19 17 526640
19 18 363820
19 22 154990
20 16 1407640
20 25 4092070
20 23 2808420
21 24 1301710
21 23 1955850
21 7 3143160
22 18 272270
22 19 154990
23 21 1955850
23 24 1602270
23 16 2437770
23 20 2808420
24 21 1301710
24 23 1602270
25 20 4092070
25 18 5786610
25 17 3488910
