0 4 252930
0 2 122760
1 2 856240
1 5 927420
1 3 603080
2 1 856240
2 0 122760
2 4 1680480
3 4 537530
3 1 603080
3 5 83250
4 0 252930
4 3 537530
4 2 1680480
4 11 2612660
5 1 927420
5 3 83250
5 7 652040
5 6 548970
6 8 398870
6 7 638030
6 5 548970
6 11 324580
6 16 455920
7 6 638030
7 21 1560020
7 5 652040
8 6 398870
8 10 128980
8 15 398410
9 12 79620
9 10 97270
10 15 2166060
10 8 128980
10 11 2302330
10 9 97270
11 4 2612660
11 6 324580
11 10 2302330
12 9 79620
12 14 531640
12 13 73290
12 15 780600
13 12 73290
13 15 1735370
13 17 1829010
13 16 415040
14 17 591430
14 12 531640
15 10 2166060
15 13 1735370
15 12 780600
15 8 398410
16 23 604440
16 20 380990
16 6 455920
16 13 415040
17 14 591430
17 13 1829010
17 19 335490
17 25 1792370
18 22 212760
18 25 2861420
18 19 194490
19 17 335490
19 18 194490
19 22 190950
20 16 380990
20 25 1445750
20 23 1058590
21 24 806170
21 23 845780
21 7 1560020
22 18 212760
22 19 190950
23 21 845780
23 24 907000
23 16 604440
23 20 1058590
24 21 806170
24 23 907000
25 20 1445750
25 18 2861420
25 17 1792370
