0 4 183230
0 2 152360
1 2 2785290
1 5 4427880
1 3 86200
2 1 2785290
2 0 152360
2 4 2768030
3 4 320680
3 1 86200
3 5 198120
4 0 183230
4 3 320680
4 2 2768030
4 11 3494150
5 1 4427880
5 3 198120
5 7 2437230
5 6 2602120
6 8 1065830
6 7 1360270
6 5 2602120
6 11 371270
6 16 2588620
7 6 1360270
7 21 2555180
7 5 2437230
8 6 1065830
8 10 151140
8 15 952250
9 12 149330
9 10 87400
10 15 3132580
10 8 151140
10 11 3224740
10 9 87400
11 4 3494150
11 6 371270
11 10 3224740
12 9 149330
12 14 712230
12 13 440370
12 15 1680390
13 12 440370
13 15 2348500
13 17 2127870
13 16 1179740
14 17 840030
14 12 712230
15 10 3132580
15 13 2348500
15 12 1680390
15 8 952250
16 23 2007060
16 20 1695760
16 6 2588620
16 13 1179740
17 14 840030
17 13 2127870
17 19 369230
17 25 2277080
18 22 195700
18 25 4122660
18 19 173310
19 17 369230
19 18 173310
19 22 246100
20 16 1695760
20 25 3864150
20 23 2378950
21 24 1504340
21 23 1302970
21 7 2555180
22 18 195700
22 19 246100
23 21 1302970
23 24 1043070
23 16 2007060
23 20 2378950
24 21 1504340
24 23 1043070
25 20 3864150
25 18 4122660
25 17 2277080
