0 4 131010
0 2 51740
1 2 926730
1 5 1260620
1 3 148370
2 1 926730
2 0 51740
2 4 981850
3 4 144350
3 1 148370
3 5 76100
4 0 131010
4 3 144350
4 2 981850
4 11 1358920
5 1 1260620
5 3 76100
5 7 759070
5 6 555030
6 8 307830
6 7 380470
6 5 555030
6 11 121040
6 16 522590
7 6 380470
7 21 799920
7 5 759070
8 6 307830
8 10 18150
8 15 284860
9 12 91490
9 10 46600
10 15 1234940
10 8 18150
10 11 1291530
10 9 46600
11 4 1358920
11 6 121040
11 10 1291530
12 9 91490
12 14 359820
12 13 210740
12 15 521780
13 12 210740
13 15 983310
13 17 1107570
13 16 438360
14 17 380480
14 12 359820
15 10 1234940
15 13 983310
15 12 521780
15 8 284860
16 23 687780
16 20 348910
16 6 522590
16 13 438360
17 14 380480
17 13 1107570
17 19 102630
17 25 1146840
18 22 83070
18 25 1630190
18 19 148270
19 17 102630
19 18 148270
19 22 102730
20 16 348910
20 25 938560
20 23 579150
21 24 473190
21 23 373060
21 7 799920
22 18 83070
22 19 102730
23 21 373060
23 24 552200
23 16 687780
23 20 579150
24 21 473190
24 23 552200
25 20 938560
25 18 1630190
25 17 1146840
