0 4 267140
0 2 71510
1 2 1599360
1 5 2223980
1 3 453800
2 1 1599360
2 0 71510
2 4 2191450
3 4 523960
3 1 453800
3 5 165290
4 0 267140
4 3 523960
4 2 2191450
4 11 3203270
5 1 2223980
5 3 165290
5 7 1262130
5 6 1309750
6 8 476190
6 7 704470
6 5 1309750
6 11 353020
6 16 1160510
7 6 704470
7 21 1971910
7 5 1262130
8 6 476190
8 10 143230
8 15 402010
9 12 303550
9 10 199560
10 15 2842260
10 8 143230
10 11 3004670
10 9 199560
11 4 3203270
11 6 353020
11 10 3004670
12 9 303550
12 14 946220
12 13 399070
12 15 922910
13 12 399070
13 15 2392960
13 17 2291040
13 16 860260
14 17 987030
14 12 946220
15 10 2842260
15 13 2392960
15 12 922910
15 8 402010
16 23 1116350
16 20 784710
16 6 1160510
16 13 860260
17 14 987030
17 13 2291040
17 19 172210
17 25 2918900
18 22 171730
18 25 3889600
18 19 238290
19 17 172210
19 18 238290
19 22 159440
20 16 784710
20 25 3090810
20 23 2356590
21 24 899340
21 23 1010180
21 7 1971910
22 18 171730
22 19 159440
23 21 1010180
23 24 1187230
23 16 1116350
23 20 2356590
24 21 899340
24 23 1187230
25 20 3090810
25 18 3889600
25 17 2918900
