0 4 119520
0 2 12980
1 2 583010
1 5 452530
1 3 123830
2 1 583010
2 0 12980
2 4 472220
3 4 137720
3 1 123830
3 5 41070
4 0 119520
4 3 137720
4 2 472220
4 11 695010
5 1 452530
5 3 41070
5 7 244700
5 6 318210
6 8 365540
6 7 427630
6 5 318210
6 11 77470
6 16 317090
7 6 427630
7 21 813060
7 5 244700
8 6 365540
8 10 78390
8 15 287680
9 12 17090
9 10 94520
10 15 772730
10 8 78390
10 11 657520
10 9 94520
11 4 695010
11 6 77470
11 10 657520
12 9 17090
12 14 226830
12 13 398500
12 15 426370
13 12 398500
13 15 673470
13 17 466950
13 16 720420
14 17 223270
14 12 226830
15 10 772730
15 13 673470
15 12 426370
15 8 287680
16 23 789890
16 20 319250
16 6 317090
16 13 720420
17 14 223270
17 13 466950
17 19 66010
17 25 561910
18 22 67330
18 25 1104720
18 19 76790
19 17 66010
19 18 76790
19 22 31160
20 16 319250
20 25 880510
20 23 671580
21 24 344510
21 23 474830
21 7 813060
22 18 67330
22 19 31160
23 21 474830
23 24 450720
23 16 789890
23 20 671580
24 21 344510
24 23 450720
25 20 880510
25 18 1104720
25 17 561910
