0 4 674440
0 2 147620
1 2 2578430
1 5 3710670
1 3 1160170
2 1 2578430
2 0 147620
2 4 3908990
3 4 1271720
3 1 1160170
3 5 228290
4 0 674440
4 3 1271720
4 2 3908990
4 11 6111290
5 1 3710670
5 3 228290
5 7 1564710
5 6 2781660
6 8 1119590
6 7 1714200
6 5 2781660
6 11 777540
6 16 2592940
7 6 1714200
7 21 3330360
7 5 1564710
8 6 1119590
8 10 152030
8 15 1203750
9 12 266530
9 10 107340
10 15 6068150
10 8 152030
10 11 6084110
10 9 107340
11 4 6111290
11 6 777540
11 10 6084110
12 9 266530
12 14 1519640
12 13 629460
12 15 3118600
13 12 629460
13 15 4138830
13 17 3970580
13 16 1305160
14 17 1349470
14 12 1519640
15 10 6068150
15 13 4138830
15 12 3118600
15 8 1203750
16 23 2108410
16 20 2124660
16 6 2592940
16 13 1305160
17 14 1349470
17 13 3970580
17 19 521240
17 25 4170330
18 22 377580
18 25 7249770
18 19 493710
19 17 521240
19 18 493710
19 22 302320
20 16 2124660
20 25 5527440
20 23 3589940
21 24 1729350
21 23 1823870
21 7 3330360
22 18 377580
22 19 302320
23 21 1823870
23 24 1747400
23 16 2108410
23 20 3589940
24 21 1729350
24 23 1747400
25 20 5527440
25 18 7249770
25 17 4170330
