0 4 276230
0 2 71120
1 2 1081810
1 5 1623430
1 3 230500
2 1 1081810
2 0 71120
2 4 1631380
3 4 317110
3 1 230500
3 5 103560
4 0 276230
4 3 317110
4 2 1631380
4 11 2424560
5 1 1623430
5 3 103560
5 7 831870
5 6 950880
6 8 381410
6 7 667890
6 5 950880
6 11 377650
6 16 977040
7 6 667890
7 21 1112760
7 5 831870
8 6 381410
8 10 74520
8 15 499850
9 12 263840
9 10 186740
10 15 2118910
10 8 74520
10 11 2193240
10 9 186740
11 4 2424560
11 6 377650
11 10 2193240
12 9 263840
12 14 716420
12 13 563300
12 15 971010
13 12 563300
13 15 1728530
13 17 1554660
13 16 993370
14 17 609670
14 12 716420
15 10 2118910
15 13 1728530
15 12 971010
15 8 499850
16 23 1299040
16 20 658580
16 6 977040
16 13 993370
17 14 609670
17 13 1554660
17 19 188560
17 25 1845450
18 22 216320
18 25 3050720
18 19 124190
19 17 188560
19 18 124190
19 22 101450
20 16 658580
20 25 1927780
20 23 1428120
21 24 859800
21 23 285460
21 7 1112760
22 18 216320
22 19 101450
23 21 285460
23 24 883510
23 16 1299040
23 20 1428120
24 21 859800
24 23 883510
25 20 1927780
25 18 3050720
25 17 1845450
