0 4 585230
0 2 32260
1 2 2159300
1 5 4433730
1 3 1055530
2 1 2159300
2 0 32260
2 4 2949920
3 4 1163490
3 1 1055530
3 5 300240
4 0 585230
4 3 1163490
4 2 2949920
4 11 4839710
5 1 4433730
5 3 300240
5 7 1467490
5 6 3470740
6 8 804730
6 7 1175390
6 5 3470740
6 11 662560
6 16 3607710
7 6 1175390
7 21 3200110
7 5 1467490
8 6 804730
8 10 238700
8 15 856730
9 12 222730
9 10 333670
10 15 4192630
10 8 238700
10 11 4363190
10 9 333670
11 4 4839710
11 6 662560
11 10 4363190
12 9 222730
12 14 974050
12 13 256950
12 15 2307310
13 12 256950
13 15 2929200
13 17 2892040
13 16 988290
14 17 1113800
14 12 974050
15 10 4192630
15 13 2929200
15 12 2307310
15 8 856730
16 23 2175950
16 20 2239710
16 6 3607710
16 13 988290
17 14 1113800
17 13 2892040
17 19 713670
17 25 2715810
18 22 150090
18 25 5347340
18 19 534170
19 17 713670
19 18 534170
19 22 297930
20 16 2239710
20 25 5510570
20 23 3282160
21 24 1364770
21 23 2043530
21 7 3200110
22 18 150090
22 19 297930
23 21 2043530
23 24 1567800
23 16 2175950
23 20 3282160
24 21 1364770
24 23 1567800
25 20 5510570
25 18 5347340
25 17 2715810
