0 4 68280
0 2 33360
1 2 840620
1 5 963190
1 3 188770
2 1 840620
2 0 33360
2 4 675120
3 4 161930
3 1 188770
3 5 17870
4 0 68280
4 3 161930
4 2 675120
4 11 924690
5 1 963190
5 3 17870
5 7 549020
5 6 487480
6 8 238830
6 7 367740
6 5 487480
6 11 170680
6 16 480030
7 6 367740
7 21 559510
7 5 549020
8 6 238830
8 10 30340
8 15 211990
9 12 57400
9 10 28930
10 15 949840
10 8 30340
10 11 814460
10 9 28930
11 4 924690
11 6 170680
11 10 814460
12 9 57400
12 14 526480
12 13 194240
12 15 539410
13 12 194240
13 15 663950
13 17 681420
13 16 460660
14 17 498490
14 12 526480
15 10 949840
15 13 663950
15 12 539410
15 8 211990
16 23 574800
16 20 265030
16 6 480030
16 13 460660
17 14 498490
17 13 681420
17 19 171260
17 25 775610
18 22 43220
18 25 1215470
18 19 102990
19 17 171260
19 18 102990
19 22 75180
20 16 265030
20 25 808780
20 23 531160
21 24 397500
21 23 190350
21 7 559510
22 18 43220
22 19 75180
23 21 190350
23 24 460010
23 16 574800
23 20 531160
24 21 397500
24 23 460010
25 20 808780
25 18 1215470
25 17 775610
