0 4 110940
0 2 25380
1 2 753080
1 5 1112100
1 3 58330
2 1 753080
2 0 25380
2 4 1285220
3 4 86870
3 1 58330
3 5 56550
4 0 110940
4 3 86870
4 2 1285220
4 11 1521500
5 1 1112100
5 3 56550
5 7 445030
5 6 779530
6 8 223230
6 7 310140
6 5 779530
6 11 112330
6 16 791520
7 6 310140
7 21 1007340
7 5 445030
8 6 223230
8 10 86770
8 15 177770
9 12 108500
9 10 35540
10 15 1532620
10 8 86770
10 11 1572090
10 9 35540
11 4 1521500
11 6 112330
11 10 1572090
12 9 108500
12 14 197160
12 13 180660
12 15 223900
13 12 180660
13 15 1541930
13 17 1521270
13 16 488020
14 17 248100
14 12 197160
15 10 1532620
15 13 1541930
15 12 223900
15 8 177770
16 23 645810
16 20 632190
16 6 791520
16 13 488020
17 14 248100
17 13 1521270
17 19 146040
17 25 1242310
18 22 16260
18 25 1670420
18 19 42720
19 17 146040
19 18 42720
19 22 30100
20 16 632190
20 25 1639320
20 23 1020190
21 24 438900
21 23 622030
21 7 1007340
22 18 16260
22 19 30100
23 21 622030
23 24 519500
23 16 645810
23 20 1020190
24 21 438900
24 23 519500
25 20 1639320
25 18 1670420
25 17 1242310
