0 4 290630
0 2 120560
1 2 2865720
1 5 4029360
1 3 491740
2 1 2865720
2 0 120560
2 4 3090490
3 4 599800
3 1 491740
3 5 178690
4 0 290630
4 3 599800
4 2 3090490
4 11 4027470
5 1 4029360
5 3 178690
5 7 1525840
5 6 3015120
6 8 2222520
6 7 2519020
6 5 3015120
6 11 352830
6 16 3173260
7 6 2519020
7 21 3754830
7 5 1525840
8 6 2222520
8 10 186600
8 15 1935180
9 12 592320
9 10 228400
10 15 3976540
10 8 186600
10 11 3996130
10 9 228400
11 4 4027470
11 6 352830
11 10 3996130
12 9 592320
12 14 2310550
12 13 959700
12 15 2799050
13 12 959700
13 15 3289130
13 17 3059310
13 16 2133130
14 17 2088970
14 12 2310550
15 10 3976540
15 13 3289130
15 12 2799050
15 8 1935180
16 23 3051730
16 20 2010180
16 6 3173260
16 13 2133130
17 14 2088970
17 13 3059310
17 19 580970
17 25 3950320
18 22 299100
18 25 7339830
18 19 333670
19 17 580970
19 18 333670
19 22 362140
20 16 2010180
20 25 5247550
20 23 3957160
21 24 1509350
21 23 2586690
21 7 3754830
22 18 299100
22 19 362140
23 21 2586690
23 24 2319120
23 16 3051730
23 20 3957160
24 21 1509350
24 23 2319120
25 20 5247550
25 18 7339830
25 17 3950320
