0 4 90030
0 2 46860
1 2 448470
1 5 692910
1 3 69580
2 1 448470
2 0 46860
2 4 508480
3 4 110120
3 1 69580
3 5 40530
4 0 90030
4 3 110120
4 2 508480
4 11 788520
5 1 692910
5 3 40530
5 7 365410
5 6 476860
6 8 301500
6 7 443260
6 5 476860
6 11 134890
6 16 483580
7 6 443260
7 21 967330
7 5 365410
8 6 301500
8 10 84600
8 15 294690
9 12 121210
9 10 57260
10 15 690420
10 8 84600
10 11 775590
10 9 57260
11 4 788520
11 6 134890
11 10 775590
12 9 121210
12 14 175350
12 13 189580
12 15 307620
13 12 189580
13 15 658380
13 17 710160
13 16 535910
14 17 208880
14 12 175350
15 10 690420
15 13 658380
15 12 307620
15 8 294690
16 23 746570
16 20 253900
16 6 483580
16 13 535910
17 14 208880
17 13 710160
17 19 122610
17 25 518650
18 22 89560
18 25 1257300
18 19 118170
19 17 122610
19 18 118170
19 22 36280
20 16 253900
20 25 1010380
20 23 791780
21 24 645790
21 23 432080
21 7 967330
22 18 89560
22 19 36280
23 21 432080
23 24 589410
23 16 746570
23 20 791780
24 21 645790
24 23 589410
25 20 1010380
25 18 1257300
25 17 518650
