0 4 750420
0 2 208780
1 2 2800230
1 5 3961820
1 3 625110
2 1 2800230
2 0 208780
2 4 3532250
3 4 782490
3 1 625110
3 5 206850
4 0 750420
4 3 782490
4 2 3532250
4 11 5215670
5 1 3961820
5 3 206850
5 7 2087160
5 6 2688930
6 8 842020
6 7 1229700
6 5 2688930
6 11 755100
6 16 2448330
7 6 1229700
7 21 3383760
7 5 2087160
8 6 842020
8 10 320640
8 15 1142360
9 12 528330
9 10 170760
10 15 4382100
10 8 320640
10 11 4667760
10 9 170760
11 4 5215670
11 6 755100
11 10 4667760
12 9 528330
12 14 1904050
12 13 891290
12 15 1438810
13 12 891290
13 15 4258500
13 17 3732440
13 16 2187770
14 17 2035790
14 12 1904050
15 10 4382100
15 13 4258500
15 12 1438810
15 8 1142360
16 23 2802510
16 20 1970930
16 6 2448330
16 13 2187770
17 14 2035790
17 13 3732440
17 19 668030
17 25 4324960
18 22 486470
18 25 6648320
18 19 300050
19 17 668030
19 18 300050
19 22 247430
20 16 1970930
20 25 4043770
20 23 2379760
21 24 2057790
21 23 1693630
21 7 3383760
22 18 486470
22 19 247430
23 21 1693630
23 24 2186360
23 16 2802510
23 20 2379760
24 21 2057790
24 23 2186360
25 20 4043770
25 18 6648320
25 17 4324960
