0 4 57250
0 2 13140
1 2 680900
1 5 861460
1 3 228970
2 1 680900
2 0 13140
2 4 603460
3 4 266610
3 1 228970
3 5 10280
4 0 57250
4 3 266610
4 2 603460
4 11 950720
5 1 861460
5 3 10280
5 7 392780
5 6 532360
6 8 177720
6 7 339930
6 5 532360
6 11 121660
6 16 594750
7 6 339930
7 21 584200
7 5 392780
8 6 177720
8 10 58130
8 15 140720
9 12 134330
9 10 41390
10 15 883590
10 8 58130
10 11 921770
10 9 41390
11 4 950720
11 6 121660
11 10 921770
12 9 134330
12 14 161990
12 13 104220
12 15 300350
13 12 104220
13 15 794800
13 17 675780
13 16 350030
14 17 212770
14 12 161990
15 10 883590
15 13 794800
15 12 300350
15 8 140720
16 23 462860
16 20 550530
16 6 594750
16 13 350030
17 14 212770
17 13 675780
17 19 173540
17 25 521470
18 22 82350
18 25 1320940
18 19 115160
19 17 173540
19 18 115160
19 22 65990
20 16 550530
20 25 1173270
20 23 648330
21 24 307500
21 23 283400
21 7 584200
22 18 82350
22 19 65990
23 21 283400
23 24 636700
23 16 462860
23 20 648330
24 21 307500
24 23 636700
25 20 1173270
25 18 1320940
25 17 521470
