0 4 105270
0 2 9150
1 2 787670
1 5 1656300
1 3 78380
2 1 787670
2 0 9150
2 4 1103130
3 4 166360
3 1 78380
3 5 58800
4 0 105270
4 3 166360
4 2 1103130
4 11 1392330
5 1 1656300
5 3 58800
5 7 538060
5 6 1190270
6 8 171200
6 7 297350
6 5 1190270
6 11 93650
6 16 1192440
7 6 297350
7 21 1161580
7 5 538060
8 6 171200
8 10 37280
8 15 163450
9 12 113850
9 10 116360
10 15 1370950
10 8 37280
10 11 1468820
10 9 116360
11 4 1392330
11 6 93650
11 10 1468820
12 9 113850
12 14 185230
12 13 230270
12 15 239530
13 12 230270
13 15 1335400
13 17 1391440
13 16 474750
14 17 294230
14 12 185230
15 10 1370950
15 13 1335400
15 12 239530
15 8 163450
16 23 845600
16 20 829540
16 6 1192440
16 13 474750
17 14 294230
17 13 1391440
17 19 229630
17 25 1210200
18 22 26060
18 25 2152810
18 19 84490
19 17 229630
19 18 84490
19 22 51850
20 16 829540
20 25 2128070
20 23 1241160
21 24 391150
21 23 835490
21 7 1161580
22 18 26060
22 19 51850
23 21 835490
23 24 409290
23 16 845600
23 20 1241160
24 21 391150
24 23 409290
25 20 2128070
25 18 2152810
25 17 1210200
