0 4 105620
0 2 105620
1 2 439600
1 5 681600
1 3 195970
2 1 439600
2 0 105620
2 4 396000
3 4 307310
3 1 195970
3 5 75820
4 0 105620
4 3 307310
4 2 396000
4 11 836470
5 1 681600
5 3 75820
5 7 349370
5 6 474400
6 8 202320
6 7 373440
6 5 474400
6 11 148850
6 16 477720
7 6 373440
7 21 780270
7 5 349370
8 6 202320
8 10 100300
8 15 99990
9 12 127840
9 10 43720
10 15 817470
10 8 100300
10 11 790790
10 9 43720
11 4 836470
11 6 148850
11 10 790790
12 9 127840
12 14 381640
12 13 127870
12 15 288730
13 12 127870
13 15 613540
13 17 555370
13 16 309500
14 17 397560
14 12 381640
15 10 817470
15 13 613540
15 12 288730
15 8 99990
16 23 464280
16 20 343880
16 6 477720
16 13 309500
17 14 397560
17 13 555370
17 19 95800
17 25 813850
18 22 63290
18 25 1295970
18 19 75430
19 17 95800
19 18 75430
19 22 30850
20 16 343880
20 25 841250
20 23 513020
21 24 589840
21 23 166860
21 7 780270
22 18 63290
22 19 30850
23 21 166860
23 24 441010
23 16 464280
23 20 513020
24 21 589840
24 23 441010
25 20 841250
25 18 1295970
25 17 813850
