0 4 122640
0 2 1
1 2 804860
1 5 1465820
1 3 112480
2 1 804860
2 0 1
2 4 1530970
3 4 174740
3 1 112480
3 5 98960
4 0 122640
4 3 174740
4 2 1530970
4 11 1765990
5 1 1465820
5 3 98960
5 7 705890
5 6 892940
6 8 152240
6 7 298580
6 5 892940
6 11 87760
6 16 855160
7 6 298580
7 21 1549920
7 5 705890
8 6 152240
8 10 27210
8 15 88750
9 12 167960
9 10 149080
10 15 1695170
10 8 27210
10 11 1782200
10 9 149080
11 4 1765990
11 6 87760
11 10 1782200
12 9 167960
12 14 654020
12 13 163620
12 15 384140
13 12 163620
13 15 1447220
13 17 1464710
13 16 423280
14 17 718440
14 12 654020
15 10 1695170
15 13 1447220
15 12 384140
15 8 88750
16 23 642360
16 20 682240
16 6 855160
16 13 423280
17 14 718440
17 13 1464710
17 19 158030
17 25 1782640
18 22 27500
18 25 2531530
18 19 137010
19 17 158030
19 18 137010
19 22 51650
20 16 682240
20 25 1987980
20 23 1288060
21 24 752620
21 23 960860
21 7 1549920
22 18 27500
22 19 51650
23 21 960860
23 24 372020
23 16 642360
23 20 1288060
24 21 752620
24 23 372020
25 20 1987980
25 18 2531530
25 17 1782640
