0 4 703180
0 2 104900
1 2 3191440
1 5 3691720
1 3 609200
2 1 3191440
2 0 104900
2 4 2938810
3 4 653020
3 1 609200
3 5 283160
4 0 703180
4 3 653020
4 2 2938810
4 11 4525700
5 1 3691720
5 3 283160
5 7 2205640
5 6 2112970
6 8 812870
6 7 1286000
6 5 2112970
6 11 654500
6 16 2006940
7 6 1286000
7 21 3176570
7 5 2205640
8 6 812870
8 10 105460
8 15 749570
9 12 505140
9 10 314350
10 15 4308950
10 8 105460
10 11 4281520
10 9 314350
11 4 4525700
11 6 654500
11 10 4281520
12 9 505140
12 14 1931980
12 13 805490
12 15 1672770
13 12 805490
13 15 3612570
13 17 2900350
13 16 1826820
14 17 1689330
14 12 1931980
15 10 4308950
15 13 3612570
15 12 1672770
15 8 749570
16 23 2170160
16 20 1883010
16 6 2006940
16 13 1826820
17 14 1689330
17 13 2900350
17 19 379010
17 25 4118420
18 22 602790
18 25 6202420
18 19 310450
19 17 379010
19 18 310450
19 22 198750
20 16 1883010
20 25 4030820
20 23 2585510
21 24 1817600
21 23 1592780
21 7 3176570
22 18 602790
22 19 198750
23 21 1592780
23 24 2095090
23 16 2170160
23 20 2585510
24 21 1817600
24 23 2095090
25 20 4030820
25 18 6202420
25 17 4118420
