0 4 569300
0 2 88770
1 2 2455060
1 5 4276550
1 3 421050
2 1 2455060
2 0 88770
2 4 2867210
3 4 618860
3 1 421050
3 5 329930
4 0 569300
4 3 618860
4 2 2867210
4 11 4303390
5 1 4276550
5 3 329930
5 7 1932570
5 6 2734210
6 8 674590
6 7 1214490
6 5 2734210
6 11 623060
6 16 2594160
7 6 1214490
7 21 2849190
7 5 1932570
8 6 674590
8 10 253800
8 15 720430
9 12 380100
9 10 191880
10 15 4268220
10 8 253800
10 11 4035370
10 9 191880
11 4 4303390
11 6 623060
11 10 4035370
12 9 380100
12 14 1277280
12 13 482520
12 15 1474270
13 12 482520
13 15 3591530
13 17 3207110
13 16 1275360
14 17 1253110
14 12 1277280
15 10 4268220
15 13 3591530
15 12 1474270
15 8 720430
16 23 2323060
16 20 1445380
16 6 2594160
16 13 1275360
17 14 1253110
17 13 3207110
17 19 486260
17 25 3545840
18 22 448220
18 25 6462280
18 19 203710
19 17 486260
19 18 203710
19 22 336630
20 16 1445380
20 25 4571170
20 23 3283210
21 24 1803750
21 23 1155250
21 7 2849190
22 18 448220
22 19 336630
23 21 1155250
23 24 1681850
23 16 2323060
23 20 3283210
24 21 1803750
24 23 1681850
25 20 4571170
25 18 6462280
25 17 3545840
