0 4 393150
0 2 107570
1 2 3450830
1 5 4402580
1 3 883130
2 1 3450830
2 0 107570
2 4 4041090
3 4 817550
3 1 883130
3 5 258030
4 0 393150
4 3 817550
4 2 4041090
4 11 5421190
5 1 4402580
5 3 258030
5 7 1625560
5 6 3133000
6 8 1001980
6 7 1329730
6 5 3133000
6 11 500770
6 16 3030690
7 6 1329730
7 21 4046980
7 5 1625560
8 6 1001980
8 10 442390
8 15 975320
9 12 356980
9 10 326990
10 15 4959400
10 8 442390
10 11 5417730
10 9 326990
11 4 5421190
11 6 500770
11 10 5417730
12 9 356980
12 14 1636970
12 13 971020
12 15 1656560
13 12 971020
13 15 4227940
13 17 4075300
13 16 1894530
14 17 2034880
14 12 1636970
15 10 4959400
15 13 4227940
15 12 1656560
15 8 975320
16 23 3123440
16 20 1861920
16 6 3030690
16 13 1894530
17 14 2034880
17 13 4075300
17 19 552070
17 25 4920430
18 22 371310
18 25 7504750
18 19 202630
19 17 552070
19 18 202630
19 22 366100
20 16 1861920
20 25 5540280
20 23 4126490
21 24 1577430
21 23 2572180
21 7 4046980
22 18 371310
22 19 366100
23 21 2572180
23 24 1816360
23 16 3123440
23 20 4126490
24 21 1577430
24 23 1816360
25 20 5540280
25 18 7504750
25 17 4920430
