0 4 63290
0 2 4140
1 2 804820
1 5 892590
1 3 65530
2 1 804820
2 0 4140
2 4 583100
3 4 161140
3 1 65530
3 5 53820
4 0 63290
4 3 161140
4 2 583100
4 11 886590
5 1 892590
5 3 53820
5 7 518260
5 6 484500
6 8 382010
6 7 396520
6 5 484500
6 11 93830
6 16 394860
7 6 396520
7 21 720140
7 5 518260
8 6 382010
8 10 43730
8 15 348570
9 12 88100
9 10 34030
10 15 889560
10 8 43730
10 11 924310
10 9 34030
11 4 886590
11 6 93830
11 10 924310
12 9 88100
12 14 367730
12 13 58530
12 15 480360
13 12 58530
13 15 757590
13 17 680920
13 16 220100
14 17 380710
14 12 367730
15 10 889560
15 13 757590
15 12 480360
15 8 348570
16 23 442980
16 20 279050
16 6 394860
16 13 220100
17 14 380710
17 13 680920
17 19 143000
17 25 770940
18 22 99780
18 25 1287070
18 19 50390
19 17 143000
19 18 50390
19 22 56060
20 16 279050
20 25 838300
20 23 591690
21 24 376910
21 23 372140
21 7 720140
22 18 99780
22 19 56060
23 21 372140
23 24 285900
23 16 442980
23 20 591690
24 21 376910
24 23 285900
25 20 838300
25 18 1287070
25 17 770940
