0 4 214510
0 2 61990
1 2 1978280
1 5 2984120
1 3 606150
2 1 1978280
2 0 61990
2 4 2099720
3 4 714550
3 1 606150
3 5 167020
4 0 214510
4 3 714550
4 2 2099720
4 11 3073650
5 1 2984120
5 3 167020
5 7 1474820
5 6 1851200
6 8 260850
6 7 518450
6 5 1851200
6 11 288680
6 16 1821170
7 6 518450
7 21 2206500
7 5 1474820
8 6 260850
8 10 153880
8 15 277280
9 12 91730
9 10 87660
10 15 2975750
10 8 153880
10 11 2903620
10 9 87660
11 4 3073650
11 6 288680
11 10 2903620
12 9 91730
12 14 667750
12 13 166440
12 15 843380
13 12 166440
13 15 2527340
13 17 2377170
13 16 694130
14 17 628320
14 12 667750
15 10 2975750
15 13 2527340
15 12 843380
15 8 277280
16 23 1904520
16 20 623090
16 6 1821170
16 13 694130
17 14 628320
17 13 2377170
17 19 500760
17 25 2131980
18 22 181530
18 25 3442800
18 19 197700
19 17 500760
19 18 197700
19 22 355480
20 16 623090
20 25 2618140
20 23 2013590
21 24 1144210
21 23 1132100
21 7 2206500
22 18 181530
22 19 355480
23 21 1132100
23 24 1157570
23 16 1904520
23 20 2013590
24 21 1144210
24 23 1157570
25 20 2618140
25 18 3442800
25 17 2131980
