0 4 268160
0 2 19470
1 2 2603310
1 5 3522060
1 3 422200
2 1 2603310
2 0 19470
2 4 2318600
3 4 624170
3 1 422200
3 5 221140
4 0 268160
4 3 624170
4 2 2318600
4 11 3503910
5 1 3522060
5 3 221140
5 7 1292620
5 6 2734410
6 8 637470
6 7 1062140
6 5 2734410
6 11 341650
6 16 2680310
7 6 1062140
7 21 2296050
7 5 1292620
8 6 637470
8 10 154170
8 15 648230
9 12 260480
9 10 231930
10 15 2869940
10 8 154170
10 11 3172180
10 9 231930
11 4 3503910
11 6 341650
11 10 3172180
12 9 260480
12 14 1185820
12 13 484830
12 15 1362590
13 12 484830
13 15 2161550
13 17 2457910
13 16 1168590
14 17 1108300
14 12 1185820
15 10 2869940
15 13 2161550
15 12 1362590
15 8 648230
16 23 2047650
16 20 1801040
16 6 2680310
16 13 1168590
17 14 1108300
17 13 2457910
17 19 375330
17 25 2637730
18 22 408800
18 25 5399600
18 19 294520
19 17 375330
19 18 294520
19 22 192870
20 16 1801040
20 25 3541560
20 23 2053260
21 24 1186780
21 23 1345790
21 7 2296050
22 18 408800
22 19 192870
23 21 1345790
23 24 1339940
23 16 2047650
23 20 2053260
24 21 1186780
24 23 1339940
25 20 3541560
25 18 5399600
25 17 2637730
