0 4 433040
0 2 145010
1 2 2474840
1 5 4455910
1 3 338610
2 1 2474840
2 0 145010
2 4 3161450
3 4 543460
3 1 338610
3 5 294220
4 0 433040
4 3 543460
4 2 3161450
4 11 4544120
5 1 4455910
5 3 294220
5 7 2356350
5 6 2732320
6 8 599430
6 7 1006840
6 5 2732320
6 11 499150
6 16 2628460
7 6 1006840
7 21 3291870
7 5 2356350
8 6 599430
8 10 435750
8 15 620300
9 12 312580
9 10 269670
10 15 3850250
10 8 435750
10 11 4274940
10 9 269670
11 4 4544120
11 6 499150
11 10 4274940
12 9 312580
12 14 2406390
12 13 1053880
12 15 802550
13 12 1053880
13 15 3793490
13 17 3898440
13 16 1959870
14 17 2582830
14 12 2406390
15 10 3850250
15 13 3793490
15 12 802550
15 8 620300
16 23 3031800
16 20 1569900
16 6 2628460
16 13 1959870
17 14 2582830
17 13 3898440
17 19 641870
17 25 5222800
18 22 436180
18 25 6884890
18 19 305740
19 17 641870
19 18 305740
19 22 224220
20 16 1569900
20 25 4685820
20 23 3268030
21 24 1899530
21 23 1770240
21 7 3291870
22 18 436180
22 19 224220
23 21 1770240
23 24 2065120
23 16 3031800
23 20 3268030
24 21 1899530
24 23 2065120
25 20 4685820
25 18 6884890
25 17 5222800
