0 4 506390
0 2 173280
1 2 2756620
1 5 5019080
1 3 1346290
2 1 2756620
2 0 173280
2 4 3315400
3 4 1440230
3 1 1346290
3 5 226780
4 0 506390
4 3 1440230
4 2 3315400
4 11 5408200
5 1 5019080
5 3 226780
5 7 1905350
5 6 3617290
6 8 857470
6 7 1459960
6 5 3617290
6 11 518940
6 16 3452450
7 6 1459960
7 21 3686880
7 5 1905350
8 6 857470
8 10 320500
8 15 996820
9 12 232060
9 10 286550
10 15 5182700
10 8 320500
10 11 5161160
10 9 286550
11 4 5408200
11 6 518940
11 10 5161160
12 9 232060
12 14 1463580
12 13 755050
12 15 1688830
13 12 755050
13 15 4603200
13 17 4334840
13 16 1989960
14 17 1922190
14 12 1463580
15 10 5182700
15 13 4603200
15 12 1688830
15 8 996820
16 23 3318330
16 20 2190810
16 6 3452450
16 13 1989960
17 14 1922190
17 13 4334840
17 19 466820
17 25 4869880
18 22 201670
18 25 7115310
18 19 271980
19 17 466820
19 18 271980
19 22 339500
20 16 2190810
20 25 5567710
20 23 3677390
21 24 1592980
21 23 2505200
21 7 3686880
22 18 201670
22 19 339500
23 21 2505200
23 24 2067060
23 16 3318330
23 20 3677390
24 21 1592980
24 23 2067060
25 20 5567710
25 18 7115310
25 17 4869880
