0 4 498220
0 2 144190
1 2 2699680
1 5 3996420
1 3 861410
2 1 2699680
2 0 144190
2 4 4232290
3 4 941290
3 1 861410
3 5 551490
4 0 498220
4 3 941290
4 2 4232290
4 11 6066170
5 1 3996420
5 3 551490
5 7 2130800
5 6 2643000
6 8 966940
6 7 1792030
6 5 2643000
6 11 847570
6 16 2581090
7 6 1792030
7 21 3687570
7 5 2130800
8 6 966940
8 10 336540
8 15 1070740
9 12 376290
9 10 341440
10 15 5843460
10 8 336540
10 11 5834710
10 9 341440
11 4 6066170
11 6 847570
11 10 5834710
12 9 376290
12 14 967420
12 13 533300
12 15 2569880
13 12 533300
13 15 4514160
13 17 4649000
13 16 1964320
14 17 1142900
14 12 967420
15 10 5843460
15 13 4514160
15 12 2569880
15 8 1070740
16 23 2714450
16 20 1537810
16 6 2581090
16 13 1964320
17 14 1142900
17 13 4649000
17 19 860310
17 25 3830490
18 22 372800
18 25 5673640
18 19 430490
19 17 860310
19 18 430490
19 22 527920
20 16 1537810
20 25 3706650
20 23 2334040
21 24 2338800
21 23 1194400
21 7 3687570
22 18 372800
22 19 527920
23 21 1194400
23 24 2344740
23 16 2714450
23 20 2334040
24 21 2338800
24 23 2344740
25 20 3706650
25 18 5673640
25 17 3830490
