0 4 426880
0 2 205760
1 2 2766120
1 5 4347870
1 3 937390
2 1 2766120
2 0 205760
2 4 3446350
3 4 1133250
3 1 937390
3 5 311980
4 0 426880
4 3 1133250
4 2 3446350
4 11 5329100
5 1 4347870
5 3 311980
5 7 2002270
5 6 2881130
6 8 843300
6 7 1123010
6 5 2881130
6 11 496670
6 16 2629410
7 6 1123010
7 21 3171490
7 5 2002270
8 6 843300
8 10 605400
8 15 859530
9 12 347140
9 10 256170
10 15 5303110
10 8 605400
10 11 5108670
10 9 256170
11 4 5329100
11 6 496670
11 10 5108670
12 9 347140
12 14 1884470
12 13 552920
12 15 2004630
13 12 552920
13 15 4391750
13 17 4080180
13 16 1774360
14 17 2058110
14 12 1884470
15 10 5303110
15 13 4391750
15 12 2004630
15 8 859530
16 23 2485780
16 20 1821240
16 6 2629410
16 13 1774360
17 14 2058110
17 13 4080180
17 19 652590
17 25 4311600
18 22 242990
18 25 7039460
18 19 335100
19 17 652590
19 18 335100
19 22 329290
20 16 1821240
20 25 4453210
20 23 2873490
21 24 1695770
21 23 1527540
21 7 3171490
22 18 242990
22 19 329290
23 21 1527540
23 24 2074620
23 16 2485780
23 20 2873490
24 21 1695770
24 23 2074620
25 20 4453210
25 18 7039460
25 17 4311600
