0 4 469350
0 2 77970
1 2 3382100
1 5 4561330
1 3 938080
2 1 3382100
2 0 77970
2 4 4460390
3 4 934000
3 1 938080
3 5 232260
4 0 469350
4 3 934000
4 2 4460390
4 11 5990400
5 1 4561330
5 3 232260
5 7 1754680
5 6 3227210
6 8 1104460
6 7 1453740
6 5 3227210
6 11 526510
6 16 3055370
7 6 1453740
7 21 3792480
7 5 1754680
8 6 1104460
8 10 401120
8 15 1096620
9 12 356400
9 10 339080
10 15 5606940
10 8 401120
10 11 6018410
10 9 339080
11 4 5990400
11 6 526510
11 10 6018410
12 9 356400
12 14 1761830
12 13 846120
12 15 1998600
13 12 846120
13 15 4643810
13 17 4448560
13 16 1951910
14 17 2131160
14 12 1761830
15 10 5606940
15 13 4643810
15 12 1998600
15 8 1096620
16 23 3111670
16 20 1953660
16 6 3055370
16 13 1951910
17 14 2131160
17 13 4448560
17 19 601450
17 25 5269030
18 22 380070
18 25 7355880
18 19 256230
19 17 601450
19 18 256230
19 22 377080
20 16 1953660
20 25 5381540
20 23 3921640
21 24 1581750
21 23 2388050
21 7 3792480
22 18 380070
22 19 377080
23 21 2388050
23 24 1964260
23 16 3111670
23 20 3921640
24 21 1581750
24 23 1964260
25 20 5381540
25 18 7355880
25 17 5269030
