0 4 207500
0 2 141770
1 2 1382770
1 5 1173060
1 3 142700
2 1 1382770
2 0 141770
2 4 1711000
3 4 188560
3 1 142700
3 5 102450
4 0 207500
4 3 188560
4 2 1711000
4 11 2208360
5 1 1173060
5 3 102450
5 7 511150
5 6 964490
6 8 471120
6 7 575990
6 5 964490
6 11 235690
6 16 767430
7 6 575990
7 21 1604640
7 5 511150
8 6 471120
8 10 117820
8 15 404750
9 12 145830
9 10 146210
10 15 1908470
10 8 117820
10 11 2134320
10 9 146210
11 4 2208360
11 6 235690
11 10 2134320
12 9 145830
12 14 817310
12 13 217610
12 15 717410
13 12 217610
13 15 1864660
13 17 1751300
13 16 756990
14 17 855390
14 12 817310
15 10 1908470
15 13 1864660
15 12 717410
15 8 404750
16 23 1064600
16 20 459950
16 6 767430
16 13 756990
17 14 855390
17 13 1751300
17 19 293030
17 25 2051780
18 22 143850
18 25 3262220
18 19 57880
19 17 293030
19 18 57880
19 22 131290
20 16 459950
20 25 1698760
20 23 1387540
21 24 773830
21 23 1007310
21 7 1604640
22 18 143850
22 19 131290
23 21 1007310
23 24 1282480
23 16 1064600
23 20 1387540
24 21 773830
24 23 1282480
25 20 1698760
25 18 3262220
25 17 2051780
