0 4 442440
0 2 210190
1 2 2787460
1 5 3636070
1 3 1195570
2 1 2787460
2 0 210190
2 4 2037250
3 4 1149440
3 1 1195570
3 5 225640
4 0 442440
4 3 1149440
4 2 2037250
4 11 3997950
5 1 3636070
5 3 225640
5 7 1529260
5 6 2629170
6 8 687320
6 7 997670
6 5 2629170
6 11 469180
6 16 2436160
7 6 997670
7 21 2513960
7 5 1529260
8 6 687320
8 10 233920
8 15 720700
9 12 409610
9 10 224270
10 15 3681470
10 8 233920
10 11 3660450
10 9 224270
11 4 3997950
11 6 469180
11 10 3660450
12 9 409610
12 14 1164580
12 13 612020
12 15 1604860
13 12 612020
13 15 2819220
13 17 2631320
13 16 1527550
14 17 1251520
14 12 1164580
15 10 3681470
15 13 2819220
15 12 1604860
15 8 720700
16 23 2846730
16 20 1131750
16 6 2436160
16 13 1527550
17 14 1251520
17 13 2631320
17 19 529000
17 25 2695360
18 22 162660
18 25 5697500
18 19 229810
19 17 529000
19 18 229810
19 22 394480
20 16 1131750
20 25 3634310
20 23 2613030
21 24 1374050
21 23 1264580
21 7 2513960
22 18 162660
22 19 394480
23 21 1264580
23 24 1820270
23 16 2846730
23 20 2613030
24 21 1374050
24 23 1820270
25 20 3634310
25 18 5697500
25 17 2695360
