0 4 200710
0 2 54090
1 2 736120
1 5 1395680
1 3 258430
2 1 736120
2 0 54090
2 4 1586160
3 4 339260
3 1 258430
3 5 77930
4 0 200710
4 3 339260
4 2 1586160
4 11 2120410
5 1 1395680
5 3 77930
5 7 584640
5 6 900770
6 8 245620
6 7 449920
6 5 900770
6 11 150910
6 16 898350
7 6 449920
7 21 1463630
7 5 584640
8 6 245620
8 10 20430
8 15 205870
9 12 106560
9 10 91360
10 15 1998820
10 8 20430
10 11 2080430
10 9 91360
11 4 2120410
11 6 150910
11 10 2080430
12 9 106560
12 14 648270
12 13 120980
12 15 641890
13 12 120980
13 15 1597970
13 17 1641720
13 16 412290
14 17 741240
14 12 648270
15 10 1998820
15 13 1597970
15 12 641890
15 8 205870
16 23 544840
16 20 808570
16 6 898350
16 13 412290
17 14 741240
17 13 1641720
17 19 218940
17 25 1788280
18 22 72010
18 25 2694730
18 19 87810
19 17 218940
19 18 87810
19 22 139940
20 16 808570
20 25 2072620
20 23 1326810
21 24 687880
21 23 921450
21 7 1463630
22 18 72010
22 19 139940
23 21 921450
23 24 551120
23 16 544840
23 20 1326810
24 21 687880
24 23 551120
25 20 2072620
25 18 2694730
25 17 1788280
