0 4 209950
0 2 74480
1 2 907840
1 5 979640
1 3 209800
2 1 907840
2 0 74480
2 4 642100
3 4 310440
3 1 209800
3 5 56840
4 0 209950
4 3 310440
4 2 642100
4 11 1173970
5 1 979640
5 3 56840
5 7 555300
5 6 546780
6 8 228340
6 7 366870
6 5 546780
6 11 186210
6 16 503570
7 6 366870
7 21 593670
7 5 555300
8 6 228340
8 10 47710
8 15 319700
9 12 59400
9 10 56980
10 15 969760
10 8 47710
10 11 1133450
10 9 56980
11 4 1173970
11 6 186210
11 10 1133450
12 9 59400
12 14 377900
12 13 284050
12 15 576900
13 12 284050
13 15 748000
13 17 838170
13 16 582120
14 17 466320
14 12 377900
15 10 969760
15 13 748000
15 12 576900
15 8 319700
16 23 713610
16 20 298600
16 6 503570
16 13 582120
17 14 466320
17 13 838170
17 19 93090
17 25 949990
18 22 75970
18 25 1213950
18 19 93460
19 17 93090
19 18 93460
19 22 43120
20 16 298600
20 25 900820
20 23 612900
21 24 367090
21 23 331090
21 7 593670
22 18 75970
22 19 43120
23 21 331090
23 24 455540
23 16 713610
23 20 612900
24 21 367090
24 23 455540
25 20 900820
25 18 1213950
25 17 949990
