0 4 557950
0 2 220900
1 2 2918470
1 5 4368300
1 3 613850
2 1 2918470
2 0 220900
2 4 3781820
3 4 898970
3 1 613850
3 5 252200
4 0 557950
4 3 898970
4 2 3781820
4 11 5286700
5 1 4368300
5 3 252200
5 7 2303740
5 6 2874570
6 8 840410
6 7 1091490
6 5 2874570
6 11 598970
6 16 2735770
7 6 1091490
7 21 3392080
7 5 2303740
8 6 840410
8 10 305510
8 15 966040
9 12 449050
9 10 257310
10 15 4701850
10 8 305510
10 11 4972460
10 9 257310
11 4 5286700
11 6 598970
11 10 4972460
12 9 449050
12 14 1519670
12 13 872460
12 15 1890810
13 12 872460
13 15 4037550
13 17 3376240
13 16 2203240
14 17 1615400
14 12 1519670
15 10 4701850
15 13 4037550
15 12 1890810
15 8 966040
16 23 2781530
16 20 2221450
16 6 2735770
16 13 2203240
17 14 1615400
17 13 3376240
17 19 474890
17 25 3907670
18 22 442570
18 25 6670810
18 19 343670
19 17 474890
19 18 343670
19 22 257770
20 16 2221450
20 25 4786010
20 23 2867870
21 24 1985020
21 23 1857190
21 7 3392080
22 18 442570
22 19 257770
23 21 1857190
23 24 2078640
23 16 2781530
23 20 2867870
24 21 1985020
24 23 2078640
25 20 4786010
25 18 6670810
25 17 3907670
